TETRIS: height 20, width 10. Noise: (50.0, -0.1)
Generation 1: 40.0 --- {23.88071366222812, -20.16557217108437, -5.17637582680655, 0.34238578719714813, -0.27466438991395514, -4.793326499711446, -7.769637596902731, -16.12681079439649, -1.5348657578770792, -10.897006980016144, -3.568406944013593, -10.424433547546402, -7.183371976244009, -10.207505403265124, -11.624395461117867}
Generation 2: 36.0 --- {8.653842684976594, -5.338043555004233, -4.166945850598193, 5.180621226430414, -18.406073450992302, 5.26344685053739, -3.475299068012879, -9.850008938022068, -6.3393135625505765, -7.110011248850647, -12.872300751456988, 8.17581661610599, -8.0888182286413, -12.8014492695164, 0.880556861181183}
Generation 3: 209.0 --- {16.116661922125203, -14.207598708343685, -3.9305252025810993, -12.12134963631844, 3.4671365777314165, -7.595939902186901, -10.752243896126764, -3.2138918097554976, -2.7188506752002475, -7.107041367601235, -5.302088144071, -13.99239349615803, -14.708945123494987, -10.619016277630172, -8.818906807011693}
Generation 4: 782.0 --- {10.263041579066389, -14.91361400315538, -2.5601226832486677, -5.93418045942739, 8.270097512604556, -11.091920901995517, -10.561320457039724, -4.769555887052339, 0.7339683001255741, -17.124049251231934, -26.576933854003137, -14.6633609612999, -25.290763461469282, -18.2889977614137, -8.400470333001776}
Generation 5: 1087.0 --- {-7.456789157221239, -4.269137286117633, -11.168616316606405, -21.57655507972713, -10.863691822130754, -6.411735860545437, 1.229062367664218, 2.2567025955728717, 2.9922092812550485, -23.048853956441526, -34.07322888599586, -18.474884175371486, -8.259078491186774, -11.722840162959372, -1.881715796074979}
Generation 6: 6752.0 --- {5.521562263833407, -16.78875811287412, 2.1932908322129467, -16.59216743402346, -7.874186744178843, -4.467818935682945, -3.9887388216863, -15.104079194900384, -3.8849816865837434, -5.2144216295298556, -40.66670633157697, -15.528982959939421, -18.30428295273989, -14.174688242603999, 0.9888671196014174}
Generation 7: 14935.0 --- {4.835679053613989, -5.565594983485233, -1.7633394101810826, -3.594085625980046, -8.89436751961836, 4.091072056846175, 3.16693355417242, -1.9980572698552646, -6.182540342400146, -2.7316807799348624, -34.42766161003452, -1.8701170599274697, -10.595534895518597, -20.126392137309384, -6.006289164729383}
Generation 8: 15555.0 --- {0.7149760546914876, -12.179612729688792, -9.907842294463073, -18.679608685450575, -4.184340776232331, -6.599134321741749, 0.20524182112253575, -9.103989145703096, -6.502348438728033, 1.3664602304590598, -36.975233964020546, -19.7484024576006, -36.22117422553859, -15.793075601203862, -6.890395290388062}
Generation 9: 20431.0 --- {6.335541493338887, -1.5789183528621589, -18.527388010883655, -13.654363473626034, -13.455064837738155, 1.849010754927784, -9.521382537192082, -6.801235739074677, -0.35322377407298655, -4.668571481747742, -56.64534482574445, -9.92127891506609, -38.80387605333384, -39.80421160682879, -6.2683951567018}
AVG PERF OVER 50 TRIALS: 3042.76
Generation 10: 11872.0 --- {17.605043410092048, -4.759719401603965, -3.412415652621444, -14.195901698314074, -21.145046954935594, 8.443665815273988, 9.04102772044682, -13.82703297872219, 13.072621491709535, 10.211104635771653, -51.75139668619187, -26.557523628884603, -51.85645177138089, -48.28020528381191, -28.120129601630836}
Generation 11: 42549.0 --- {6.4735826359357995, -11.367860854840265, -3.6446159247077308, -12.20113694288376, -6.343866845347421, -11.427318536398012, 7.486303483392246, 0.290540028140823, -10.392692584895961, 0.1080913891980595, -51.59805226355024, -9.339100494489664, -37.225242615843094, -27.77944245319791, -7.592353428312045}
Generation 12: 9750.0 --- {12.70955828646456, -17.210223165064505, -8.976768507368716, -9.294116893260837, -15.383671948040764, 2.084935253704371, 3.8951505509556776, -1.8073863210810561, -1.977970730728435, 4.908231424848304, -60.873358116838396, -1.2631531379879952, -38.1159961244655, -26.90869881806431, -20.06031573235017}
Generation 13: 42153.0 --- {9.74794855757548, -18.008944522455764, -6.914870708732509, -6.528337678764257, -7.769905956597178, 2.528295541185866, 9.62930819370602, 7.1643097776964835, 1.0054304154795328, -4.4520833918305245, -63.339063495927, -16.5283483338864, -46.335164677745524, -31.492937860990594, -23.545954530844224}
Generation 14: 88164.0 --- {9.74794855757548, -18.008944522455764, -6.914870708732509, -6.528337678764257, -7.769905956597178, 2.528295541185866, 9.62930819370602, 7.1643097776964835, 1.0054304154795328, -4.4520833918305245, -63.339063495927, -16.5283483338864, -46.335164677745524, -31.492937860990594, -23.545954530844224}
Generation 15: 47781.0 --- {13.80879850458631, -32.8680672682796, 4.353010933355041, -7.514023786611235, -8.46500129231555, -3.0523909519066925, 1.8644970111025465, -0.8870498012233026, -9.563755291548453, -11.361255646601238, -72.01086993998457, -12.241028037293235, -29.56734682549766, -24.913808705793866, -20.219730285177835}
Generation 16: 73851.0 --- {12.140322626284092, -12.1818574591458, -12.614581962633407, -10.005313331655843, -10.362502751111276, -17.865189545331834, -1.6189709220139203, 8.357786392216756, 12.78883089551126, -6.694857695431393, -83.94985569316592, -16.233065638862648, -33.412968752407465, -32.75882208152713, -21.926247487812148}
Generation 17: 144800.0 --- {12.477611360829806, -11.39441782001824, -4.629511804337529, -10.775456443534988, -7.5575039013844805, -3.542094992343911, 4.546209126138737, -2.602397247405955, 11.384317927156117, 8.187210506110093, -82.28000655263924, -19.6717496125097, -55.00179722948644, -41.41235237660665, -32.845337313253324}
Generation 18: 105206.0 --- {30.631127405499576, -31.08268759905431, -3.763665180891648, -3.1613675438298485, -14.678552997246406, -6.403370904647872, 4.511097563258525, -4.205119350554009, 6.4139430528307155, 1.3444252071770744, -86.69310236844291, -14.268071520119822, -38.4360515678589, -36.60075735659144, -22.56684507807049}
Generation 19: 69292.0 --- {23.20055429422164, -26.16412370628563, 1.0114247868057573, -9.088999458392554, -12.246784276036593, -2.5259279735667226, 3.640311363165776, 8.440471584788922, 2.7596530869411695, 7.356242125942386, -68.94300663862842, -21.749919742164742, -35.479980710449745, -33.94628197649988, -12.301498989209335}
AVG PERF OVER 50 TRIALS: 44729.42
Generation 20: 167001.0 --- {23.20055429422164, -26.16412370628563, 1.0114247868057573, -9.088999458392554, -12.246784276036593, -2.5259279735667226, 3.640311363165776, 8.440471584788922, 2.7596530869411695, 7.356242125942386, -68.94300663862842, -21.749919742164742, -35.479980710449745, -33.94628197649988, -12.301498989209335}
Generation 21: 86287.0 --- {26.12242684651672, -27.7004507464349, -13.698782159650488, -21.623785232140722, -5.688755993888177, -8.361658551701344, 11.41738577090824, -8.210372060106065, -5.402554638676233, -28.393830540833463, -100.03676110405812, -22.763734703916256, -53.45956134713398, -42.059926218663406, -19.53856839801362}
Generation 22: 72285.0 --- {16.5142170892735, -21.462039026801442, -1.6400621750551103, 2.957951180553396, -9.995690807116599, -4.0902659052867865, 13.645253102946965, -4.400575745521379, 7.834421407460663, 2.878341105641571, -80.51678314543986, -18.447310985913955, -45.59720381553861, -45.110101847593924, -24.203210035616284}
Generation 23: 95480.0 --- {16.5142170892735, -21.462039026801442, -1.6400621750551103, 2.957951180553396, -9.995690807116599, -4.0902659052867865, 13.645253102946965, -4.400575745521379, 7.834421407460663, 2.878341105641571, -80.51678314543986, -18.447310985913955, -45.59720381553861, -45.110101847593924, -24.203210035616284}
Generation 24: 159520.0 --- {22.095126144069766, -22.349695433101793, -12.096873416392768, -0.4761191915959033, 4.645029566107545, -22.436712436404328, 8.535163035207866, -26.967185099512314, 1.0989849243322634, -5.701417709268328, -103.5176700555619, -22.1663477045565, -45.86529560559275, -28.954626366261216, -9.44047971770198}
Generation 25: 294048.0 --- {22.746482387483276, -26.284573184008366, -13.001460138853842, -10.50605220443665, 5.566319632091138, -8.513988015959852, 10.722640336809576, -10.595776418377547, 1.1554644999164263, -4.492658492661541, -97.7685697577296, -32.14360170388679, -43.9297437306679, -36.96397648565776, -9.65004618405441}
Generation 26: 227993.0 --- {39.774535432088584, -39.00557518688697, -12.570586294753697, 2.5107295316256026, 1.4347392668143968, -16.790526197147422, 1.2418076510525236, -6.201340058984308, -2.1058979771586968, 1.5956355680989258, -112.3637741105452, -17.004532344330606, -45.953876195703955, -43.73825556221662, -14.859957673228175}
Generation 27: 250911.0 --- {39.774535432088584, -39.00557518688697, -12.570586294753697, 2.5107295316256026, 1.4347392668143968, -16.790526197147422, 1.2418076510525236, -6.201340058984308, -2.1058979771586968, 1.5956355680989258, -112.3637741105452, -17.004532344330606, -45.953876195703955, -43.73825556221662, -14.859957673228175}
Generation 28: 395744.0 --- {31.144802227009812, -35.03424189901737, -3.178053080679125, -9.01956733403037, -4.298635964426251, -6.2635239438404025, 8.402954933521865, -2.13756604461659, 15.005365173436353, -4.642322950512861, -106.21027257428503, -19.300756709257413, -39.71058218124385, -43.85374995391185, -23.088499769825578}
Generation 29: 357543.0 --- {37.487802172647584, -32.15359673390588, -9.221882966300287, -1.0992795446042098, 4.328759742388602, -5.517648294384313, 6.238734502934757, -8.41451624247148, -1.573621304439281, -3.516407752117406, -108.35058598937307, -23.893274378944493, -40.39959294762229, -44.36272732050685, -11.787840326796829}
AVG PERF OVER 50 TRIALS: 208894.5
Generation 30: 548017.0 --- {36.587789375518064, -29.785794462361544, -2.394871856868021, -12.678268593328973, 3.3197717007540746, -14.60067507388238, 7.517845424786316, -15.258522919769003, 0.5469655841875443, -3.9418966473915273, -102.82220530955908, -32.20746793136888, -49.669612962177645, -29.697451052060025, -24.27399633370256}
Generation 31: 263726.0 --- {31.934843749927367, -34.27025145647889, -2.31786310548428, -4.777438202868993, -8.438937093761991, -13.955069919942243, 8.278566514852018, -5.024949252726008, 7.425063673520018, 2.805957840441758, -102.20775161862315, -40.16646774229045, -55.15012136473354, -31.309742639693123, -23.44887845496025}
Generation 32: 296673.0 --- {30.64526842664712, -37.76431859827944, -9.501267565208593, -15.115027039782614, -1.2300552874774917, -3.557966845405021, 12.024867998842417, -20.657452887342817, -3.992752831370392, -1.880511401753796, -108.48573351611434, -8.158795312648753, -68.96760219504947, -56.074338997258465, -20.71281844090711}
Generation 33: 164450.0 --- {38.128460972521694, -41.13312757172809, -15.440865042840581, -14.98153194129797, -1.3431472498436863, -10.399750808040647, 12.317118198200296, -8.810739475286299, 0.334939269821648, -10.307031558201196, -99.52483035532036, -23.499754103855178, -55.8030464216514, -40.28695933635381, -24.971548099022343}
Generation 34: 210197.0 --- {39.81603094531292, -45.3092272422543, 2.180663408068197, -14.319321324231742, 9.863469305173759, -6.425579472064522, -1.0210148652601827, -11.099169253148684, -1.874351843765539, -6.479480019415489, -129.74090156078978, -29.063862476951936, -61.63313265484388, -59.24196829780116, -25.425314532368166}
Generation 35: 232349.0 --- {27.987489538869383, -37.24323198873021, -5.58869713137195, -16.348118566276618, -10.503207333919406, -0.24661546077737562, 10.805052163933613, -9.526100470506972, -10.143978544778337, -5.508983876004675, -119.67502621278453, -27.985806787332784, -64.30366454013537, -59.273470427167105, -27.807757033995813}
Generation 36: 156265.0 --- {42.92666725292517, -37.652145195707426, -2.182817224082313, -5.609345294788337, -9.231820465195504, -17.81898835157175, -13.90990595714211, -13.40072331253436, -27.050215853126286, -9.336466690557806, -116.83210587886609, -25.28912933028653, -62.868066829738595, -33.9603816880111, -11.368587742402932}
Generation 37: 187376.0 --- {38.209295146532796, -34.65214113737858, -11.54470445061936, 2.7681793556255307, -7.778692316561064, -8.129941221791583, 3.711684165996137, -34.503036980659786, 0.3424817061860983, -14.092327738826754, -124.04325889135939, -21.72872275794443, -63.70219100696365, -44.381282953981504, -19.04798784478723}
Generation 38: 454086.0 --- {32.76315105819179, -40.81735992029328, -2.8969623191273737, -18.548893077481235, -4.285904775762184, -3.933272350296259, 7.3669024290076415, -15.16837269567766, -6.0253479336914575, -3.6319298079819164, -120.77682995881864, -20.795591751833157, -73.66602708185627, -56.94493008107146, -20.031667946006465}
Generation 39: 248862.0 --- {37.04037890449177, -33.85317916661554, 4.198482064857847, -13.900815761952103, -1.9716184017375857, -1.6575820029922732, 13.208292709989294, -14.264740277733742, 1.623567397541548, 12.073569369887318, -133.3686912959845, -30.406961352737298, -63.35021535617228, -55.13633532309065, -30.10212197312516}
AVG PERF OVER 50 TRIALS: 59848.28
Generation 40: 366087.0 --- {33.6907433185974, -22.82555042853903, 5.537841134977873, -6.5975108541613015, -14.381404019635102, -10.293573528702765, 9.048890390763344, 0.5130869540242742, -3.511523345015444, 2.354251997805388, -128.5216290576085, -43.44330269550091, -88.58826730511613, -62.76124317165355, -21.184276890369105}
Generation 41: 367918.0 --- {44.07541632924074, -28.723994776859964, 4.216603628927713, -9.28724417289512, -6.820832386770038, -1.8120282763695648, 4.628431212583529, -10.891861401926668, 9.666680072524823, 7.493266173877703, -123.36196520095775, -34.256865878136296, -65.31683971585579, -36.89212185200272, -37.39200458401306}
Generation 42: 215755.0 --- {48.37951008075389, -42.56776169859013, -19.882446677920772, -9.9140963654521, -8.90910092333437, -5.523191111493398, -4.06822726506575, -6.734805315318771, -2.5233308552197236, -3.4194527491886793, -125.40909043387919, -14.766955839776863, -62.14577796859826, -52.40459290776247, -37.15363540738073}
Generation 43: 181848.0 --- {30.244805515542005, -26.500477160834812, 3.9286861280874414, -7.206309098454821, -12.8253254200783, -23.45996134563995, 3.357669581612979, 7.431205105094712, -2.5244043957086513, 9.344171686380184, -130.65612367589247, -32.35754017102872, -69.33926460774458, -52.099190322058796, -40.94873579088569}
Generation 44: 370799.0 --- {41.5998232591745, -38.38918833424469, 10.085486334123075, -12.200777772794108, -19.482997926716966, -21.579070441382015, 10.853658960728428, -15.195663909025791, -9.08291536158442, -12.027159193838934, -131.301561908923, -41.92476548242824, -70.67823851660683, -48.21690832948297, -38.229006765027606}
Generation 45: 232776.0 --- {28.00153641307603, -32.90333117853948, 10.156061928102911, -22.405859434277033, -21.445731023530463, -24.709410742242948, 10.692780031578183, -8.370027211139734, -1.3472279310507935, -4.848326720238351, -125.1171843341074, -35.51718364595067, -64.6019325777529, -43.83101886975796, -37.15045217116287}
Generation 46: 551448.0 --- {38.97702960684633, -36.16052781409838, 6.774351139572509, -15.851982079332794, -13.895164713337362, -16.483754388843806, -2.414296008326973, -16.591756894931326, -14.979397184096307, -6.125868436999012, -135.23178018614362, -38.2081700215942, -62.3568886945651, -43.340081447408146, -37.196260964769515}
Generation 47: 541494.0 --- {29.7836595636445, -45.3491682672219, 3.9379417524287077, -15.141596612950416, -12.406983150820267, -11.556195277172884, 7.564142173680396, -5.028733713185411, -6.115271103872847, -1.909409736088441, -133.35864920450643, -32.693902890182926, -63.87933502166763, -42.03804517626008, -43.35070471664074}
Generation 48: 266568.0 --- {38.97702960684633, -36.16052781409838, 6.774351139572509, -15.851982079332794, -13.895164713337362, -16.483754388843806, -2.414296008326973, -16.591756894931326, -14.979397184096307, -6.125868436999012, -135.23178018614362, -38.2081700215942, -62.3568886945651, -43.340081447408146, -37.196260964769515}
Generation 49: 288441.0 --- {40.08146818519593, -37.818144103519245, 8.562900560337708, -16.88429002028645, -8.923091007858211, -27.25697777464937, -2.3757640237384283, -15.47918726687222, -2.6889060558402322, -2.5666333940033788, -146.69200114140259, -43.09174943059898, -78.96365949321321, -53.973951235360744, -27.861920899326766}
AVG PERF OVER 50 TRIALS: 59714.64
Generation 50: 243352.0 --- {40.71247619999894, -37.51574902117439, 4.515392413707904, 1.4963023663447999, -2.103315615871189, -24.46452459334961, 7.456608802880763, -13.450073453815094, -15.579223280908913, 3.183910968290876, -147.77824924969394, -31.936982082829836, -65.18352464686062, -39.7091692347434, -24.986402919453923}
Generation 51: 820804.0 --- {44.42654945329312, -52.4132044138778, -5.511465022966604, -4.226844925153317, -20.074314927147835, -22.944536652502777, -1.7983768303501755, -16.71308379804806, -14.245543540259082, -12.491843806520894, -149.8729907534364, -31.75249875386695, -78.18670381105443, -45.892276834663036, -29.777840831750897}
Generation 52: 429502.0 --- {28.309714930636634, -31.664969009819675, 1.9793356416962196, -12.673996583779301, -8.149647764977951, -18.39143907208126, 4.944616796657496, -11.298776116147055, -22.108349482110246, -2.5487686303239894, -144.51548968322717, -31.255963005511752, -64.90311844499055, -36.31189562697983, -38.10068863725928}
Generation 53: 410324.0 --- {51.15187239358192, -44.336766987377615, -8.008634355358462, -1.9623953001617025, -7.56448609792738, -27.16565087987102, -9.87058416712685, -13.699534112922347, -17.950099820182153, 4.260776574064844, -154.67493544507673, -49.07806201442791, -67.52651197622492, -33.007397698637895, -40.47531740994363}
Generation 54: 787137.0 --- {48.83729996099106, -37.29786471798421, 1.3378829260947636, -4.186751928309652, -9.917138423700123, -24.20358431609597, -3.6966316461161695, -9.71360085734213, -6.383208763821946, 1.6399910982573678, -167.2079503157646, -35.68218217954551, -57.7833976702576, -39.949359822255744, -38.15885528563376}
Generation 55: 627031.0 --- {38.613973879715346, -38.65889605493733, -4.664606323457527, 1.0887608119516994, -8.555365704432312, -17.80429897133662, -2.2135376581722515, -14.850965896333154, -7.84186709599536, -21.517526922103162, -145.83040076924092, -32.29282850253958, -58.82981615851859, -41.13465146282634, -31.04968536721955}
Generation 56: 648784.0 --- {56.39555783925552, -48.37380486081899, 0.35767158734569815, -14.71281776103999, -12.510778913655367, -38.31801688798273, -9.617823722466765, -14.476330882598674, -13.804250019130468, -18.8096209366558, -142.69843139009367, -33.29049975648351, -82.11075983459102, -49.726691762233244, -29.038350303096713}
Generation 57: 506823.0 --- {43.81792843377874, -50.4858982306433, 7.309346210754258, -19.645209212799713, -8.30562478425397, -23.73882233312213, 7.426526602201875, -20.608271979259452, -7.2929984141924935, -5.949288603679907, -148.92230479071998, -42.759880982442596, -57.955654236275564, -41.59805497356636, -24.58907317868938}
Generation 58: 362754.0 --- {46.542817864627196, -45.75118334664908, -16.49453396164283, -6.524195460230289, -16.744100092106386, -33.19203675805436, -2.7375892408809643, -12.720681718230852, -5.891458863527444, -10.036510254323344, -151.73183887405327, -41.74259164810938, -67.90999627868761, -43.76891262606958, -39.399257121888354}
Generation 59: 645305.0 --- {50.130453998897195, -35.94753485554333, -11.114934577783437, -6.7613880994563775, -4.986653830634508, -31.03805702865108, -16.83472682087932, -9.618263618054403, -7.484274954556992, -23.37684098394921, -165.79478404989362, -26.770381819172194, -79.58855562183209, -44.44597186233519, -45.195294452433444}
AVG PERF OVER 50 TRIALS: 174633.2
Generation 60: 638026.0 --- {50.05812515930126, -39.70653393193104, -4.367561033824979, -23.164314023742094, -5.083052979508209, -33.98360321586918, 8.045549006358968, -9.971106305915974, -6.723625881748551, -12.385811648284092, -168.46526577212032, -28.615001697790248, -52.55707669065161, -46.69127709045191, -33.57495397755362}
Generation 61: 375216.0 --- {51.71104568271661, -44.83115284036052, -7.663777188970275, -8.311887522872713, -10.260812036103818, -38.01638767087774, -1.2306850110138035, -31.102529295300823, -14.424884975407952, -25.32567540897191, -163.93176764180313, -31.60849847692538, -79.00313592591236, -47.66515576007278, -46.48787294878326}
Generation 62: 847597.0 --- {57.49472104876418, -36.71233359909588, -4.376512258344064, 4.731042312295786, -7.3130809072281355, -23.274541443089333, 6.601405524767764, -20.26919341260962, -15.617184364079037, -6.6394250722662775, -159.29801924708264, -36.245741983582235, -61.6007144137393, -43.31523330385454, -25.307884610323043}
Generation 63: 369756.0 --- {49.97689919447989, -39.18564223768198, -6.446970103336342, 3.6493028368814544, -11.297423070622495, -27.540026897354444, -8.033727855904834, -22.538939312458456, 6.134237155758683, -4.800355729407971, -153.58488028878162, -46.74687234260538, -78.93975784668876, -56.65192322441756, -45.65199015644254}
Generation 64: 812112.0 --- {54.672104664762955, -45.93417849875855, 4.821187563464278, -0.8112328493674763, -9.815013352222696, -24.969706463119664, -15.065449442590474, -24.957949840232146, -17.48960054301723, -25.970507755782126, -167.0516680605726, -30.376806086983407, -85.41959916842748, -40.94551365375812, -49.159032984120174}
Generation 65: 551410.0 --- {59.194587691593185, -39.31060539726489, 9.139092256148198, -18.764365465824863, -16.58691834581554, -39.62190630787124, -1.5098851421918498, -17.77892194040079, -16.87533514859166, -8.331179838786564, -168.8398314032425, -44.94833699121399, -67.5816171640755, -27.528658511259213, -48.07263117182024}
Generation 66: 597955.0 --- {55.655437418044464, -49.068607856963936, 8.541606993859316, 2.7050713771392294, -16.643875905889338, -51.85610172559021, -23.59179061152336, -13.545223221439315, -22.415316091488965, -27.219898221613533, -174.1066843926837, -55.686519073564625, -79.59507567569482, -33.85714397717804, -29.615613019477827}
Generation 67: 505687.0 --- {46.17032545636306, -40.79076353371254, 8.320239572530491, 9.532301738286717, -21.28007782604319, -38.917938573653636, -20.80748307154631, -16.131995353960665, -18.616949674198057, -12.761156915273439, -193.96514459828668, -42.414309811597036, -52.382088255113615, -39.33489964093806, -34.15398597954251}
Generation 68: 530851.0 --- {39.47049779659159, -48.58924962926651, 1.8235400924183622, -16.757913280938507, -1.9829102608071132, -30.557011435157936, -12.571524921864548, -17.471430779563285, -18.657792364968316, -18.62254885939184, -175.32882467043865, -24.08105772569992, -71.65996613649561, -45.60566892305479, -47.63728264715286}
Generation 69: 1213995.0 --- {59.929895658789015, -55.43123529173238, -6.283398556329887, 1.5654214649549356, -1.754022854014618, -37.320858128064344, -18.607546731184513, -25.233296089796212, -19.281204540709798, -23.26888100524941, -173.38318915960127, -28.065074403776016, -60.599902717854015, -29.56114791861074, -34.03504681110728}
AVG PERF OVER 50 TRIALS: 206420.56
Generation 70: 758922.0 --- {64.05156012172833, -61.07427246714539, 2.887250160829244, 0.3809873782188049, -3.1194597204199535, -35.04853109029729, -25.416797034998467, -16.984553046152683, -26.72811853891498, -14.146225227036684, -186.7081089271368, -38.29437301732685, -67.19169496173083, -37.11820994065332, -43.52035865191235}
Generation 71: 815582.0 --- {50.19454624996539, -54.018122887968346, 3.914516985815051, -5.479683740030271, -17.053865553188576, -36.242579084316674, -10.069241866435643, -14.085413883922968, -17.117831894498423, -2.1057540289457535, -191.06790200453204, -36.12604847171743, -50.245457374424724, -44.08500077315541, -39.37839197246766}
Generation 72: 721860.0 --- {50.58700545475368, -28.20222381408091, 13.049776323304066, -1.6318975435673568, -1.0816395077834935, -33.275648693908295, -19.020853657692168, -27.914069018252867, -8.127192038257462, -12.634254058957609, -214.86978238300787, -47.97184318757713, -46.31582237315621, -35.159808259736046, -41.53648499506105}
Generation 73: 737839.0 --- {50.89758245300517, -41.191927392023516, 12.40841039176539, -12.9281463722793, -10.462186890442789, -22.940155148845008, 2.588235779079369, -9.740736817043434, -0.6892991106483102, -29.56128112673548, -186.98241373558332, -49.037356258539575, -68.31045089361407, -35.13349359464839, -67.60484140245133}
Generation 74: 1081616.0 --- {73.10761331127779, -44.01148755849461, -8.088931589074402, -8.551050708747411, 2.6309698854214094, -37.916954966338814, -5.706610648785327, -27.483305519783443, -8.408438207233225, -24.187138186252195, -194.60248808339333, -46.76972369609819, -61.490926938550025, -41.67791310364122, -46.135201164227034}
Generation 75: 1044748.0 --- {54.60939972326002, -51.56188922538292, 5.333517029693562, -11.609927322398063, -11.513034815160825, -21.378344748467335, -7.0181619929009855, -23.736754543310045, -12.476164789161222, -23.084865958482546, -198.7362215763115, -26.950503729877482, -48.025136290899724, -43.31217291056134, -42.506026168716986}
Generation 76: 955497.0 --- {55.96688459273665, -38.69887956560231, 2.5537191477824592, -2.593458849013258, -20.779167094416096, -25.74165266554741, -3.7293810211936202, -11.392060340529515, -10.72997919150946, -9.944700664432911, -194.02933856003608, -31.817861489321633, -36.23111183669753, -42.50584331488741, -42.54037683487836}
Generation 77: 570162.0 --- {63.34743625394877, -39.956685777071456, -7.903223582407659, -11.761085288514028, 2.332933359480786, -21.586670104929226, -7.62092477087611, -23.305258334344362, -13.858638398683162, -20.199482287663365, -195.88296262910967, -53.62960105456811, -62.18646121079912, -45.506538128076556, -39.04612721732618}
Generation 78: 765116.0 --- {71.65108089681648, -31.979483010594826, 3.670450149203859, -6.656870781977572, 1.9545946906512146, -24.56705438018155, -7.567010428305236, -26.960727668722537, -16.64653598772174, -9.471099220600848, -199.9948100064071, -50.23203438329323, -76.32153116013929, -44.646424650937014, -55.143346241004664}
Generation 79: 1028684.0 --- {60.637228816548266, -66.01127631002745, 1.6731981878887545, -14.51324054842631, -9.31025835411499, -26.28891572867432, -2.6448199946600432, -21.91542549170455, -17.88642738729576, -10.274349937964816, -215.20818647077755, -43.055916183635574, -69.54712391076873, -40.52640142702202, -59.89706196697827}
AVG PERF OVER 50 TRIALS: 469689.64
Generation 80: 794330.0 --- {55.38834183321328, -45.63430871995783, 4.739946916075475, -16.953434828569012, -7.446578544746886, -30.817420164093875, -6.997186358908976, -23.30029880533494, -19.178802988372325, -14.971699430367371, -211.0718265552381, -44.20770341895492, -55.486059640080846, -42.25451862734884, -42.690414907761465}
Generation 81: 905076.0 --- {61.214701184872034, -46.61188056137705, -0.4278071951185831, -10.46640717149717, 3.6093305408153933, -19.284532678214678, 5.940911130119677, -23.97686192983321, -17.98559128820217, -7.389962070170453, -186.43044937189111, -35.620607255344815, -48.6385279199942, -43.72322652394766, -42.05933620334143}
Generation 82: 709437.0 --- {56.624866668009815, -48.193521557574535, -7.453083042493835, -9.120319200475794, -3.474781247632411, -43.51942271842402, -32.72402551937308, -39.09558771635849, -35.12854825070258, -35.523489778635664, -211.20457562850493, -39.929727319875134, -57.20401610750848, -20.68207846694918, -49.93667585630837}
Generation 83: 1171710.0 --- {64.58027169216118, -42.13280620070251, 2.7318386570298756, -16.882546077603596, 10.00099781382281, -37.238405309054365, -21.591613932027332, -35.38328097466737, -33.44785450359999, -14.631990389149703, -206.0811263566288, -40.969261967758364, -63.203560721169694, -22.161319410673663, -44.005401484066795}
Generation 84: 694756.0 --- {64.58027169216118, -42.13280620070251, 2.7318386570298756, -16.882546077603596, 10.00099781382281, -37.238405309054365, -21.591613932027332, -35.38328097466737, -33.44785450359999, -14.631990389149703, -206.0811263566288, -40.969261967758364, -63.203560721169694, -22.161319410673663, -44.005401484066795}
Generation 85: 571924.0 --- {65.10242546613668, -38.159725847046424, -3.4596618586518373, -21.181750170156437, -7.645271435024515, -43.626259449206664, -23.802990405976438, -28.938063766747675, -36.935986379100136, -22.202256028250268, -218.96732934375288, -40.22041078631546, -52.11257348717689, -27.307827802798815, -56.36551215552629}
Generation 86: 903424.0 --- {56.62654399040176, -40.652224269207025, 1.9833599673811588, 0.5033538923058316, -8.068323757563391, -37.26102768298914, -15.343566527877035, -15.792052002011298, -21.60923091482922, -13.60282631731656, -196.93811262247797, -30.99996567818617, -49.1941942721581, -25.957032511872068, -43.32064280786329}
Generation 87: 1036790.0 --- {57.67268862369492, -40.087962853971455, 4.129820882258874, -16.7451849190861, 4.857389812252482, -29.50872916516512, -10.277142720254238, -38.80413428347147, -51.1360548552708, -27.276361334922107, -215.12377912723832, -46.2062108934344, -64.37739129351071, -33.58473624577239, -37.654446030523104}
Generation 88: 949233.0 --- {52.54331834605489, -42.52696239195857, 10.268703349115057, -16.799301931310808, 8.086779785427364, -38.58947854174404, -12.006158450466874, -42.37162099283126, -41.665037782863834, -24.278804431898163, -227.3837956148835, -49.42015534096312, -55.63794848317034, -24.674586628936602, -43.79949098272787}
Generation 89: 1027617.0 --- {56.233393282099755, -50.672220876222966, 2.8379679511896345, -12.645874399157597, -13.747895820310372, -46.3757854611206, -13.07216771170318, -27.975567224473266, -26.90072829928272, -23.316767173907287, -194.04474730294748, -28.330635120446388, -68.35979637801921, -37.304740250134174, -23.161026762491876}
AVG PERF OVER 50 TRIALS: 262601.48
Generation 90: 955042.0 --- {55.5547323948513, -57.476576765157944, -2.00339641969468, -10.002035834118914, -1.9286671562170263, -47.63948163698456, -21.69566268711752, -20.75683814958625, -10.29764668833877, -19.606400456070702, -207.92669100912224, -34.0309179003362, -64.03781276625725, -31.7719658743748, -42.06823011811746}
Generation 91: 681551.0 --- {62.33400009197677, -69.14230264916075, 7.3621873326538, -23.45719391545539, -8.14784422577329, -49.118753576133884, -5.691429268102914, -11.592816382810717, -14.108650349794358, -12.661966724445715, -205.079087662922, -43.84833136808435, -77.44068048986671, -48.63464333846989, -22.37990134292594}
Generation 92: 887097.0 --- {59.396955650074325, -37.28216059848237, -0.8507258448615582, -5.908549559063675, 9.820051571081272, -42.631833855538446, -8.288255488239106, -38.33289274299845, -27.44110427970095, -40.59722214796615, -228.0930366153803, -43.363646244124894, -52.495471277764224, -41.10163870093718, -32.270451833762905}
Generation 93: 1114478.0 --- {59.396955650074325, -37.28216059848237, -0.8507258448615582, -5.908549559063675, 9.820051571081272, -42.631833855538446, -8.288255488239106, -38.33289274299845, -27.44110427970095, -40.59722214796615, -228.0930366153803, -43.363646244124894, -52.495471277764224, -41.10163870093718, -32.270451833762905}
Generation 94: 732030.0 --- {68.81767795379764, -44.12141050250972, -6.529052641117952, -3.2318703211898923, -0.19512711899360502, -35.84227908061358, -6.680640733536225, -29.2295174851219, -13.202129382185515, -23.744755225896668, -228.05604168375845, -41.32004271088892, -65.97836294002431, -33.49004307938087, -46.03980238148316}
Generation 95: 826028.0 --- {68.61675526491437, -44.79760381480203, 1.8413844923919171, -5.2818961524278585, -3.9909924135190615, -40.96632823587359, -6.54256117469076, -28.174123185607534, -25.174931694995315, -30.34872261150993, -233.83835719491296, -35.420113473065804, -61.753834663157804, -52.603819417070945, -40.30344768638358}
Generation 96: 988942.0 --- {67.39099458898438, -60.186724748601776, 6.402411459182778, -20.836560679308025, -2.495347931615618, -39.67425176352014, 2.8242993023830163, -32.50428850423676, -22.876681894294336, -17.750255305572026, -222.9497207283295, -36.09291616789909, -47.35860489627117, -46.34544609762065, -23.576939041975844}
Generation 97: 1100606.0 --- {60.55136109441641, -43.02169993834369, 0.1850728893694331, -14.392789839378807, -9.318068199758722, -35.101434958968476, -14.649738755830928, -16.226658234815584, -31.85539797592893, -33.40481223637272, -231.75881115673155, -35.131369240271454, -64.55921391180833, -39.13112057236667, -41.237636324891376}
Generation 98: 753178.0 --- {66.38238474791103, -54.0117358090837, 3.3217944995488202, -24.701743803661223, -7.120728909723016, -20.757284007897326, 12.579577635056726, -21.079344972652095, -13.987168342399944, -14.049237541609621, -228.4577244822132, -46.57678626927866, -45.1906465909398, -52.043335698153335, -19.12609754639479}
Generation 99: 868584.0 --- {63.585150582340596, -66.50033736878318, 0.9462377773414501, -11.164424120954346, -11.407377478323193, -46.10370554415955, -6.431839523849748, -35.94512190925334, -29.359547408771075, -38.01950143483502, -241.93098316592705, -42.82245796316067, -78.42429284962272, -41.93157845201749, -51.971090599501565}
AVG PERF OVER 50 TRIALS: 199302.66
Generation 100: 2037252.0 --- {61.77017993227951, -57.66709915118655, 2.9721230632698536, -6.291276148702515, -16.403019286114162, -44.54206814817689, -12.665649914248704, -52.01367904414592, -51.51852254355988, -48.14576510561628, -248.32343314823342, -39.10838084334602, -81.03868599751934, -36.319464137243415, -42.99736835546561}
Generation 101: 666889.0 --- {71.00215236180912, -64.28188847391942, -1.1287692241623681, -20.024898818015117, -5.352499470546121, -27.133743723179602, -4.246867726646403, -17.223192408070094, -31.650309315788377, -15.648836840498305, -251.23534672935466, -42.26092593648781, -70.14635625699889, -63.90422109463829, -41.203305927216455}
Generation 102: 875804.0 --- {74.255408645318, -67.03756603205238, -11.205767496642911, 3.2891008735662677, -10.124020519805796, -35.62718429645507, -11.808333647186245, -22.460811221878625, -28.948088986976764, -45.24500583482738, -247.08037920695148, -32.60831193900527, -72.9066543928401, -52.29357382890696, -73.20572247500125}
Generation 103: 1894288.0 --- {74.255408645318, -67.03756603205238, -11.205767496642911, 3.2891008735662677, -10.124020519805796, -35.62718429645507, -11.808333647186245, -22.460811221878625, -28.948088986976764, -45.24500583482738, -247.08037920695148, -32.60831193900527, -72.9066543928401, -52.29357382890696, -73.20572247500125}
Generation 104: 1343291.0 --- {74.255408645318, -67.03756603205238, -11.205767496642911, 3.2891008735662677, -10.124020519805796, -35.62718429645507, -11.808333647186245, -22.460811221878625, -28.948088986976764, -45.24500583482738, -247.08037920695148, -32.60831193900527, -72.9066543928401, -52.29357382890696, -73.20572247500125}
Generation 105: 832258.0 --- {70.36466632093213, -53.81425447187761, 6.059445892600916, -0.9578573931726373, -10.5985347008509, -51.249141115577196, -16.6987216882042, -29.8382418467025, -29.310582263496475, -15.501294172740383, -272.4323844334875, -37.00752683878813, -61.609393926129975, -53.81995043848019, -52.18744075586653}
Generation 106: 2165530.0 --- {72.75721158960451, -60.638986010393346, -3.0905968517871445, -7.645988544317456, -9.561687749032753, -43.467453745357176, -12.14065565220934, -27.844204400978775, -31.51867618454207, -34.70594528202606, -249.4714479034941, -35.00268666682496, -80.38366159878673, -54.002223836248035, -51.371745440829926}
Generation 107: 1011615.0 --- {71.81461795535827, -62.46678238235423, -6.983512149026023, -3.5628028554386235, -4.256931670997274, -33.442071817136345, -15.545229542749915, -28.919090729284648, -38.69599841515935, -35.614170714766814, -243.85662774912862, -39.20430624922015, -72.9690496725922, -54.24011060427152, -48.51622307526124}
Generation 108: 995146.0 --- {70.66086543786956, -59.583990245533904, 6.115385953095644, -2.404330714012804, 1.2494579185892247, -51.25700622687698, -9.487790609757806, -28.370244756045786, -17.911876112566205, -32.55759880999632, -278.5337147243405, -42.79685534528342, -70.52814138192583, -57.7674854584292, -41.87486394887978}
Generation 109: 1182584.0 --- {65.07401343030376, -52.86587011961884, 0.6048315625615384, -4.919825663051974, 1.381879233400361, -47.054623314472394, -22.65494919895064, -27.00380564197324, -32.822717609360666, -32.13402873486278, -259.27805012005587, -45.419640137070665, -71.16646608196679, -52.00700702004717, -53.89792446783823}
AVG PERF OVER 50 TRIALS: 196508.76
Generation 110: 1026423.0 --- {66.80977199986035, -65.29622765908282, 6.054918067698866, -16.8119793233451, 8.840851733805719, -51.55619218577722, -10.987219698287397, -29.270204539178817, -34.71236248377376, -26.033811426872248, -252.49866459266562, -54.08792151049662, -80.35940472023263, -54.39668204473141, -52.268732105101236}
Generation 111: 1255604.0 --- {84.21256978887388, -59.87270529598496, -7.927990351639107, -5.299056483291164, 0.4329086970024294, -51.30809142152916, -6.747355972466348, -25.040260019185542, -19.700607541566026, -34.1123561217336, -267.85306629797043, -37.14783351469846, -67.18410973276384, -56.863860729759104, -50.27633530657822}
Generation 112: 1095935.0 --- {77.31310955592572, -57.78479067164808, -10.285091068547525, 3.1847085817714156, -9.378950478325018, -41.38737259235299, -16.59977716625204, -27.066411187908404, -24.944974240536094, -24.053181163109908, -267.1231553872914, -26.974542334879377, -70.38800116025206, -53.51875827404937, -57.23310811494357}
Generation 113: 1160326.0 --- {81.24935165325209, -68.74890833447056, -11.472418905238847, -2.103337696431761, 3.0701996199851216, -45.68697191656308, -14.454988162450611, -27.797804396301753, -24.441072646354915, -37.56738080248413, -274.5129135940432, -40.652666782838175, -80.10477897720939, -53.317172853463966, -47.09982145106966}
Generation 114: 1152007.0 --- {80.03631525681314, -67.25953909771037, 1.200269735794794, -6.240615696826465, -9.760532251068334, -54.12228830744303, -13.603128407988402, -32.226120559548185, -32.91236197528933, -22.231903015295394, -252.75288739828164, -54.072752487514606, -63.933423345371075, -38.54302111701722, -51.58513989430274}
Generation 115: 1077489.0 --- {75.29885767522019, -41.06346295204392, -4.701139410789944, -13.528299628953253, 11.911883982715999, -36.24525436756183, -18.187851959185604, -32.09349517958033, -27.245443685618437, -14.994850450175848, -273.35813266269696, -81.95413922714953, -80.22971718200779, -41.211162176607644, -57.67769434244845}
Generation 116: 1065467.0 --- {80.29017071821261, -47.003679120367956, 2.0182780347178877, -30.325022000013796, -8.645206318975081, -50.31770192119703, -10.840278675320942, -30.509896050946146, -9.402146457551549, -26.124260490950874, -271.22491352958053, -65.81096430333683, -80.5982411490771, -45.23631707922918, -57.05648701111136}
Generation 117: 907079.0 --- {81.90973527418572, -53.514291700638566, -6.715347984704239, 1.2818223006144311, 5.778198600975638, -58.17255995281607, -20.384636274372482, -41.886430620627024, -19.191121262982897, -14.295295910825685, -249.6567367499749, -74.3675405823642, -70.36538278148907, -34.65347161390833, -42.644949207777316}
Generation 118: 1456219.0 --- {76.82973210512398, -56.81056082108922, -4.310780383628246, -12.1754428526263, 2.85292200537203, -53.45038958657251, -21.99159571022751, -30.39400044285459, -19.440721512519076, -33.74062385883638, -253.7642443540416, -49.44044491826044, -59.55695010474275, -30.896791182722318, -52.07640435286996}
Generation 119: 1141693.0 --- {72.3049058065775, -57.099466317802246, -10.270628579541455, -12.398063961692667, 5.080817888608821, -51.11515109078004, -19.20138978784069, -34.06918600395656, -32.527523600923686, -32.33387140911894, -252.98009111539074, -63.929675460008724, -74.29067221862296, -26.494898203636918, -70.32273079814878}
AVG PERF OVER 50 TRIALS: 387504.66
Generation 120: 1644937.0 --- {66.6616908798109, -53.82217651988662, 15.381330114317857, -16.96110724438826, -4.94134558481487, -49.35424370994281, -8.662347573691664, -28.319349866987544, -34.20840329934012, -30.130624211708714, -250.20509355351825, -49.95763257525922, -73.10548808162899, -33.69051366669002, -54.31808100221789}
Generation 121: 1383342.0 --- {74.08263943621304, -45.12061899722212, 4.089056556368448, -10.125558783611112, -9.98301962756238, -45.75292211437929, -17.287338179805978, -35.80631183791952, -32.797197678719904, -31.813682830129125, -265.27388626009713, -57.632282324857904, -71.26610502513122, -29.292590149579674, -63.58887034678124}
Generation 122: 1038150.0 --- {74.08263943621304, -45.12061899722212, 4.089056556368448, -10.125558783611112, -9.98301962756238, -45.75292211437929, -17.287338179805978, -35.80631183791952, -32.797197678719904, -31.813682830129125, -265.27388626009713, -57.632282324857904, -71.26610502513122, -29.292590149579674, -63.58887034678124}
Generation 123: 1036643.0 --- {79.55408676954178, -63.330608317695976, 2.922656799515971, -11.335511376748139, 4.430136236047015, -46.736458808053136, -21.661645013036775, -36.97263933186511, -27.677307981733765, -60.42666467711682, -261.2124818843195, -55.80620246077986, -93.75812830088074, -39.44196232315484, -69.45553901199375}
Generation 124: 1341929.0 --- {76.09641190214961, -55.89550919808864, 15.424896999760367, -18.000630788464477, -7.5833296978545635, -40.643909391326346, -15.446157404655162, -19.90169453948907, -27.024490177944617, -26.884950191311123, -275.92817842280874, -67.27796855277975, -61.8666975576015, -35.89965740640815, -61.54703644402312}
Generation 125: 1782817.0 --- {94.98976659949992, -71.92932252194011, 0.6733557535610262, -15.966142615847861, 2.381846761305517, -64.8576487689246, -30.54945650635936, -22.81122941450161, -12.53997829966373, -41.95248540593582, -256.7872830171564, -56.13855941499128, -82.62348964894075, -34.884808472329915, -65.39314722789105}
Generation 126: 2116027.0 --- {87.08459807578744, -50.94632025553914, 12.959818514900316, -13.908658102368653, 12.291706528958185, -44.110168361073235, -8.67654215911352, -31.491552190473087, -19.23354348516601, -22.997459726096952, -271.9337755915834, -66.69876231286499, -55.57494148887383, -41.13631144914057, -54.242961878737546}
Generation 127: 1127122.0 --- {88.41213471962313, -62.50006512618587, -0.8777240274658134, -9.738801230079025, 3.8991734272056005, -53.33738786797963, -21.437098020156327, -24.960791136334155, -28.497976198425057, -37.92561479014154, -279.61868527715444, -54.78361317851276, -61.01468739840424, -25.487649225955295, -74.5260681237756}
Generation 128: 1129162.0 --- {88.84888935492876, -68.23982458175047, -8.95233580806449, 2.0356263849747425, -0.7477660039667287, -36.538529548118916, -15.903034781613727, -30.054065097891794, -47.36117848309072, -38.727772668346454, -273.1675153051782, -51.4433954235391, -85.86848584874897, -39.250003530024564, -89.06061338444964}
Generation 129: 1131270.0 --- {96.30587701210531, -62.35992074267652, 16.493231459942017, -6.100426964304774, 4.358709707869161, -46.72410818917923, -24.37765159674266, -22.79224712340102, -33.05891420222261, -24.267914083223168, -267.0299691256131, -67.49516705475094, -66.31850195820154, -45.27099001708736, -51.21411945220067}
AVG PERF OVER 50 TRIALS: 286358.34
Generation 130: 904750.0 --- {92.43811567551045, -63.05380722800744, 6.655940110153901, 9.222300002257597, -8.230251642888785, -44.10293854964089, -12.474001703024673, -30.487930817510822, -27.465769227533066, -17.110348766087487, -281.7717470214453, -66.03784596849498, -96.237988993361, -45.63777982390499, -73.48797409597302}
Generation 131: 2364877.0 --- {97.41212830292035, -69.86300754529974, -8.45644934992501, -3.07005643957553, -11.660157743201381, -54.50850346411286, -14.471739963622213, -40.505903762735045, -25.496916853410784, -25.45090835402753, -282.98472545014533, -56.208150782685244, -101.93089079234522, -48.39667279069956, -63.58032484447479}
Generation 132: 988339.0 --- {83.05215599313581, -51.07459170477784, 5.653860771257935, -3.307201551766907, -4.86393197203148, -42.80190427781223, -12.112192107403455, -35.82906491846948, -36.452186469150384, -26.154191157383245, -288.77093545241075, -64.11703187331524, -70.50862446441357, -35.12231060017888, -84.3758586114708}
Generation 133: 1258283.0 --- {82.68466483423097, -65.38772336440563, 9.525001871289385, -12.226502657699188, -3.4028067497825436, -53.584689891265704, -15.63295328098, -37.30117783002576, -35.67075897871443, -27.76728482388907, -289.6185182725996, -47.787135275602935, -84.41064285926339, -40.206855482147375, -68.03635897611406}
Generation 134: 1161019.0 --- {93.55435492960956, -85.92644547103015, 6.124715996287206, -5.429707784070405, -11.94996337726472, -59.32829188090457, -7.012665949246342, -39.722132011390485, -20.242584399239682, -41.564494550527236, -293.14803027217846, -63.82676428920971, -92.63103455492877, -61.921347791432666, -57.53889457113631}
Generation 135: 2233763.0 --- {87.06798353509683, -69.80035837269197, 3.8958622527862805, -18.28699144601214, -5.825686125913201, -50.90181929435999, -7.533738175332637, -44.98909949663743, -29.298016171620823, -23.628159114004685, -289.8615080375991, -39.93571417401044, -94.82497157333603, -51.18353105582852, -72.25654560970095}
Generation 136: 1090975.0 --- {98.55623103018173, -79.47870493069429, 16.008271031107114, -4.611475042186713, -8.727965966060701, -56.719479377987454, -23.91930670722538, -40.80819579471171, -33.03792206570755, -33.34723850113259, -298.8217491045233, -60.102524469825696, -92.98934858026603, -47.984877539549984, -66.29260326781295}
Generation 137: 929802.0 --- {86.63623568528199, -68.91376781336643, 7.68229485415187, -17.746537371367268, -7.416327787211291, -56.923341726386525, -9.081811613096594, -41.63144898782951, -35.561303447000554, -26.56360631280979, -299.51869438763447, -46.44161905239945, -93.37331540876224, -41.933199113812194, -74.37955539612702}
Generation 138: 1847022.0 --- {84.88995976123857, -70.97362833976464, 6.049435024303296, -28.244668383289152, 2.5896118459281663, -55.55276474428251, -8.184864492386609, -51.30231691859286, -36.36207446917456, -39.18489871403942, -297.197870796556, -63.43529852068385, -84.7065572735732, -31.51665095682953, -65.6064095602235}
Generation 139: 1117900.0 --- {84.50825810839501, -73.38768309942209, 9.897101867630795, -21.92849209180288, -1.1963095418559422, -59.24766861287525, -20.759005309160923, -44.09341010623666, -39.11274231634046, -36.26160008885463, -289.22721739352016, -43.0434778162481, -93.07522770056966, -47.37319888995705, -72.65318318622573}
AVG PERF OVER 50 TRIALS: 260343.16
Generation 140: 857123.0 --- {89.31474988573231, -51.25140998206214, 13.944823730102545, -29.85050227746164, 3.95129343079128, -62.86833484159249, -15.390233631258614, -28.357478793602326, -32.66396841139338, -49.48371168537274, -288.14564420438904, -61.04972927082675, -101.58528958812889, -47.60085160247476, -80.36929461137356}
Generation 141: 826229.0 --- {95.82839115649547, -63.81867787239159, 11.04635579545372, -42.74488474734268, -1.0682279239161563, -45.706199287731906, -5.884007536383555, -44.040039525680264, -15.453482706686984, -46.11427435301421, -300.3236618760935, -61.51016009299507, -103.67901068387292, -60.83456689058636, -77.51357296929129}
Generation 142: 1614250.0 --- {102.71201178784285, -71.12250180367039, 4.976713856478204, -23.34054127006547, 8.077682842110862, -35.87837267952614, -6.136106991443874, -38.95983506415417, -33.57461441757128, -37.396278018703775, -294.4672217782874, -67.50510072872001, -98.56787174685223, -48.15919847620631, -67.43365188814607}
Generation 143: 1188939.0 --- {102.71201178784285, -71.12250180367039, 4.976713856478204, -23.34054127006547, 8.077682842110862, -35.87837267952614, -6.136106991443874, -38.95983506415417, -33.57461441757128, -37.396278018703775, -294.4672217782874, -67.50510072872001, -98.56787174685223, -48.15919847620631, -67.43365188814607}
Generation 144: 1351999.0 --- {90.43332433380402, -76.48200060514907, 17.238330907925704, -33.819480094851166, -2.8676340971875565, -50.809218145290664, -7.292151714540727, -28.98102550682487, -12.637580583823464, -48.46985753407915, -277.50108332556647, -87.32687862938057, -93.06404260735496, -44.90375685508994, -69.27720395831972}
Generation 145: 2174702.0 --- {98.71236972907646, -59.194766783738245, 6.693523399246114, -19.310523265159155, -6.053429579276522, -47.6131398523718, -15.56952813199733, -39.8215336706029, -28.884153368249827, -31.07966978789391, -296.7002569151318, -70.19243443165666, -102.15594082804388, -60.15192573297661, -62.312156998679605}
Generation 146: 1192898.0 --- {95.62787657438693, -60.839872554719, -7.934575967450783, -18.430021966772614, 1.2293292492761836, -54.75679660747923, 2.465224647868725, -42.814038552174544, -17.931018199827, -35.02851464747904, -293.7831635138746, -70.91090692240289, -89.17513955235161, -63.27777806887485, -67.6528033418918}
Generation 147: 1072175.0 --- {94.91975896670553, -76.24803303848945, -14.073893782866659, -18.081618651471707, -5.634172226506115, -60.81052828685432, 4.143071254286488, -19.69056494272064, 3.6677296877536456, -44.21136051244107, -291.9442971771754, -76.79353946083548, -99.1143760874529, -66.42343551700762, -57.45041501000972}
Generation 148: 1400330.0 --- {90.39536257042398, -69.75182007856026, 9.055428577018507, -17.745134614576873, -12.077462438143284, -64.73052221029474, -16.607854297837584, -28.383537802344474, -32.71933020150654, -46.129588295433706, -277.8274433213525, -63.09581689028396, -94.9340114354093, -58.134752600600144, -52.462139906749634}
Generation 149: 1849602.0 --- {89.94644823090562, -60.80147226215995, 3.0226523404571277, -22.277947491297752, 2.527191777093922, -54.28421979024384, -11.402083058198768, -47.194552696397984, -27.089836311841207, -28.16827817422841, -293.85253092056183, -76.19382186683436, -101.28431749888041, -58.37345292894895, -70.09123020573715}
AVG PERF OVER 50 TRIALS: 214283.68
Generation 150: 1000756.0 --- {87.74235019402968, -54.235688745139285, 0.7216766412365425, -12.95380462444187, -2.9490029612072366, -71.85407558746067, -0.43075128883784064, -50.723958391337526, -32.509357925577774, -29.741238911070816, -291.61253825460415, -54.7737472342956, -82.26174430148782, -59.67729869422214, -51.23935037441563}
