TETRIS: height 20, width 10. Noise: (50.0, -0.1)
Generation 1: 48.0 --- {-16.873714468449396, -3.5859121365176314, 1.1948319589044585, -1.7130195648111592, -9.429249247970294, -16.45845147344678, -17.24317455315375, 10.39669547959226, -7.481641119239638, -3.3458097016166555, -9.012921366354458, -16.065517750949528, -1.84107849225793, -25.07503547802881, -2.0738690406334963}
Generation 2: 45.0 --- {-14.177973019534285, 7.2076207554914316, -22.988213768368865, -1.1162990282342071, -9.300968976744137, -11.572159955637412, -9.211051989690775, -5.99134209699612, -28.41814181785061, 7.621896714013878, -25.40863228966006, 7.002928186651799, 1.6747918781553266, -17.309918943861053, 3.975812961133766}
Generation 3: 158.0 --- {-13.769628434089524, -5.344334563049531, 4.151917147751101, -4.80002572995494, -17.05608296541625, -17.76108337530615, -5.134286299474546, 9.152779499290812, 17.492040183169777, -2.4652729604338908, -28.03166569535952, -8.003995339937024, -12.097032363928802, -24.735758141421876, 0.31895428650894697}
Generation 4: 271.0 --- {-1.1081436291704128, 7.156309726434609, -20.526093181732094, -4.692793680988749, -19.56812950194906, 2.180055178202884, -8.05328201297624, 14.036311367344224, 17.47089639656567, -5.640697127032796, -33.40778843579534, -22.62920590167792, -11.434264795164665, -22.433271137648262, -1.9366562194083259}
Generation 5: 927.0 --- {11.921554672791487, -8.732790969167079, 5.14454621014149, 10.929166001002756, -10.864987915077227, 10.622265161579737, -10.096710411188422, 5.002829461394169, -9.904515412922553, 2.341372597799167, -25.542388915793268, -12.952605352251599, -26.016691234264005, -26.374663004677945, 3.2802342898398864}
Generation 6: 743.0 --- {0.5958086000888807, -10.604604375426003, -3.3171796696309386, 0.680116442376905, -10.153751609088268, -11.710549381489027, -6.191967447748284, 7.786877762884764, 1.8110543789464515, 22.269118481507373, -35.30591058634428, -25.178548256685414, -29.13311693457225, -27.40414579885219, 3.6487200442517187}
Generation 7: 4749.0 --- {8.188161798198893, -9.970206735165137, 4.92244089325595, -1.8538530938801063, -12.454170848994568, -16.5824129835206, 0.6739041520729403, -15.66975400343069, -6.641689773407801, -10.912013480477931, -34.92478429992906, -14.498105461178422, -28.474327735426346, -7.798530166857617, 0.6105008448296232}
Generation 8: 9400.0 --- {15.66352406628437, -10.411679638806024, 10.433167476538578, 8.534147656831273, -6.2066851562015355, -21.198569494368577, -5.895402309414496, -0.37678859367929896, -14.526163234469177, -21.558546937434016, -39.75723589309285, -18.906789010960765, -42.069370757028516, -20.42568696077614, 0.21125184579996503}
Generation 9: 13330.0 --- {17.304180263339152, -11.246299417495532, 2.6379648779848788, -9.908395025496247, -1.2718267011575906, -7.193431253892511, -2.0530317399772904, -9.779499858860047, -9.98555694369901, -16.289910121697325, -32.25902140801922, -8.871761765701617, -36.753457841786556, -22.04569530969456, -6.70950032914379}
AVG PERF OVER 50 TRIALS: 8223.26
Generation 10: 32404.0 --- {7.974994166513284, -12.253936290953137, 5.02056478117718, 7.377662194964568, -8.566979561550257, -10.363429635873906, 0.3794205771724011, -6.080234444121216, -8.284366990426234, -17.723701949315952, -37.82719445077843, -8.479781717481508, -41.967930414289754, -18.123277083455946, -4.412603881716564}
Generation 11: 23776.0 --- {17.304180263339152, -11.246299417495532, 2.6379648779848788, -9.908395025496247, -1.2718267011575906, -7.193431253892511, -2.0530317399772904, -9.779499858860047, -9.98555694369901, -16.289910121697325, -32.25902140801922, -8.871761765701617, -36.753457841786556, -22.04569530969456, -6.70950032914379}
Generation 12: 16299.0 --- {12.99301309662922, -29.37971020903767, -15.998273071038284, -7.268133156651109, -13.42953122579106, -7.824898292380548, 1.6629734290338472, -14.63002364112383, -11.735708049725794, -25.878362077993422, -23.490400078176805, -21.710878100689428, -62.699940594705765, -27.955188387919137, -5.721622865964312}
Generation 13: 16245.0 --- {15.162802914618382, -4.416090392831583, -8.697157625282362, -8.950685008279127, 1.4952258512040544, -3.218559123906469, -3.760085162120256, -7.566191755022048, -9.856125626232295, -1.4400820009899604, -37.681408434307144, -16.242391554859854, -31.509635123466545, -17.86410005275961, -3.105582827595301}
Generation 14: 23284.0 --- {14.227750583588776, -13.261303879963252, -9.744643931233394, -6.195769517421533, -3.558793624228781, 6.184168056886673, 3.6128216129893285, -5.302582440724063, -6.161350184051601, -22.59856879794671, -34.48857316583656, -12.754132708405876, -52.08361842934403, -22.052272035675283, -16.1945730105722}
Generation 15: 35929.0 --- {14.49909724185066, -9.173073188304375, -6.414298650895732, -6.956251180084488, -4.600215285512401, 7.123748414124165, 4.085433263053974, -11.654453824665447, 2.894062379580218, -15.150868538548117, -57.25191187581703, -13.252552577758202, -67.6004922571293, -28.292345670123993, -35.50325719423711}
Generation 16: 26746.0 --- {10.026761446279371, -14.90404127065262, -4.866087793652523, -0.0027185342291122794, -13.845875451713471, -15.223137624078593, 9.935749801830747, -24.31509833163487, -8.568222437476706, -8.480165211075308, -62.83555073497725, -7.8355413186849106, -54.76012028734509, -31.050694998513038, -10.670009186245137}
Generation 17: 20008.0 --- {9.25852697428037, -21.53731942674464, -18.94428894147753, 4.020581906812941, -26.04808529606079, 4.074736947445494, 9.710365959067179, -16.304953412916944, -3.9729255597951747, -20.123183380141583, -58.237568757700586, -5.741724746408783, -54.305800187022214, -39.176226813797385, -7.916576115423034}
Generation 18: 92513.0 --- {30.763968689318794, -29.503627899518946, -8.846592374959089, -4.184431423307949, -9.55621994957674, -3.579201154900151, -20.257123831797514, -18.027343781025564, -11.26640978610065, -17.50338355453522, -66.31169279132355, -2.7590451417508373, -55.80883876071415, -26.367070233640337, -3.995740227032126}
Generation 19: 49855.0 --- {16.968119388909386, -17.766038910667614, 1.359149708943069, -2.076377160691729, 6.611201934687124, -0.7664940356577805, 5.308314287965509, -4.325462836818481, 1.8950954443314338, -8.566682559874105, -56.14620708799722, -6.034996122776927, -59.59795505777133, -35.60657297207726, -22.115135231961755}
AVG PERF OVER 50 TRIALS: 79736.16
Generation 20: 147028.0 --- {21.003055344463547, -16.956350610171757, -4.422232024247184, -8.13704712197398, -5.298860450670507, -9.173656260004137, -2.8480954184564737, -9.26013510236805, -10.012028348011263, -18.379766827799706, -49.627379534014324, -15.272124590577882, -56.8354869852957, -22.52483307866634, -15.924032503677498}
Generation 21: 57561.0 --- {14.587646793160747, -10.645013420238268, 0.5044328611366138, -20.751721748715298, -8.163608501996308, -3.7011617586602146, 3.213144126090267, -10.937861535403128, 9.311068646828263, 8.19621966438818, -74.59440496385845, -12.115987429774092, -60.72774514397885, -39.302453041771194, -28.259774875881085}
Generation 22: 122233.0 --- {17.29752548815303, -22.912629436553424, -10.625886053458643, -6.0071370939767315, -8.625368230192114, -2.9594586624464743, -1.4549469949718945, -15.860070423453635, -6.4860969149919985, -4.664931086717155, -77.42989161969203, -18.325375492468815, -55.07405030163201, -27.81534949246121, -31.304562848892303}
Generation 23: 84077.0 --- {19.76796329572039, -16.602455563008768, -20.07912913645757, -5.361467719986081, -1.3744938782386402, -34.02292054591543, -0.22824418757479892, -24.37164338898841, -12.101221326646108, -36.46789311464378, -101.17910032210101, -31.375836207547653, -68.62767198005723, -24.48400687382459, -11.518011995215954}
Generation 24: 301676.0 --- {33.53994233369869, -16.10606375926123, -17.45776797963363, -2.546998279550227, -9.8024980173455, -19.0655338080235, 1.491965117366766, -18.8116376215498, 0.7789924070216321, -18.025894040310973, -103.20292606438173, -21.033644010180296, -67.73288230736738, -38.83356680423288, -22.005604262015957}
Generation 25: 128186.0 --- {33.53994233369869, -16.10606375926123, -17.45776797963363, -2.546998279550227, -9.8024980173455, -19.0655338080235, 1.491965117366766, -18.8116376215498, 0.7789924070216321, -18.025894040310973, -103.20292606438173, -21.033644010180296, -67.73288230736738, -38.83356680423288, -22.005604262015957}
Generation 26: 255411.0 --- {29.334580825300165, -20.995183760451287, 2.372227733560101, -5.9704009809792655, -7.244362909350006, -12.894313122435186, -0.6442868655831681, 2.642332139255025, -3.756034317603278, 5.907880443721187, -90.80275377083665, -27.908796087243633, -52.94643000324902, -44.152553381866255, -24.85845520492273}
Generation 27: 219255.0 --- {31.718627359855304, -13.639358799929763, -9.638884749093654, -9.344196792043258, -5.967341438550137, -1.3619069934567527, -1.7851866906376188, -4.324845120405437, 2.565226232730985, 2.0631752423284233, -86.84714550741522, -42.06681720861652, -70.36774753930185, -38.03145051822691, -17.47328257994865}
Generation 28: 167233.0 --- {31.718627359855304, -13.639358799929763, -9.638884749093654, -9.344196792043258, -5.967341438550137, -1.3619069934567527, -1.7851866906376188, -4.324845120405437, 2.565226232730985, 2.0631752423284233, -86.84714550741522, -42.06681720861652, -70.36774753930185, -38.03145051822691, -17.47328257994865}
Generation 29: 338171.0 --- {28.184154867814886, -35.26785622135218, -2.998973643061934, -15.60610566484882, -17.496814645228824, -22.671496160761485, 2.824997243255171, -16.28411151473215, -13.25016068279035, -29.37305879389554, -118.31975587565536, -14.069999538315153, -62.30820416211028, -30.524629783992726, -28.942473585947923}
AVG PERF OVER 50 TRIALS: 100712.72
Generation 30: 371866.0 --- {22.513055476207388, -21.941458497520674, 6.356756111422823, -4.370552207403426, -8.441821501894266, -32.39222147281656, 1.7800937137502444, -11.56644238169926, -4.0198723798672855, -18.720478329998713, -104.44483345178416, -20.655796920703004, -50.61819980882518, -30.370597182375807, -13.057946681231032}
Generation 31: 337221.0 --- {44.44085780469896, -29.135474490713314, -2.7084362029249838, -8.666767422656502, -2.9063659431556754, -21.82943991841318, -0.2856545765688949, -25.35602290088203, -11.51633760979863, -20.274651261548215, -119.65792418814203, -27.196323879596022, -55.26673945281397, -29.388889306823888, -29.314764897342684}
Generation 32: 264644.0 --- {25.0979167519774, -22.0392348955967, -6.0532713468478, -8.090788100782898, -9.724721580472185, -29.093010093181746, 3.896610267416842, -15.55762634545466, -2.5330713679409227, -14.559668471132266, -108.26651886375619, -13.462188327186754, -47.49230904999819, -25.59086793805933, -25.08249142995804}
Generation 33: 196444.0 --- {35.66802484001237, -20.514903240357725, -3.957897275099002, -5.479927632153902, -9.440686986906721, -31.182055801077738, -6.705901640931709, -7.430028527637476, -4.262932524870352, -29.091412829717775, -112.90772340191947, -27.97790517926645, -67.57631284869305, -37.72831920920624, -16.845263045232265}
Generation 34: 549384.0 --- {38.81750044032828, -24.505247615482663, -5.125002182721115, -3.5450978585324346, 4.059185461256736, -21.873780791701698, -6.4989505074776295, -14.509521924917518, -8.004872222925375, -39.55213573978615, -127.63512285350049, -39.697261639413696, -62.401775161924796, -32.863063189906576, -28.724714781612267}
Generation 35: 324181.0 --- {39.466369542448845, -31.850191930168148, 4.543017826093385, -4.613671670831735, -9.809723160068607, -21.9491393537948, -5.7771907836763035, -7.679968101797006, -14.52753310207024, -28.682198093696428, -95.52812418008777, -34.63813422171755, -64.87899703241075, -34.66993248366201, -17.715794162707944}
Generation 36: 358310.0 --- {40.218521466180945, -26.625401929728106, -2.6975292372836464, 1.6952205257606856, -1.9007270592365773, -25.289297685349432, -6.88077195720558, -15.27079527618728, -15.041486390052432, -38.896621510150084, -117.36844073306969, -33.60081478029866, -57.64638307787522, -15.886050526341926, -29.75529252346454}
Generation 37: 310290.0 --- {39.994624753476224, -26.269516193573985, -9.640364613537969, -2.2965396519880743, -13.285278905516595, -29.651616220556214, -11.71365514686135, -18.2296590297489, -15.668648728841562, -36.835245966317515, -120.18649963094065, -31.692839583250134, -46.37318881566648, -17.40835901794196, -34.09374439026923}
Generation 38: 462081.0 --- {46.875618681599526, -46.96345963233462, -6.619322461517411, -2.7826631575052727, -1.4377736835885884, -20.462538531868834, -9.712762641384028, -18.571356153837236, -17.917035102473523, -11.743989892031491, -118.78481384225448, -21.206436031706943, -60.84512652783316, -33.71650418858195, -37.62085758705806}
Generation 39: 588106.0 --- {31.200223701895606, -24.832285299786665, -2.9464325815141708, 6.421548392583869, -5.2787143634597005, -33.63892430940737, -15.616811352746133, -24.22439204284808, -9.060887113156621, -24.015145117146226, -126.9020207036083, -32.294895575995405, -41.642718267412896, -19.34203809545742, -14.454582755599503}
AVG PERF OVER 50 TRIALS: 194081.46
Generation 40: 865864.0 --- {31.200223701895606, -24.832285299786665, -2.9464325815141708, 6.421548392583869, -5.2787143634597005, -33.63892430940737, -15.616811352746133, -24.22439204284808, -9.060887113156621, -24.015145117146226, -126.9020207036083, -32.294895575995405, -41.642718267412896, -19.34203809545742, -14.454582755599503}
Generation 41: 927944.0 --- {37.06476119389937, -22.723965278963593, -4.7634108866382245, -1.0225541533979914, -6.905697398555553, -31.823192395239197, -17.195939988278045, -26.07962694647979, -18.442273651303253, -15.360313487535342, -132.96480569279765, -41.58883438979758, -40.52022359322367, -15.427247249731982, -23.110175435850927}
Generation 42: 304886.0 --- {62.77846450101387, -38.90451752622604, -22.79691354798944, -12.616974630546899, -1.1645153096651377, -25.598232219061163, -20.82436043788811, -18.545351638393576, -21.527938570328082, -10.693099526004456, -133.29125532820404, -35.344454311774214, -81.83635186472513, -34.68914844547783, -26.013975412025253}
Generation 43: 622016.0 --- {50.139585971993995, -22.374302449548516, -6.429689841800534, -10.182129641257303, 3.231161324911099, -30.170702173583003, -20.315830781101468, -28.418140011530966, -27.38482587052591, -16.6716421176777, -139.05407211588673, -38.47815373002056, -51.085116797884154, -25.10811187043357, -18.500576094543895}
Generation 44: 389119.0 --- {40.34307859238025, -24.258873325015088, -14.644288164894844, 2.755864953364767, -4.353422862658773, -28.045378305884828, -5.291777395362621, -16.876599773120688, -8.755450581940346, -15.377951485326532, -128.88817844335702, -33.2229226752629, -69.87356979245918, -42.214378793959206, -19.20246970307111}
Generation 45: 439986.0 --- {40.969416446041954, -39.62689180696553, 5.163327558249208, 8.27145301516752, -6.604722093238339, -27.503961949052208, -4.3098112110134235, -20.941566051921203, -23.42274872686035, -22.03954763446233, -133.3291874099713, -36.7854384606329, -66.59558999965151, -25.533416928587286, -25.041522410333727}
Generation 46: 559759.0 --- {50.36769239771957, -30.52690802468214, -13.831634434781854, -1.3445124230707397, -4.800223719838401, -50.87856255460996, -11.681903884657356, -29.061981808817464, -29.893102333117113, -15.800281608113615, -153.45673027893446, -36.43453827008156, -59.17152782478559, -12.645361767593418, -37.53685627934634}
Generation 47: 537529.0 --- {49.5140516263761, -45.62503311165152, -5.182037843170843, -3.0957824984438393, -10.417475566435202, -43.68581505266492, -1.2024526554802648, -15.256606842937742, -15.889584665975434, -23.145829596563317, -147.1251723574419, -46.63800805362355, -64.9634018131643, -32.0902443350862, -36.38302285031725}
Generation 48: 1294906.0 --- {59.8612172287583, -33.22604813406903, -5.262584563915338, -2.6938560022113647, 0.3326518337986233, -35.16132032217946, -8.774972447520376, -25.736141776282906, -12.236567835555899, -8.317040136214004, -166.26760817377985, -42.264772887797285, -68.00371478548738, -36.64011964636923, -38.77981997698187}
Generation 49: 460978.0 --- {51.21474845458859, -36.03057523459647, -6.564302124485554, -2.4290796415996994, -6.654664117275555, -43.6306651219674, -2.2731334901845557, -17.034964955204394, -5.363427068909077, -13.080771416517228, -163.90629027513137, -59.36546423966664, -64.7433068536902, -41.27430435525655, -35.01640100013272}
AVG PERF OVER 50 TRIALS: 138189.16
Generation 50: 698883.0 --- {51.21474845458859, -36.03057523459647, -6.564302124485554, -2.4290796415996994, -6.654664117275555, -43.6306651219674, -2.2731334901845557, -17.034964955204394, -5.363427068909077, -13.080771416517228, -163.90629027513137, -59.36546423966664, -64.7433068536902, -41.27430435525655, -35.01640100013272}
Generation 51: 664305.0 --- {46.49843194769187, -28.240117941846094, 0.7084861088487902, 11.124508846843371, -9.127974608745527, -27.038761609061705, 3.0562015409501386, -4.308639909882919, -4.301686969086466, -10.588819020347463, -161.17380759236684, -41.68228806958599, -58.2836111318943, -36.221575350168955, -42.623576363849935}
Generation 52: 330020.0 --- {66.37496444143832, -29.81360112257049, -5.4078535131428715, -10.371452461974144, -2.7710664002133543, -37.21983735427886, -18.37828939618973, -15.568786549617899, -20.09674140867191, -21.089786436304617, -153.35840191383735, -26.55887966026028, -61.68005353267418, -25.02677979513762, -40.831171676750145}
Generation 53: 561839.0 --- {61.063011681217944, -41.01713774045345, 12.05470068755933, -23.679044778994182, 2.1992612699020313, -47.33542572066497, 3.179513805128618, -25.12865107616129, -5.795318203623973, -11.347248693040022, -165.23260089802787, -51.66242640429408, -71.59677087270713, -40.921411407558416, -46.64032547099384}
Generation 54: 874063.0 --- {59.96871385222211, -49.18092273401918, -2.432675422736336, -1.0412208934760852, -10.043445256421023, -27.13870082287767, -4.473860101536999, -27.404683886349897, -26.604059761974646, -35.650526586109024, -175.75178919534852, -26.108250522544658, -66.22731935541195, -50.99081512859467, -47.22766133428191}
Generation 55: 313739.0 --- {57.51199351609947, -33.43017477087285, -8.636949116172802, -0.6388678328690092, 0.6036941666580686, -40.522533692786936, -6.748728720800405, -26.71313116507681, -11.697474986909322, -29.385245626596745, -167.86192347686648, -35.964563629726584, -79.79668506961012, -42.38545619419479, -61.18656329714492}
Generation 56: 436578.0 --- {56.859895314879566, -61.23456772634947, 4.990642839813093, -5.8847442154033205, -4.118974519339059, -31.770733298017582, -0.06792971957348026, -11.879608636767449, -20.555504614244484, -24.585849433181938, -174.8262906492517, -31.09150681289946, -87.38350544791646, -51.21716594566584, -43.36549460119356}
Generation 57: 1154372.0 --- {48.736617745732445, -40.967649015309135, -7.739267245722285, -3.7954134880326653, -15.771857287629347, -35.08130259104022, -2.229663020526469, -19.668169484236586, -13.896674852320466, -9.39504949296398, -159.87611530822576, -36.23718362141219, -67.24021688978623, -33.87571845680837, -40.68912719222126}
Generation 58: 520417.0 --- {55.65237580830084, -51.57367750325348, 3.308237928492321, -10.93491268977426, -6.911795939073107, -13.895884531076847, 2.379330840050091, -9.634838053158587, -3.2065938800648777, -3.4130851603391648, -167.8318731865856, -38.45408108124854, -64.87113142427859, -53.12959913945359, -55.65735815467366}
Generation 59: 1054952.0 --- {50.490300212322374, -36.225149651794524, 9.854390343665797, -8.860992265533367, -7.73895545392871, -19.21980386308595, 1.3484529337985793, -24.724421210225664, -6.077118864589864, -27.214749609755422, -157.2093688006522, -50.875247482798876, -63.26815420545312, -36.335029065154146, -36.17091705813027}
AVG PERF OVER 50 TRIALS: 143542.24
Generation 60: 424616.0 --- {54.95365307036292, -35.98510482242772, 6.816064397369622, 3.4275333421379575, -19.78465551536527, -24.928957080486715, -2.634848029663618, -8.75316878379937, -32.43318788389003, -36.97829204104134, -186.15807541974897, -50.61340740738868, -93.92568168577596, -54.81454959049249, -35.66511736452936}
Generation 61: 1033064.0 --- {48.64001540295036, -39.15025220266813, -2.804078812704802, -12.969738531705207, -15.584279090745834, -26.885454535650815, 5.5076076485458465, -14.809809498778858, -8.225184926827936, -12.613395256642184, -168.71971428751547, -45.16694325733577, -83.65290652388187, -46.008832456680715, -40.03724787581146}
Generation 62: 647598.0 --- {68.19920525077674, -46.258666978729686, 5.546863744785316, -11.16287731529264, -8.359068295404214, -29.235312302190664, 6.5995000435714095, -16.404874648617586, -5.3587980690438854, -25.82253907191628, -176.1482367767816, -31.30601512483495, -79.43919811002314, -48.843295101064676, -37.826066666834244}
Generation 63: 538082.0 --- {68.19920525077674, -46.258666978729686, 5.546863744785316, -11.16287731529264, -8.359068295404214, -29.235312302190664, 6.5995000435714095, -16.404874648617586, -5.3587980690438854, -25.82253907191628, -176.1482367767816, -31.30601512483495, -79.43919811002314, -48.843295101064676, -37.826066666834244}
Generation 64: 910094.0 --- {52.95037447057458, -61.85410651971259, -7.676691312558669, -18.06124775263294, -8.52110022430769, -30.17216040389511, -2.7088020885306836, -14.212588397906051, -11.828735965839773, -18.57721842263004, -174.11362193079276, -20.043419061068434, -71.54168680739056, -60.4066895336843, -38.53205596050961}
Generation 65: 523676.0 --- {52.95037447057458, -61.85410651971259, -7.676691312558669, -18.06124775263294, -8.52110022430769, -30.17216040389511, -2.7088020885306836, -14.212588397906051, -11.828735965839773, -18.57721842263004, -174.11362193079276, -20.043419061068434, -71.54168680739056, -60.4066895336843, -38.53205596050961}
Generation 66: 931824.0 --- {67.82372675272376, -58.55639086738502, -2.386588621373826, -18.710636321578868, -8.840663752054693, -32.54496080537689, -0.0014821613744837592, -20.54107255646468, -12.523909590958372, -22.930228923583922, -182.72278946996664, -26.143074165826203, -83.76737642665627, -61.13510512839609, -41.40955043794418}
Generation 67: 533494.0 --- {46.456600390723615, -58.97024106713439, 3.5810873424481438, -15.337831575901603, -13.4488943657387, -36.3904293009394, 10.878502250820455, -4.506335580101327, -4.962187152551424, -6.721834299581502, -185.27332109388576, -16.93897756195861, -69.26923818686161, -62.20688916603149, -28.60353555582604}
Generation 68: 810805.0 --- {59.913085136635914, -58.08145137634858, 1.493939010125128, -5.952218222529308, -6.58625836116929, -28.964281704355784, 7.344212734071592, -36.50658694964237, -18.777135958940157, -36.77069950789053, -187.9670150820339, -47.144384691314706, -107.99561231499058, -60.08550538362699, -52.45484842458484}
Generation 69: 1275252.0 --- {57.29750582627436, -44.034209978654, -1.0662357627862113, -5.463592830994257, -8.892264149276777, -36.25387595724112, -3.3914728260821514, -21.826372636130717, -20.985447118858147, -28.313671604841158, -196.12077150901334, -26.343811565090597, -79.48148366126348, -55.34310777190896, -33.14180412788538}
AVG PERF OVER 50 TRIALS: 101048.78
Generation 70: 880494.0 --- {65.96175038344701, -45.11613002796429, 10.837861138259461, -1.397067290563598, -13.084352782625704, -32.844101027959724, -10.683188317107714, -17.178823052755003, -24.181319127843533, -40.647865827879684, -215.11191300930082, -19.858252365349134, -73.14953246927983, -48.071209948112035, -27.552759578790724}
Generation 71: 1594913.0 --- {56.19313574557084, -53.44637781261402, -3.489756216013201, -19.16473582953916, -1.4161725755432837, -39.674340176401856, 8.063443401630519, -22.692261308681505, -8.344305762262898, -23.485377568357414, -198.15114486685846, -41.859046647746794, -106.89344094635148, -60.570027770713125, -36.38430834980873}
Generation 72: 517738.0 --- {74.66652019438253, -49.15059518624327, -6.6983690745302065, -7.784193248227877, -15.85018471259334, -40.89416126467304, -14.670961692270868, -24.99707652488158, -18.78177986583033, -34.887349680924665, -205.26916253209052, -43.56510694649643, -93.46833083849259, -47.00628215988417, -52.98978027069242}
Generation 73: 546288.0 --- {69.61683117142081, -51.68858556915706, -5.497116680508064, -27.956250728374712, 0.2983822656688684, -36.82218036630781, 16.392915104744734, -22.75572212632247, -24.918874597144608, -25.850441757221443, -198.27623091968508, -49.54886285740439, -93.54587984636335, -62.192273563626124, -56.0647701975432}
Generation 74: 924018.0 --- {60.493411349175865, -50.04708754893648, 2.9976210478331016, 1.1556753333974283, -17.509114697265346, -30.40227508657108, -1.5178142906204664, -28.148882344123518, -19.095730242778366, -44.96485031886874, -216.7177656434352, -35.35939083792489, -80.01818917184548, -48.303494537229724, -37.75078605522971}
Generation 75: 597750.0 --- {61.44168884645057, -55.56185444450583, 4.8149174673491295, -2.3415341009192954, -9.894251342297947, -36.64139122709556, -2.614841279989002, -35.00385887816485, -33.907507705706486, -40.20660882377596, -202.0408015955321, -13.86195529668072, -96.67180169690297, -52.94202519900048, -34.63302347130401}
Generation 76: 576291.0 --- {53.05787327681796, -56.243167429876756, -0.03557810598101341, -1.7849475846286094, -11.37327128347238, -32.9830496501336, 0.7454466238898425, -25.7080659579438, -21.459703584853308, -44.74284537284302, -211.50386330639242, -31.25105762805756, -99.29784911672022, -63.17580609914582, -32.99555682471637}
Generation 77: 1290757.0 --- {63.89951723244463, -51.952193809792824, -5.02423435472252, -8.08225322912477, -17.848147086856443, -33.806394481483935, 6.70488899220619, -23.176022795468377, -23.959870235150824, -40.939792119689955, -215.14640013799652, -29.09070679440486, -76.1145366893453, -56.85523478974932, -50.74507086675673}
Generation 78: 553505.0 --- {49.31219231775749, -39.17796388002363, 11.81167996759582, -16.975458226683696, -5.2330024270170306, -27.9909854945023, -9.482103284882527, -39.40658229507626, -16.11034561506624, -23.627719777501184, -212.0828614661789, -26.79247019355081, -75.65934258931458, -61.325281908897466, -35.55993569339481}
Generation 79: 878377.0 --- {71.76081908337778, -56.484850201245166, -6.190119578345718, -3.678750104043754, -11.652034328219296, -24.409438203724683, 4.2790535427272385, -9.136958247606538, -12.519337402788588, -54.262919035028645, -215.56881510660065, -40.8420279824354, -76.52179335033169, -60.08658077086002, -50.536745233073376}
AVG PERF OVER 50 TRIALS: 208832.26
Generation 80: 924716.0 --- {69.99058610691347, -53.13832222078235, 5.297730475425535, -20.4890479989609, -7.1824821994377945, -25.982651737529515, -4.529048598496118, -19.841693158847914, -21.080400905849608, -14.324034421227957, -243.83309010986406, -33.02164126757375, -76.38675603203504, -57.0283741995058, -45.83504403722723}
Generation 81: 349531.0 --- {70.4262138179025, -61.613570253180974, -5.322777540254035, -4.296727461348934, -16.498518048283085, -24.101742566680034, -2.1941536547844906, -29.30363506306629, -1.5994376615975696, -31.153763793360245, -220.4587613411911, -29.488853111010187, -59.40100037649485, -49.020506822322915, -28.60466610567424}
Generation 82: 866382.0 --- {68.14537302735509, -49.97963024284294, 0.36508801469921326, -12.324005962508565, -15.164179189012142, -32.68511525423227, -6.763540335941424, -19.812584707011187, -23.74987167743349, -32.32206619207462, -245.82786902585673, -45.144366757825, -67.97605120589186, -50.51933332365431, -51.71427226358767}
Generation 83: 978539.0 --- {49.288275301241974, -46.44480575706553, -1.2387666659630852, -24.65597595012276, -8.037861979086298, -25.294574602306728, 1.746888457340463, -20.722271462075174, -7.281377602209621, -44.46771081099674, -209.59072880541717, -39.66959606510016, -66.26022085178617, -62.40151252627232, -38.168670246520165}
Generation 84: 744702.0 --- {56.76197897203045, -48.8387715054991, -5.109787359843067, -7.996498588217986, -7.947991311942411, -21.554263212162848, 5.600220682829384, -23.245389162348225, -17.325009737915092, -34.72128706577278, -232.08233551359558, -34.58852925321052, -59.986864794646955, -58.22769700587866, -51.88950233304493}
Generation 85: 674485.0 --- {59.72910605581393, -38.845765098152796, -6.304405429909844, 3.7848229159019766, -12.273029712264446, -22.77530901050951, 2.5054350607707363, -12.802357829472765, -4.563791324609721, -29.302004493125338, -233.19636880064087, -30.49832606749156, -64.16254523883303, -58.565599668334734, -46.44489565696661}
Generation 86: 958923.0 --- {57.64687360527162, -32.35403122704872, -5.280097769688536, -10.544644491431216, -5.638488549449868, -14.314098371778147, 16.919734985155564, -23.264836518584673, -15.646249908152047, -20.23991634015183, -224.38382115823046, -56.65668447809004, -86.3771710105659, -70.48152447768916, -42.46297759795398}
Generation 87: 1196286.0 --- {75.88446539797698, -60.40071929716859, 3.3890837531160396, -18.39897322113294, -9.010569382898995, -40.8098018505391, -11.072238374409665, -22.219696441275495, -13.334437553739084, -42.86815690274517, -258.7124465164826, -36.64652815833135, -54.43845864580756, -50.328945052257495, -62.06944082450428}
Generation 88: 1417873.0 --- {75.88446539797698, -60.40071929716859, 3.3890837531160396, -18.39897322113294, -9.010569382898995, -40.8098018505391, -11.072238374409665, -22.219696441275495, -13.334437553739084, -42.86815690274517, -258.7124465164826, -36.64652815833135, -54.43845864580756, -50.328945052257495, -62.06944082450428}
Generation 89: 480044.0 --- {66.0224620906665, -66.01584630274932, -1.5718537903160692, -15.866443670648184, -18.925826139515458, -36.78349331756944, -6.925970324514726, -24.110298700905272, -5.1759076440284115, -36.5036198264442, -238.81937202551276, -49.37156810487731, -63.7953951407773, -52.65257656696618, -41.26602883663307}
AVG PERF OVER 50 TRIALS: 141729.7
Generation 90: 930593.0 --- {63.09827887856021, -67.83295255847226, -14.191597055653386, -11.090067845556208, -25.843515734161194, -47.047830231586744, -6.350752598191001, -20.76229183759656, -19.32362561572713, -32.824139965035876, -233.47736407516058, -60.10468736028644, -68.05137413200636, -43.62764773884326, -41.68751869286602}
Generation 91: 1250669.0 --- {80.19521258315183, -58.64514615170928, 14.971649366310444, -11.712813377299186, -13.056326201077367, -38.72009298528305, 3.613816719229469, -34.98733391111152, -29.33279974138781, -50.80172990622931, -258.8568994353903, -52.44834111762572, -78.95895967200909, -57.798584173589575, -49.28783549821948}
Generation 92: 1438953.0 --- {70.5439004582085, -50.67920096625359, 2.022225810533486, -19.36804422439145, -7.966011813655214, -32.574881486333815, -5.272408200744238, -25.755465445684266, -24.209058374122257, -13.748787555125794, -242.40138012627108, -33.82126880625299, -75.71005541355547, -54.37149201813911, -47.94601387036956}
Generation 93: 1611437.0 --- {64.71776380030796, -60.20348826442037, 0.2697101669043027, -13.560734216921947, -8.510139516110353, -48.82053265712156, -17.745429079690954, -30.89402763461145, -14.114820244373895, -25.54075218990181, -253.6023407967786, -34.85174191313539, -71.2676257610592, -58.93031808554562, -42.67853400920427}
Generation 94: 2020132.0 --- {73.6234491505656, -52.238028713333506, -1.3640850990271294, -17.7764362433753, -8.087047474942416, -54.94305972583859, -15.367060228439938, -34.88272386909692, -15.16662920161781, -27.922337391863557, -259.95239765307355, -53.007454198097825, -70.3923566106384, -47.98640245104056, -42.65694263957552}
Generation 95: 555511.0 --- {76.20847489404932, -69.59065542068748, -8.922166604195445, -14.252475338663269, -3.391854337469754, -41.18506705681225, -12.40027844441943, -29.128233626874405, -24.531813611987907, -36.62691049070668, -268.9641971013882, -33.24490403900531, -72.32914357380012, -66.6700329189456, -46.53586530244085}
Generation 96: 1249386.0 --- {74.02705735062912, -59.03930695877262, -3.4169194541933186, -1.5462573495834135, -7.431342743961677, -49.590100412190445, -0.6850167370036351, -19.234794992138212, -17.135219230528207, -39.682750908796535, -263.44095989107956, -48.37945111844345, -81.63235930232734, -64.9745079567483, -46.238832475447445}
Generation 97: 1475058.0 --- {74.02705735062912, -59.03930695877262, -3.4169194541933186, -1.5462573495834135, -7.431342743961677, -49.590100412190445, -0.6850167370036351, -19.234794992138212, -17.135219230528207, -39.682750908796535, -263.44095989107956, -48.37945111844345, -81.63235930232734, -64.9745079567483, -46.238832475447445}
Generation 98: 850081.0 --- {86.38765685785779, -47.0442472845941, 10.673195345605553, -3.667947722299605, -4.114217593567284, -26.046037667572186, -9.667016072119846, -23.191912287449064, -19.902641907198756, -29.37463232854111, -254.30850001414422, -57.083757745188564, -92.17814209202172, -57.49856284453357, -61.72672814557028}
Generation 99: 741677.0 --- {64.85456637594024, -69.77371906639227, 3.483723782900259, -12.091302619368046, -0.270042187470783, -48.48254571751269, -8.749377474198974, -33.98822531802396, -31.684063189026357, -47.19594889898454, -275.3283316275258, -49.68846111087196, -84.21055473728553, -40.18837911857098, -55.689811897595746}
AVG PERF OVER 50 TRIALS: 140036.4
Generation 100: 1039712.0 --- {82.63172639312204, -84.9096481398351, -14.86487726866199, -12.676163791383242, -28.911846033012452, -43.496281080952514, -0.07072212158786773, -17.334362345207726, -7.179501923391211, -22.890876640158478, -264.86280888466905, -35.59467840175745, -75.69557344840175, -72.22680415316665, -57.22369816473362}
Generation 101: 840500.0 --- {72.75899738505923, -58.14270750087299, 1.9975803276221056, -12.182954732177507, 0.32999756769417843, -35.60754320575306, 8.329734057797804, -25.870255852588343, -18.87991412838882, -19.343092628690943, -274.80749862462716, -60.0618439047093, -75.83975647413574, -68.91062639259253, -59.57823007003872}
Generation 102: 1600952.0 --- {67.57991486093093, -71.61526297233382, 2.591850474470482, -11.024235078076163, -16.0760968197702, -50.29604740332216, 0.26016576984970774, -28.773846591072157, -1.273797620349674, -40.10622162052644, -274.40889235248653, -48.193034655436996, -86.39002864659155, -63.70055867256682, -54.30135773467885}
Generation 103: 959600.0 --- {72.5746780885611, -49.65265884919724, -3.04923593110854, -31.966172746415445, 0.5147244722840298, -27.20862180137816, -2.7159854667079495, -25.906786851285368, -11.988108534385283, -24.244851352430906, -252.95944928011863, -49.51919488364732, -72.33315319486748, -51.03378283639677, -67.26394429117315}
Generation 104: 1386136.0 --- {62.760103825522535, -62.4472199434434, -0.6181806330484653, -11.618474697512609, -13.96677702292587, -52.54548729655238, -2.069138681411933, -46.19357729269049, -8.58630021962628, -25.171036589812047, -273.4305925598176, -44.266217031671346, -79.51166210796868, -55.18333605014254, -62.23002156550535}
Generation 105: 1184998.0 --- {68.55819644141687, -66.37596328325071, -9.94400593812398, -12.975709019668805, -20.33352036575046, -57.579494924275345, 1.7264922855180442, -20.219817772333638, -12.161830185658518, -49.92717090654514, -269.7129465297438, -35.468135245468154, -92.56868947366686, -85.0673971687926, -44.57555603699427}
Generation 106: 657000.0 --- {68.35191167720485, -53.879435267137836, -10.578135218588525, -20.487786379295716, -12.493896029089026, -49.27592693677278, -0.29298128794917755, -33.870474033439734, -26.561623028992685, -51.24755069700788, -281.4424376817197, -25.393504648618944, -77.95920583044581, -63.61750596542421, -65.28242199208171}
Generation 107: 1447233.0 --- {74.18536868278794, -59.71908662975886, -3.0752385799219732, -19.756761222760947, -10.23030409532284, -44.39701172256912, -0.9361875838979064, -23.30669834973562, -13.15475584359391, -39.34808716697517, -294.0402927117037, -32.65368300608976, -84.96724740065599, -64.3398090400429, -61.71084067739988}
Generation 108: 978472.0 --- {70.50748595345023, -59.6752085562389, 1.5074841164758666, -18.283403294790237, -17.07382028418793, -41.09354669024837, -13.51921644471535, -23.890282966016535, -12.638766842583916, -41.40836848218352, -270.1229557362757, -36.426163892312964, -79.09499765036294, -56.60560582939071, -63.763238442626566}
Generation 109: 1123475.0 --- {76.01338922166478, -59.391243694823096, -2.7309155040751705, -16.703566190925518, 3.953028317510249, -40.980268131711334, -12.594760261713759, -23.051027078857032, -18.32855015387748, -30.25771139500696, -267.87968981647685, -42.347522310952584, -75.07102968496787, -49.70575842098433, -59.44117122176223}
AVG PERF OVER 50 TRIALS: 374192.32
Generation 110: 929924.0 --- {68.09380188233041, -59.06980781243995, 9.036916050346324, -14.537141324302638, -17.69551511021802, -44.105585574044945, -12.828040044060225, -25.05591019144265, -20.621514896670888, -42.76140333982216, -260.40490364388603, -46.90005680289769, -73.73805862551944, -47.65957564911226, -58.34947515506335}
