TETRIS: height 20, width 10. Noise: (50.0, -0.1)
Generation 1: 103.0 --- {6.321032241476521, -9.446630901641983, 10.07205084802845, -16.206206521986562, 8.292798839297376, 3.9732816675413964, 3.284447861819663, -16.809022495981573, -2.3820131047689803, 6.535857701417127, -15.297116074333001, -5.36714948339055, -12.040906195225837, -11.556435313496996, -3.5331418234170098}
Generation 2: 425.0 --- {6.554674138366761, -8.578174932338868, -14.421184836152195, -8.998574951354975, 1.5141223648648512, -1.8018812333826892, -6.761994478647534, -16.492394512679212, -3.3374337064308253, -6.412286037883712, -21.091484159774648, -18.28732689983375, -17.783205630266487, -2.5540127235399996, 3.473519466216575}
Generation 3: 485.0 --- {6.554674138366761, -8.578174932338868, -14.421184836152195, -8.998574951354975, 1.5141223648648512, -1.8018812333826892, -6.761994478647534, -16.492394512679212, -3.3374337064308253, -6.412286037883712, -21.091484159774648, -18.28732689983375, -17.783205630266487, -2.5540127235399996, 3.473519466216575}
Generation 4: 1244.0 --- {11.368140727884985, -13.410548875621403, -3.0662999570018687, 6.788554022722057, -7.131563464701795, 5.913710859651344, -5.429299791348786, -6.0047671704584635, -6.017878109803123, 1.1553797310628608, -19.94526764670583, -6.67471048602315, -24.028776686541704, -9.696552125397147, -9.316021261232592}
Generation 5: 3416.0 --- {11.368140727884985, -13.410548875621403, -3.0662999570018687, 6.788554022722057, -7.131563464701795, 5.913710859651344, -5.429299791348786, -6.0047671704584635, -6.017878109803123, 1.1553797310628608, -19.94526764670583, -6.67471048602315, -24.028776686541704, -9.696552125397147, -9.316021261232592}
Generation 6: 2267.0 --- {14.621995538518382, -9.707463744771548, 1.7262012668944018, -8.512880690713047, -9.341115992059764, 3.8052786201398083, -7.487331515995396, -14.775588638625182, -1.1580712069114576, 13.577419860999594, -27.287562190250988, -22.99812240881765, -27.816427886848608, -20.91758299297942, -9.601417123147879}
Generation 7: 2575.0 --- {19.937319542200758, -6.362230069524027, -6.77887443695842, -8.088997754345383, -4.046837681111144, -4.187587465225395, -6.07706438154476, -5.768478186029633, -0.19924798388358023, 5.925838964940507, -35.59912624676194, -22.51718181533306, -15.965206384504599, -25.959789204823323, -9.508258277014805}
Generation 8: 11141.0 --- {2.362352886199229, -5.658180142460746, -8.062031585017891, 5.618615075344449, -11.060441344936512, 0.5423456665655657, -4.857666105927823, 1.6941534331708805, 3.5626598238197524, -4.452375485229506, -30.062182682786535, -18.939419193684756, -30.93246531750445, -23.731558289762138, -0.6139376452692247}
Generation 9: 9197.0 --- {10.508829803167446, -7.526070636918837, -16.389923034867603, 0.3671537974866306, -18.57587538682517, 2.762556687969865, -3.6553920983369705, -14.914016430041006, -1.7622809613375003, -17.89045463442791, -32.9238497879801, -23.25166091649844, -61.244085885372655, -22.54091822192204, -6.33443936902956}
AVG PERF OVER 50 TRIALS: 13033.24
Generation 10: 21695.0 --- {14.797432565330844, -7.393425534142024, -16.197537984287045, -10.871176508688905, -4.426965592806379, -0.22232639943059374, -8.404175611437795, -14.050671699825044, -0.2949269912517408, 1.8699635315658014, -38.94297444680096, -14.868046576094933, -37.09543033246247, -17.630916272805585, -13.298176878664783}
Generation 11: 20363.0 --- {13.161239749026201, -15.831905906191476, -9.370969791316982, -6.495496241371047, -4.040312175928888, -17.661326331964155, -0.914254386865319, 5.167050310043607, -2.4478955125997164, 9.023163426417504, -55.0282054568849, -14.629639686720267, -40.90865692845793, -31.665392187829994, -5.864523847982953}
Generation 12: 36505.0 --- {9.231081722985136, -3.94827217079627, -4.767140267375736, -9.402289256571192, 2.6274114637460384, -9.87917180892995, -10.17853674425751, -5.866313578807216, -6.184843513851541, -8.21484323392303, -51.56356883647905, -15.519766181508237, -28.977488753675182, -20.35227921904235, -10.37596229699164}
Generation 13: 30854.0 --- {9.231081722985136, -3.94827217079627, -4.767140267375736, -9.402289256571192, 2.6274114637460384, -9.87917180892995, -10.17853674425751, -5.866313578807216, -6.184843513851541, -8.21484323392303, -51.56356883647905, -15.519766181508237, -28.977488753675182, -20.35227921904235, -10.37596229699164}
Generation 14: 37056.0 --- {20.221048699944056, -15.879683911693338, 3.1837471228141556, -4.397077084421513, -8.038860526032112, 2.128078062885896, 10.079787635491357, -8.183021845397274, -3.862623572149472, -6.31240539416588, -51.608638745324804, -23.772628607676808, -36.09342169709612, -27.264310118517763, -4.201988775636275}
Generation 15: 87469.0 --- {17.123227047208655, -20.535415866380347, -5.642210354669226, 0.30512660760083055, -10.11312190444303, -10.892023490922526, -11.026594351239375, -0.21272344105762642, -3.3313217699257374, -4.043568281645801, -45.49932446831305, -14.312177343424047, -39.51844411766528, -28.363454594019736, 0.0999878394728011}
Generation 16: 57868.0 --- {17.123227047208655, -20.535415866380347, -5.642210354669226, 0.30512660760083055, -10.11312190444303, -10.892023490922526, -11.026594351239375, -0.21272344105762642, -3.3313217699257374, -4.043568281645801, -45.49932446831305, -14.312177343424047, -39.51844411766528, -28.363454594019736, 0.0999878394728011}
Generation 17: 43684.0 --- {25.334215498252874, -33.80709681164499, -16.787033396410678, 10.277999531338969, -13.139632527668233, -1.4026946196261125, -0.5715104424631476, -12.947653624989178, -2.905572046776851, -6.065979920220997, -61.15147137299136, -19.29181207580128, -50.25854225655587, -25.32101464820681, -28.949836621709224}
Generation 18: 167244.0 --- {26.380557259918582, -20.783694193416647, -17.942153179212493, 2.782938967247261, -6.635867154869004, -4.936408688858757, -6.4999981038763455, 3.9694943962679643, 14.27804655040663, -4.577523583138841, -86.56312221506244, -20.707927367195968, -41.467438739193454, -29.86644931736481, -26.6341808196693}
Generation 19: 98386.0 --- {13.48522111053688, -13.709756289421566, -14.972497064474826, -9.782109393498889, 0.9873059152568118, -14.732527327968395, -1.5828180379245778, -14.284987815758365, -20.607787236417334, -2.8144791010013313, -73.44775649125708, -22.086326188857875, -41.44075143043321, -23.093404167882255, -9.092007659596906}
AVG PERF OVER 50 TRIALS: 51807.66
Generation 20: 96098.0 --- {38.379881801421845, -24.53910986676752, -13.941129437708778, 4.854317801588194, -2.650705497088347, -15.92337863895255, -14.735415977903742, -2.92427710619327, 4.069800907892772, -15.732261657650005, -87.77034917303591, -41.23038126764641, -54.243530698815746, -34.46344661461866, -17.09539376768653}
Generation 21: 118197.0 --- {28.92259581949869, -24.02898893598742, -16.108115213566442, -3.404386548618012, 9.009391011418566, 0.8678656587725708, 3.6441874983593263, -8.403381518858899, -4.989014466797074, 3.9651483054991044, -100.68202774993296, -8.752377626995228, -50.413075079304804, -50.4500999388362, -28.732741922211677}
Generation 22: 56774.0 --- {34.297702135952136, -29.385424380301217, -4.375482583001354, 2.2379499330467945, -2.1722109662587847, -22.17767922222763, 9.955579449618028, -12.333237503162113, -1.4383773266762536, 11.322257662069852, -80.64276993369654, -16.747271821175254, -41.198153510450425, -30.73905090270751, -16.481368360461815}
Generation 23: 82951.0 --- {32.186757226994615, -29.472064821290473, 1.9212971663616623, -2.2164177452047955, -0.028478399804116483, -12.250263489740558, 5.090847048928623, -14.861949828409209, -6.363131250152399, 4.78419182817179, -77.20518888096572, -16.648327092000052, -47.37208549762823, -36.72775951625034, -19.607044286321326}
Generation 24: 253764.0 --- {25.21141005122181, -27.16718499918513, -5.192848601516598, -7.3258419870786655, -12.106418641683817, -14.072322142489774, 5.971927975085642, -7.116379584994712, 0.45823066236533627, -13.825455556873724, -103.41923297819208, -39.23197394559336, -64.00054339095593, -36.773339971302654, -24.53231920347992}
Generation 25: 414156.0 --- {23.52087483168105, -27.190186678787995, -5.017779215423223, -6.802955350409033, -19.301982092094352, -17.00116332183711, 9.38094364184614, -8.132415886329804, -6.362443588894657, -15.383375131366705, -109.0213948176679, -22.564778764613305, -60.000093201190154, -36.51231626776086, -15.789630344671817}
Generation 26: 256606.0 --- {32.63384842587329, -10.47324576750407, -32.48197253479664, -9.252387663563354, -1.8990354330511154, -1.469208151810573, -9.376096545763039, -12.611945119608844, 0.9016748598935358, 8.1247800573113, -113.42041259901193, -26.302294548969986, -63.46467644461565, -49.219684221309265, -21.176407192105245}
Generation 27: 158198.0 --- {39.36640784106775, -25.58106398088113, -2.966472432340602, -1.3312387787632225, -6.914196069813041, -6.076197782096844, 16.288679232422957, 6.3323315951747325, 4.81328100335643, -11.441350797813111, -92.28816755684224, -30.95462256924892, -43.58593104555784, -49.32494965318159, -32.02920715465917}
Generation 28: 215838.0 --- {19.866952246767397, -24.578601964338556, -14.260151889024652, -3.856103816401907, -5.31379566063517, -3.3414689106406206, 4.027468058248489, -10.98514121739002, -13.468121765334313, 0.725784581715339, -115.23642404364995, -17.862969802388058, -36.42522393649713, -36.29586814653307, -28.480054161060817}
Generation 29: 137130.0 --- {32.32738891733977, -21.167688021036614, -7.951873515712689, -0.41446630210359814, -9.946435833043179, 5.7535336838893745, 10.334737428141466, -1.3351166154807235, 0.21430760753424316, -7.620413264712524, -105.16701044783586, -13.395225139958294, -48.512509908841416, -51.0118068874621, -25.36292790917711}
AVG PERF OVER 50 TRIALS: 57048.24
Generation 30: 268698.0 --- {15.089755636029864, -31.29602800948842, -4.876640641490671, -7.368677741961681, -9.440384284475883, -12.025117985077028, 9.418005394933266, -13.20434574814665, 1.2064739050485294, -8.95377622090759, -107.92812009680374, -33.29964329771529, -64.04513829088222, -37.685137865571036, -25.74063726256781}
Generation 31: 287566.0 --- {45.322033540026574, -27.197231650727453, -17.12041200309214, -12.484102755497549, -9.374664057651405, -6.423650771110355, -5.1236054265379405, -0.1665338642515486, -1.6618836542119606, -15.475230917542808, -119.02816335061252, -29.327874335751705, -58.15033041670039, -40.584686210370414, -29.131389128936746}
Generation 32: 164653.0 --- {42.836968834515034, -38.9531955990989, -7.412530219226163, -1.3620281727044228, 1.0471832557413618, -4.013638310388322, 12.809858719878829, -5.050232209368549, -0.044035973904994474, -41.43378321088953, -106.94587098912756, -51.091489811237764, -63.997904314441854, -34.59403514947509, -29.123702684218948}
Generation 33: 411371.0 --- {28.577531815573334, -28.240336098748035, -15.479877843778763, -7.418403459792229, -4.584251617449894, -27.71885826782275, -7.9205985267112915, -18.543606170041222, -13.552191406380597, -17.989332109565158, -117.29461971342477, -19.00161781884664, -61.511830287846884, -39.11554292463882, -16.121913793475592}
Generation 34: 220051.0 --- {47.31859534707719, -21.301479378928132, -2.2840568291823926, -14.149667823412766, -4.511809426613812, -15.563036059443927, -2.5683468659087993, -10.173463076759326, -0.32447317587053237, -22.59631334552379, -123.91180140000093, -34.620105377509994, -55.172304327355604, -36.422224510100676, -24.779952512471}
Generation 35: 273272.0 --- {31.7466355404858, -29.161243362901587, -0.20399069501579614, -4.445225215102969, -0.6585088388231366, -17.454085201921405, -1.6839413126357632, -0.42502942228506235, 4.326765039078198, -7.2170846048400525, -119.82052600388539, -18.868254954414958, -43.93118219885679, -37.28768786312785, -26.81243890839154}
Generation 36: 262246.0 --- {34.9616280162802, -26.312501397611232, -1.7168334621858783, -9.064716372738033, -9.63918329117784, -11.733048167938632, 5.782469487792632, -9.654597381372284, 1.3880158700427963, -5.503921012180054, -128.96012572831222, -32.36098724811043, -53.73647863647045, -43.97028107938535, -18.115872660188142}
Generation 37: 312502.0 --- {35.24242495583118, -29.273167091616667, 5.149108006211707, -4.441891837462468, -7.8739700419060625, -24.58907947875419, 0.3322140386276722, -19.729606636497714, -9.668392314003057, -17.212901031230523, -111.90153593899886, -19.9994687647647, -55.19630631361426, -36.10881921374974, -30.296203963046224}
Generation 38: 325448.0 --- {36.99620954005105, -32.854922298926915, -1.6776744313611835, -14.400562782415607, -7.53162700135941, -13.845808853826377, -4.007342436439906, -16.250863960833158, -24.430018177076196, -9.363725622716991, -115.1099120914822, -30.783644812750808, -57.816776950789205, -33.24732799455944, -24.968460724903366}
Generation 39: 437674.0 --- {35.24242495583118, -29.273167091616667, 5.149108006211707, -4.441891837462468, -7.8739700419060625, -24.58907947875419, 0.3322140386276722, -19.729606636497714, -9.668392314003057, -17.212901031230523, -111.90153593899886, -19.9994687647647, -55.19630631361426, -36.10881921374974, -30.296203963046224}
AVG PERF OVER 50 TRIALS: 106716.94
Generation 40: 335271.0 --- {42.30742511624797, -37.437549946269705, 4.907491108426206, -0.2471442762278624, -13.798129936546388, -14.005487815666593, 15.35092581967756, -1.3023117473506236, -13.006333895638855, -11.479824531674431, -104.03074876818033, -31.342207447635232, -67.94524224181187, -41.88125478735367, -34.00967113329296}
Generation 41: 577173.0 --- {40.27875332399324, -47.005268156204956, -8.028811984956876, -7.9547842307552585, -6.6984743500341475, -13.445190985822002, -4.697925624648503, -16.448390462195782, -19.957327641730103, -8.284715848036306, -144.35274071995457, -25.462560585771353, -83.01740217611454, -46.0104573285711, -36.11263332178886}
Generation 42: 483175.0 --- {35.31957345656846, -29.782988319270586, -2.1989106465279753, 2.7191276694527655, -9.586698257101046, -18.548489003756018, -7.73820941885949, -17.75389153830349, -6.186407131610482, -20.217638754930544, -127.63285431861112, -30.072417757907893, -60.80824107285106, -35.83768395743721, -42.93695482786566}
Generation 43: 461859.0 --- {32.34693241564138, -31.699398302593575, 16.73023836869572, -5.863136565691668, -13.548002218907545, -20.938706712761295, 6.557265368875674, -8.106311059583437, -17.40465249457491, -19.074849103318797, -138.22550106949348, -19.942267962404088, -64.32756544535287, -47.39071399317018, -25.18559750368702}
Generation 44: 357553.0 --- {33.75162743033893, -48.84795618920554, 3.1213525102459774, -2.928731388099254, -16.80424151361153, -16.9206549112172, 7.302871148020757, -22.422928860740996, -6.206008844973377, -16.216462336355285, -146.8099700590572, -26.058314698997027, -55.820307811703756, -43.73985571963255, -28.081740355604857}
Generation 45: 461865.0 --- {52.164701492815844, -32.49200027550429, -5.347233756410377, 2.5079420266587618, 3.648158996557564, -24.17732981203022, -1.9835735897268993, -18.865530952717904, -13.924794728389681, -5.907396166684606, -133.52478069238634, -23.51501824478887, -39.99760580856167, -35.11624785295764, -22.00547218075738}
Generation 46: 487330.0 --- {40.12769765765145, -32.95992226939487, 1.6570685476255784, 2.441259305820914, -9.525379143308685, -36.505834490896255, -15.188249679382324, -23.847378034567583, -15.79131465026978, -14.731897135110662, -113.16782413645751, -57.24002791377127, -61.32157233225113, -19.700327324371315, -20.56401597203317}
Generation 47: 493043.0 --- {49.05270407019631, -43.81775845266329, -1.791431294378523, -7.545060786222038, -9.438419828611206, -26.14330038692524, 5.3650739674631485, -14.088312736986913, -6.514684152056343, -10.64282346523452, -122.5640502108329, -36.58139996345257, -60.913467683188145, -33.25596867862445, -23.09700981508303}
Generation 48: 434984.0 --- {43.111823495611624, -34.385637808371165, 6.412998604996682, -14.669721535060274, -10.504065727338782, -29.83398951878135, -8.071534102696486, -17.93100363185134, -13.743989284357541, -31.02098484426685, -128.0036909234266, -45.551381733990354, -61.702467285302134, -27.815892957198553, -28.765728859911516}
Generation 49: 535919.0 --- {42.46972149977944, -26.91387423329546, 0.7391380632904645, -7.985175955013659, -5.125830997187336, -17.052691937664587, -0.9196462476041409, -9.292004452025905, -9.694626337991393, -12.269762702209668, -112.23724465576927, -26.916294513136094, -57.47518429173681, -34.23290027083125, -35.95622616449007}
AVG PERF OVER 50 TRIALS: 153283.56
Generation 50: 680210.0 --- {48.389218497792655, -39.84687889415898, 2.0535519258121058, -24.914605597123906, -0.991754017557386, -18.373120421171798, -4.826797880898027, -14.89711814206047, -3.9380953163074164, -11.366703088069997, -131.97114599037295, -34.3381054411731, -61.077429840748486, -35.26729663802237, -38.28163429453142}
Generation 51: 547912.0 --- {42.476216356146026, -34.65645346061045, 1.048416475627231, -15.169117003612788, -0.8462234696741193, -31.693240752693292, -10.586607404343528, -16.066679450148452, -4.794452465833349, -13.977039601145815, -124.22530496094973, -18.015973693238124, -71.47902875672722, -31.176918141724208, -45.63506862439947}
Generation 52: 316941.0 --- {44.445909734203454, -23.18758429046767, 5.218040926822114, -16.232563724890294, 2.6425916376631564, -26.15394404156048, 2.344413046422681, -24.913759003526167, -9.48887746365617, -19.0299098201682, -125.20394163453132, -44.95588021543418, -56.890310556795576, -23.091158001769752, -28.14648025319021}
Generation 53: 574280.0 --- {33.972915594359826, -33.87243561979027, 6.508935166199633, -7.426534062044917, -14.405610019573846, -15.24331588417702, -5.85052534058025, -18.081029868262124, -11.654264018509203, -23.44646628114258, -137.93961379951253, -38.732168061200476, -71.67404832796976, -38.510325629779786, -32.7780284065132}
Generation 54: 422416.0 --- {46.2288396735925, -52.002014753245305, -6.182246000732963, -24.677197872864774, -4.215245795599309, -27.16435124609209, -5.035006254035425, -23.15110907198575, -4.012608672017941, -16.486329750896466, -128.66108424681224, -44.77210534733595, -79.9153870829574, -35.27201461493494, -50.22812054418972}
Generation 55: 462298.0 --- {54.655693696938236, -42.94132090741592, -4.856862788846822, -11.822548520157753, -2.4886563696313373, -24.821563968078383, 4.669194643732009, -2.948030217029695, -1.2777144880614681, -6.34723146763489, -123.0810339278283, -52.776306510326705, -90.02726509345895, -35.59738018032567, -47.7824492005548}
Generation 56: 723507.0 --- {54.016859617518676, -37.213248541778626, 3.053087804701636, -10.888659060309376, -1.6937267469824402, -18.232107685811886, -4.2441304710299415, -16.719467317568977, -10.111415257106632, -15.806061059830526, -133.80646278391092, -51.831880372823626, -91.23213065926811, -43.56109278005326, -39.352995459028506}
Generation 57: 565025.0 --- {41.870570136168936, -23.6143929220606, -1.970077031117663, -5.388566415546183, -4.560756312479141, -7.2976723266514885, -1.284161982015727, -19.47987448700985, -5.956686267510513, -10.43102569393765, -114.3206590702507, -55.54984503554854, -69.86749122050264, -37.55453475989342, -43.55910938948752}
Generation 58: 440736.0 --- {38.90751690462044, -38.43717005620938, -7.436802474503563, -6.426243192719171, 2.180612081176239, -25.46493841931329, 6.349776385449204, -27.086366741727616, -21.214266688641857, -25.90435090575997, -150.7015305016395, -38.53845940534268, -65.61018008492564, -38.421721396718496, -32.60949353287868}
Generation 59: 441093.0 --- {67.41652325239876, -48.68633725854998, 17.264330771083998, -12.342482754490934, -3.0014354723629504, -20.553405350769935, 6.192903404992201, -23.46188494849217, -15.544554089185265, -12.044762435649195, -156.25752186392057, -33.72643920023772, -78.05182610712603, -56.693267157974304, -47.04758814075586}
AVG PERF OVER 50 TRIALS: 94333.2
Generation 60: 665115.0 --- {48.1933771490474, -37.403717281470506, 5.181568577939142, -5.582749282968416, 5.238126381424863, -16.830184408183598, -0.6945916858151961, -10.82777720786885, -21.655332447138964, -19.634698674840067, -148.5090074968071, -28.932740383578384, -70.97932407930514, -50.81069404962297, -18.746070566827214}
Generation 61: 866007.0 --- {53.567937275558556, -45.29093983370775, 7.554787446774238, -12.98796765674111, -1.0492669236127603, -17.7113961637625, -4.635833119435313, -32.11779361155256, -29.119933174061774, -17.98548994164363, -163.41569770684288, -36.55540619622989, -76.5365884615622, -34.703692406543624, -43.227088159568005}
Generation 62: 507276.0 --- {63.29783822376979, -53.068420089974396, 16.745270141102523, -0.7614634165018614, 1.2258373809881777, -33.781125833300464, -14.874498721902743, -33.14996662306303, -21.872148998205297, -20.536138788692067, -182.2045212177475, -48.079132117457966, -82.24842456858232, -41.44307773914527, -40.859682745494894}
Generation 63: 523223.0 --- {61.368026837206195, -41.10257771622619, -1.597717583230163, -26.83105513323516, 12.597329264006007, -15.404640471330088, -4.737025987014104, -18.150936991739762, -22.74165995069467, -11.50151135657299, -164.0091436772569, -43.17886212678803, -73.28305615077609, -48.730112365142354, -32.871478754715476}
Generation 64: 531969.0 --- {70.8176208460436, -36.801278898792916, -0.1837118219061069, -22.779799760860385, 5.731566498228085, -26.60985363232195, -9.775829620536006, -31.314805334017233, -15.278768625272518, -17.345350534450905, -174.3136285014597, -43.22224251917307, -76.92440963599746, -42.48421409989006, -26.830558868721823}
Generation 65: 1012661.0 --- {61.48082639755415, -37.04717306388317, 5.993915065716417, -12.081064158446198, 3.868734588917861, -29.786211507097587, -13.062593739047589, -17.369709604243873, -25.23500220667202, -20.85225067762333, -187.4892340662014, -46.145601611339266, -67.21419510242949, -33.878425499474154, -39.178069411915274}
Generation 66: 828882.0 --- {65.56066904368048, -37.69524143313034, 5.574732334945218, 0.007002729559104637, 0.563044869053714, -40.86478644940662, -20.21722622413933, -17.80267212959883, -11.638223529407284, -9.897414810408078, -190.05250641749672, -37.62061065471905, -53.7845452966233, -37.847764458260926, -35.09285722556464}
Generation 67: 588977.0 --- {60.03823920515139, -39.5703273424414, 1.7119852200108117, -5.011912823375733, -4.423279335664448, -37.40001664520854, -16.369283384282568, -29.897641029854604, -15.725971142378482, -16.411815690581196, -181.23060500267297, -32.66296444593682, -66.52184704114528, -40.207948353372664, -47.85796619136627}
Generation 68: 611953.0 --- {60.03823920515139, -39.5703273424414, 1.7119852200108117, -5.011912823375733, -4.423279335664448, -37.40001664520854, -16.369283384282568, -29.897641029854604, -15.725971142378482, -16.411815690581196, -181.23060500267297, -32.66296444593682, -66.52184704114528, -40.207948353372664, -47.85796619136627}
Generation 69: 903139.0 --- {61.82814657576251, -43.237443668969625, -9.446803015530541, 6.1937752790503655, -3.0534830028435875, -34.927434255463716, -19.83436011876198, -26.91439901145432, -12.159044737378284, -5.399410163615016, -160.9925498738992, -52.382837425509294, -75.8585775483065, -40.00996495014059, -33.02852538531625}
AVG PERF OVER 50 TRIALS: 208683.14
Generation 70: 568428.0 --- {60.19035296358567, -50.90530090792819, -9.152501803473148, -2.375740436770931, -2.8695001058651552, -20.418014817280003, -10.594779322278375, -21.357437206166797, -1.6738408746538198, -13.3248684872115, -174.46120014039928, -46.47886171426486, -64.02065647979427, -46.34815274888321, -32.52028033862081}
Generation 71: 907002.0 --- {61.67364769451527, -50.45633577923821, 9.32230589589342, -17.89152775013194, -7.053562206824232, -14.650689553210714, -4.761062704854473, -21.86990439380342, -5.066310310083733, -27.602311989460205, -176.1498012333554, -39.756811565048366, -67.4838293826574, -49.22903321905544, -46.9815412790231}
Generation 72: 601557.0 --- {51.2208818515656, -40.12023151652131, 12.089852741133525, -15.427242647560114, -13.754282334824119, -35.51113249084942, -9.557454074001004, -8.266817195540282, -12.58763204386367, -7.958441655019796, -190.11027072061742, -50.642375556728766, -56.55170117017084, -37.82475714621479, -43.28121881870942}
Generation 73: 403451.0 --- {51.2208818515656, -40.12023151652131, 12.089852741133525, -15.427242647560114, -13.754282334824119, -35.51113249084942, -9.557454074001004, -8.266817195540282, -12.58763204386367, -7.958441655019796, -190.11027072061742, -50.642375556728766, -56.55170117017084, -37.82475714621479, -43.28121881870942}
Generation 74: 515079.0 --- {75.14485350472609, -41.910286269090136, -9.906890365517949, -3.0482019161328857, -0.8164540404471072, -21.565924816304797, -14.595052254895524, -16.103547850105933, -23.23190779120928, -13.870464230685752, -206.0312894394316, -49.63152095909947, -61.31139126951975, -51.81867714051393, -25.24217198021466}
Generation 75: 847599.0 --- {61.81545602943036, -51.75859780306678, -5.087065936523246, -2.9243618579693127, -8.957938461079259, -29.149887778374737, -15.22795391281761, -11.618773159030557, -5.849965165087942, -15.990627052128874, -188.46008515912507, -43.997722558285105, -62.552240511227815, -36.18275626512837, -37.00588945328537}
Generation 76: 1091608.0 --- {54.12422775584863, -46.68619448805998, 6.962655946556077, -17.69307282468949, 1.113255729104992, -32.077812041307766, -13.364520706143338, -13.21559877448271, -5.982363724425387, -4.94648738808792, -181.2378340620127, -57.02022929516501, -63.68920871974045, -30.9970031932794, -40.76022985705192}
Generation 77: 433619.0 --- {74.5179934622288, -43.25895993193771, -3.005508673158286, -13.190588034201184, -7.278564649141576, -28.732150505272482, -9.633316990414619, -24.123347647809087, -21.116399685789546, -6.863711425467475, -189.4692589299188, -67.25623605521147, -67.72586617226956, -36.98400509585757, -25.370315584746436}
Generation 78: 554724.0 --- {55.878722473275516, -57.714501641597664, -0.5689057364295325, -19.50818395000704, -9.239825620084494, -27.674613543174125, -3.340895917679604, -13.65377621646799, -11.649941936351965, -19.83780507446753, -194.05708137414396, -47.58735959796186, -57.7724994663551, -44.740874839015085, -22.752602602285954}
Generation 79: 918935.0 --- {69.1572416501657, -44.42282856849158, -0.5190758448282413, -19.98542147545232, 6.544436014912223, -32.51137662192217, -2.6063454484910515, -3.9404622213158973, -12.035740246042824, -23.768792066417987, -200.77080126861486, -63.14908464163298, -56.42198277691356, -44.697360929762134, -49.280068029902566}
AVG PERF OVER 50 TRIALS: 224873.18
Generation 80: 875872.0 --- {58.33060999281453, -53.777190703380114, -12.473070466776484, -2.4248548485068984, -15.952086566467676, -39.80674806827611, -9.790501325948544, -24.300995668015318, -1.2650807790370049, -20.762123771262228, -199.2650937380169, -38.19257631327417, -53.43227951189854, -39.35130213284298, -27.451825802594833}
Generation 81: 899626.0 --- {56.202379454809005, -54.81251284713633, -6.967519649486633, -7.924370748133581, -9.432561840756321, -41.926511741998546, -8.154473861475498, -20.5138012749666, -19.350321736607647, -28.449790862151794, -196.59181091769423, -46.082378643541006, -63.11519092151362, -46.01567256297825, -28.982667286737172}
Generation 82: 874283.0 --- {56.90323050919482, -44.47641146257604, -10.085635756607093, -2.9216350745322472, -2.8275189084709194, -37.7901996825351, -1.7024078956895767, -20.979359161412916, 0.7222370886343263, -21.96889171984554, -203.56062674685583, -52.73618456286401, -44.0618202153629, -42.8305058171481, -36.34942635343518}
Generation 83: 784209.0 --- {67.706876699777, -46.57061629130482, -9.374611737341166, -13.483249271823293, -4.997807058961504, -41.13364477404017, -5.905937072885394, -19.701148061158676, -2.5878187917661464, -23.13630324187842, -196.22094884071785, -57.59453400752433, -54.86811813055455, -41.06191942394166, -36.48841347671293}
Generation 84: 2079934.0 --- {54.71397113797726, -47.96395132011798, -0.24140884648580263, -8.685465862489437, -5.408173715734616, -38.063827551957445, -21.012831339535197, -14.407883875967574, -15.38532998527846, -25.29075255476321, -191.26015899817477, -28.877756168600026, -62.47244971813385, -35.88488389697259, -38.632552212417735}
Generation 85: 1288452.0 --- {74.76636300443205, -62.311640563089945, -5.234017243721967, -26.324578735938683, -7.570401996775185, -32.704887889649555, -2.9644092907471444, -10.658257561092277, -4.944754801245383, -16.509318252422027, -191.722164778916, -45.50402927663793, -74.16920678118026, -48.30310484904612, -40.922961452437605}
Generation 86: 724393.0 --- {63.63716948235865, -37.19696140319029, -15.869280860539407, -3.6319951224310003, 6.96039782494959, -29.315857368643417, -1.1965108482267155, -29.322225138031122, -7.567967462299069, -22.64366114183491, -196.49507575865655, -50.80764209403095, -71.26426600673474, -39.35135177547186, -50.79952608303938}
Generation 87: 691378.0 --- {61.19723776051368, -59.27042238934543, -1.616036873141903, -4.87874155407021, -3.5741631367215696, -48.565702443422516, -5.296167094072496, -25.876284761996203, 0.43711428126243845, -32.20095727410955, -194.36660756219985, -45.869559511810344, -57.80391503804226, -38.9334722263057, -32.78589143828514}
Generation 88: 716429.0 --- {68.59301875763794, -46.76558232569958, 1.5708761259640647, -3.7546732749598792, -17.991002313071807, -46.02070419435615, -8.103655977269288, -16.703941005717468, -14.455316140222747, -24.67845475797382, -193.3245570458315, -35.64044879374058, -72.53900653441667, -47.52629709280614, -50.23971951972297}
Generation 89: 681116.0 --- {68.00486815457744, -37.45472489484223, -0.6823621431883087, -14.611172399915148, 9.938217530968851, -42.458065037299534, -8.242541709289375, -42.61289053181538, -19.354209953646752, -12.519367237411911, -215.90565443215263, -41.203775741653885, -56.090016779865465, -39.034203206774094, -31.27687971189321}
AVG PERF OVER 50 TRIALS: 347816.12
Generation 90: 803747.0 --- {63.10999562386054, -51.428176812766914, 0.3291854351253203, -14.86791610454869, -5.327599633688387, -27.737536790365517, -6.624116142714579, -28.668232926653932, -22.632246196654027, -10.032969123545747, -200.99645128566675, -39.25521621251208, -70.59614196613164, -42.63208572486492, -40.60177020668633}
Generation 91: 832210.0 --- {49.22047542023474, -45.289676937141095, 5.153091613009, -8.554906188701814, -8.222127183362046, -54.938627559879315, 1.896678401341429, -34.990947674181186, -14.4140337360362, -18.064917634604683, -207.38032892101901, -33.12276657935336, -80.92900680961813, -55.10328772024981, -35.979208388604164}
Generation 92: 1051774.0 --- {53.861974072878134, -54.98323401920673, -3.7355662943538324, 0.02280188211270051, -27.17907023508901, -30.541235737120573, -7.625952225209199, -13.826989534717727, -10.049190939705593, -16.726568869092766, -165.29485491687433, -39.12699429481659, -77.36233681289032, -51.0466125968677, -28.497975876869294}
Generation 93: 759475.0 --- {71.37884540271578, -47.89280581767645, 9.132379996092498, -12.252854225695744, -12.119417779820203, -32.149436424984124, -1.9862876935898248, -26.04429120522924, -11.314341874468543, -16.89681894953409, -208.98675207068945, -49.41785081338067, -72.59586319953652, -56.65572679150162, -31.37216704970871}
Generation 94: 1098457.0 --- {86.0283138978345, -42.71604071088572, 12.200540608794558, -18.55655469028816, 6.234120054715424, -32.93886183769834, -13.400108482095643, -27.54092976552397, -32.702044389658404, -16.033592555183837, -229.93523881563803, -58.93478922403046, -71.4262690697868, -39.034887737850134, -38.878378761856226}
Generation 95: 655354.0 --- {57.4160195817012, -50.995491769612585, -2.033347248319072, -17.054916896750886, 2.8643858428552313, -33.772628926575884, -3.9461730084170377, -30.35199481652119, -8.099444921628155, -40.18568403796323, -198.7795380620353, -42.55949170629118, -46.834622234100195, -36.901161524246874, -38.69397833735273}
Generation 96: 1008828.0 --- {60.945049048409004, -44.39579450275909, -3.4408392763821425, -18.49102450479874, -8.579986841882189, -41.98557823970603, -20.978974993120147, -38.529108482847306, -17.34435977167731, -34.34176057816864, -214.59287628224968, -31.47722273729513, -66.54888611926738, -32.737962211544485, -34.10546447850975}
Generation 97: 815951.0 --- {49.991808838557574, -44.408172369020406, -2.3633771636772796, -10.361360310836858, -5.8685824054172135, -50.34272711996658, -3.7404414918492144, -33.73745143530808, -23.59287748133194, -33.32277714603689, -193.1079644918156, -26.45943357683752, -63.027275864345675, -35.313376588533174, -35.11321381057699}
Generation 98: 927467.0 --- {67.6481428757274, -49.28344300254638, 15.927425446902301, -8.678426486343259, -3.3884219278741714, -44.395175517445644, -14.583042204704462, -25.321551345919715, -19.0845344801882, -23.900995764271673, -204.60001253604236, -57.67201963052155, -70.91103790237563, -39.715793516765984, -38.48429112290759}
Generation 99: 793722.0 --- {55.65533238402052, -65.62658004636576, 1.9284788460347553, -12.89817596707521, -4.228571783339589, -62.480925121140885, -25.538938758437045, -36.02855592390188, -29.074469002136553, -36.45734393745778, -204.9707050285531, -44.519633956900726, -75.40797138925181, -34.019276965569375, -32.69920447257242}
AVG PERF OVER 50 TRIALS: 205958.42
Generation 100: 1473398.0 --- {69.64622999944027, -45.66559037428293, 21.73289869823423, -13.396848810973356, -0.16341686142841372, -42.55431198604302, -6.593971004398509, -30.77600658175438, -26.72430325069694, -28.912610978170278, -199.86614377000762, -52.64809615113687, -65.90761891106949, -27.71783907536797, -38.306490015594626}
Generation 101: 1338850.0 --- {63.43331089064224, -46.64671709945487, 10.935786870683588, -18.675582485263792, -0.5827127155966494, -38.080267622869826, -0.48372200126437015, -28.218094586406245, -17.64007551114195, -28.626966020555606, -218.97149242103472, -45.84068654768081, -51.84874453169057, -50.530869944502854, -28.660318324086937}
Generation 102: 1358710.0 --- {78.7016603256171, -60.32160877596036, 8.611135633251513, -1.830670363467986, 3.734129660900704, -35.67780565777968, -10.738292955903868, -30.093653175469125, -18.067376096273996, -31.633413947975193, -218.0700407419343, -42.88378822023815, -56.84886812100811, -43.23627280095955, -42.251281094597054}
Generation 103: 1920571.0 --- {61.179391514801644, -43.1790949419213, 12.818529215738689, -8.804813602500943, -5.593559725655655, -53.75644775388833, -22.118430837141663, -23.11905268748416, -24.810992674659566, -27.86286636322256, -207.89922092655317, -44.6958368272607, -66.5283211459183, -31.357348484498985, -39.58439158869662}
Generation 104: 1140018.0 --- {58.42199934665983, -53.06663166736526, -6.61700265049727, -8.930856322839766, -7.8742905458009265, -50.383424533814164, -10.44291205884243, -33.587977381104565, -5.856372854941649, -25.866318621701907, -202.3328589052037, -47.670022427999626, -66.12451969260105, -41.36854844269412, -37.538595159067945}
Generation 105: 1852707.0 --- {54.77484095197414, -41.67534768192178, 7.991309573572416, -26.259717482907703, 1.8072741024925163, -48.6528772937456, -19.05934669925041, -35.21915909799953, -28.602889016917576, -20.309781424383925, -222.62709459651327, -37.498169273378544, -54.66043503866737, -30.359511044066828, -36.22395149062195}
Generation 106: 539147.0 --- {64.68198797679312, -40.762078465226075, 13.820324196475774, -27.15625641374961, 4.932945844327165, -57.84014889527165, -16.629949464043875, -33.309423501155635, -44.61297865257117, -29.485051696042795, -213.5678061646188, -38.56149795968003, -65.34582602717568, -31.308177742253733, -33.00486908991971}
Generation 107: 716959.0 --- {50.06648038361544, -42.52564048573272, 9.103335177604492, -10.034447886529335, -9.45952062834171, -46.14016853643514, -22.945318067115657, -26.44108643246002, -32.9612004756065, -24.077442930501785, -213.34835355621422, -40.59296085092276, -60.45532951407919, -22.336235675473308, -25.566491765084184}
Generation 108: 1014863.0 --- {65.19592190244516, -48.06356210369191, -5.779285914255036, -12.020974708672062, 0.7163127050935154, -45.38574883929779, -30.313876145461393, -49.29139393112497, -26.14087479287399, -41.855117745899285, -226.66373879632238, -29.551115504975442, -48.09576986131516, -29.096759147761723, -32.045796390206334}
Generation 109: 692135.0 --- {63.61194217779552, -47.805757799225645, 1.8545347886700285, -5.892585018516474, -0.5940390789189949, -46.45777492814059, -5.507418446153434, -32.69074688286409, -20.297451208412156, -26.045233255235555, -220.5244106759622, -42.53276955068771, -60.06821423273985, -36.51849648384188, -37.15402503751035}
AVG PERF OVER 50 TRIALS: 242471.86
Generation 110: 1034087.0 --- {53.167408472024896, -31.227922765311785, 14.100073773947534, -22.880907430674817, 3.936021620536353, -56.15602828063815, -25.128672849418592, -34.14189619963718, -28.170449772307176, -26.26883595043904, -238.0562659853074, -39.26815843902614, -34.24970765255333, -19.421252455893523, -28.29309775430411}
Generation 111: 1782947.0 --- {65.3011528526756, -35.53350362695785, 1.5632445895477682, -7.538660046779404, 5.537837755644555, -41.199354444760765, -23.186297084201072, -39.40172233204004, -28.528347896896733, -21.808212803894545, -234.16982595203464, -48.23462423395806, -58.299681299977735, -34.91711285097848, -45.014292055822544}
Generation 112: 651632.0 --- {68.49219427003587, -50.08555989873973, 8.610567092935133, 2.4261278010385663, -1.9997257391457048, -51.23405664050945, -11.893158108271352, -42.00333700497577, -30.618436643375087, -22.405821036389355, -229.89843229382063, -39.280199165537404, -60.052325703372624, -39.95123731207472, -38.30986851942032}
Generation 113: 772322.0 --- {64.72059023205239, -63.796991545841635, -9.124471025793328, -23.666627502597628, 5.373235448445399, -62.750413941565725, -11.063914982175891, -37.49972214629392, -28.586330227975544, -20.092908735432754, -244.396436810807, -43.355365268853966, -55.73567041424187, -33.08607355075133, -46.498824732235036}
Generation 114: 735072.0 --- {62.61429602550047, -45.345171874825546, -17.507485360452474, -3.9697532697612488, -0.5334599844725618, -38.12140981486849, -14.954714214736821, -17.640029723969292, -16.51242771983239, -39.14019417443938, -223.61745320143882, -33.74451699292196, -57.782581520818894, -33.08345639379312, -55.95720112335186}
Generation 115: 1216263.0 --- {65.1684531564182, -46.8580778860332, -10.119089231264178, -15.109016254596742, 0.9752615409650369, -56.71579132386789, -29.778492104549866, -25.379423305780428, -28.78368001708832, -39.63100283690564, -237.80527513484915, -22.052335285208336, -48.021670176369405, -25.104497312514336, -39.58515944876473}
Generation 116: 1218839.0 --- {47.71396691309904, -44.54257754510269, -6.0920329951978704, -15.203493728112111, -7.140334388636446, -43.66220857887595, -19.13981155080528, -36.319055697055084, -29.155721462752496, -29.900668735191232, -241.0741458311571, -37.801853336685745, -50.8361204419263, -25.228307452728867, -55.72845675896078}
Generation 117: 1268917.0 --- {55.253257655563004, -40.00792995758555, -3.456772877464409, -22.510753060420498, 7.477167244917658, -48.22995087917018, -24.522263104324118, -30.91917423563374, -27.2732221791529, -12.432263206015392, -246.40431310230494, -45.95550515064655, -57.72946319194632, -34.87401918873612, -42.03848587059935}
Generation 118: 1036494.0 --- {59.02987909182792, -46.64804163830055, 5.900986745283669, -13.158008245611839, -9.988314637559503, -34.697824970596095, -14.172131198918478, -31.453524876009034, -9.38182771141917, -27.94581695131597, -220.07089633530515, -29.36987554931541, -51.34773756000825, -28.30518451243888, -45.66594764488283}
Generation 119: 1217826.0 --- {59.02987909182792, -46.64804163830055, 5.900986745283669, -13.158008245611839, -9.988314637559503, -34.697824970596095, -14.172131198918478, -31.453524876009034, -9.38182771141917, -27.94581695131597, -220.07089633530515, -29.36987554931541, -51.34773756000825, -28.30518451243888, -45.66594764488283}
AVG PERF OVER 50 TRIALS: 409506.56
Generation 120: 1511897.0 --- {63.559020186353756, -43.63059639839075, 1.4443368408812218, -22.381907163820046, -1.8448259353066727, -47.586276923793164, -17.88196695523339, -39.647760875788244, -29.54388417193915, -33.771593326238296, -214.64506187603598, -43.96691935272627, -66.73555402403842, -34.52305055355641, -33.505411101756174}
Generation 121: 690789.0 --- {66.20058234645461, -47.53293418057766, 5.521489802436312, -25.43843185521581, 2.5815518786376863, -34.339855300357065, -18.624458012048883, -36.66444297485631, -32.08214372813548, -16.316712036231856, -217.0943897036479, -36.72190213168049, -69.14396216698513, -40.69287463489495, -38.63202839619723}
Generation 122: 1187975.0 --- {55.24903518761292, -47.14182452889338, -4.212630099515861, -29.186704967460717, -1.8438077276411529, -38.12152962537057, -8.001859162405061, -30.335018220482453, -36.85844463373141, -18.485193766764368, -239.72393769724368, -28.710792765591172, -67.96208870666652, -40.56893810778066, -41.37965863235357}
Generation 123: 1555908.0 --- {62.1082424460924, -43.198763469689936, -2.4317466992678636, -18.700160119095024, -6.1659160545000145, -43.75966408560705, -29.4266790282975, -25.337662805378137, -34.59563761155025, -32.25251242907402, -202.48852216240306, -31.73606963186994, -50.60319264584833, -23.05379332411814, -30.55514620194225}
Generation 124: 720740.0 --- {62.70736434948029, -60.41725701194958, 4.441359553687067, -18.33416121864732, -0.6324915486211267, -42.20245034085123, -3.617307156554091, -26.36546990415579, -23.98596531927503, -29.503717432769456, -214.3472468252134, -27.754549593754682, -51.322481016322186, -34.112003953955764, -32.23093843904748}
Generation 125: 1281946.0 --- {57.333861370221356, -40.806255091982614, 9.349389105249921, -10.252090626034374, -9.864289118765761, -39.73867997879895, -13.29728301493046, -34.62359600662159, -13.673017643927883, -32.97166896068542, -215.29323293115704, -44.922745574783924, -45.76651514139792, -30.75712839455858, -48.93049988292344}
Generation 126: 772082.0 --- {60.989907084599515, -39.87707989250619, 7.5045514224311685, -15.09891611283564, -11.726168276172519, -51.9721469205152, -11.251575610079389, -38.1228817321826, -42.392185398552975, -15.329465918617958, -231.08446833224366, -46.51891902854306, -63.853405204117315, -29.802486496172044, -55.07974241903831}
Generation 127: 894902.0 --- {59.06028766157852, -52.28371525512756, 8.628360220764351, -27.56541738271736, -1.3802870415397812, -38.449659914523146, 5.427291298276938, -43.493199737515, -31.96057163191239, -13.206675169371438, -228.875685571582, -52.40972852489503, -84.13127922676239, -45.14544655404731, -56.29251951605668}
Generation 128: 1082877.0 --- {75.69732001064315, -54.94264144194957, 16.1164163073563, -22.16090906005413, -1.2127012652277265, -58.03182668548428, -21.248017114464403, -21.46765909904702, -26.976423398518683, -14.922333088953067, -256.19946369713614, -42.973416595709146, -72.77899727164447, -37.44290199539977, -71.4868577605175}
Generation 129: 604209.0 --- {50.34537465640068, -53.16407371622627, 5.288565500644241, -21.924552899484524, 1.2839564743013536, -48.79710514835726, -15.726477180699765, -53.65358466189717, -30.554287432778473, -26.03303392179899, -224.41685552885838, -45.2450950797171, -73.85813456170581, -33.89124494458038, -40.14241899066684}
AVG PERF OVER 50 TRIALS: 221641.78
Generation 130: 806703.0 --- {47.63380031056669, -54.44999010774828, 7.881143032860917, -27.424848687337146, 3.176082669424989, -55.03747760636199, -20.67053251540038, -53.93208413071069, -43.57831392287488, -42.428312682338074, -243.47093767083203, -44.01671189934659, -89.06865378953042, -36.613968768298975, -44.64194077069386}
Generation 131: 1045796.0 --- {63.86244368873846, -45.14791840007413, -7.481388100346802, -13.654232362608264, -1.6217917419427446, -39.35552010852787, -23.257728904504514, -28.82277096853763, -51.061865394715376, -21.068003890640234, -221.89082138989244, -50.69986409277014, -87.9506235588759, -26.33363986634695, -53.73031984660721}
Generation 132: 795007.0 --- {62.846497532782195, -54.60151227256417, -8.57646017630353, -13.978516102591156, 12.493097875852849, -39.00160817132656, -21.560657799960282, -38.674791910181725, -46.37051244768993, -24.884037135730754, -223.15090830882062, -52.15423814935118, -81.74030825595578, -41.402409968935565, -51.87908833088136}
Generation 133: 1099397.0 --- {64.77328362008726, -31.032892785844, -4.676328236482561, -23.786921244172337, 0.1885539238520878, -59.47927644661404, -11.89185067050647, -52.161904714946694, -33.5866195492098, -28.307198891948328, -235.25294541315097, -46.7387343398559, -78.83607750969479, -25.630043151789806, -51.71059196587599}
Generation 134: 962535.0 --- {58.18440908809177, -55.914304247414876, 7.711443012927137, -23.300769429043747, -1.3715307314353797, -54.820189134412686, -24.52210209504989, -42.58588240846432, -39.273175442726874, -20.225306584769335, -241.23141737598152, -45.20419354999725, -87.3430524421937, -27.506634651656206, -54.60941585956536}
Generation 135: 710904.0 --- {47.93243177836487, -48.11238022733614, 3.272952904966656, -23.63588232138103, -9.945311424515818, -67.12432922303435, -13.045482699705438, -42.39070799852943, -27.5805921268192, -28.74354819730876, -248.89657338447026, -38.60675841532816, -88.10876331628971, -27.100293770953396, -52.4907609023993}
Generation 136: 1169393.0 --- {64.99173933833269, -63.43077270765539, 6.175099756353971, -31.48244830715598, -7.998005978629634, -51.41565362308423, -12.061472539601628, -31.467254207613916, -34.67371887490053, -37.73657751815483, -246.09433129613146, -42.08156011644969, -98.40607206514373, -34.44117421841992, -56.90693439492984}
Generation 137: 839748.0 --- {77.20984294337593, -46.473920958849924, -4.207160921607364, -5.5945961073669075, 3.4112280414836302, -56.513148096611545, -15.869798288650554, -37.12295706398275, -25.773990177803476, -35.153143795793675, -250.7755906800626, -49.833336689232084, -71.87734473161962, -37.80962589800514, -53.87514449264496}
Generation 138: 807738.0 --- {75.76742073655936, -47.55610482525653, -1.9493492552704845, -14.47793500324381, 3.4389881009444396, -62.242195066762704, -10.167834769240237, -61.38135532431012, -67.78489925309376, -37.503177565857605, -264.06029153535223, -62.788394742073095, -93.54377615284447, -34.6787883838789, -54.44978305965887}
Generation 139: 1211553.0 --- {64.51985673507686, -65.63845080433305, 0.44716780721572835, -24.399448547431373, -6.781307514493731, -59.72174729513378, -15.967817011353754, -40.43748733735944, -35.56422883839509, -30.59249256016907, -236.73037810611305, -35.9182321240346, -90.01955194137172, -39.55639944472141, -49.96736919957737}
AVG PERF OVER 50 TRIALS: 397819.2
Generation 140: 895105.0 --- {81.05989072497884, -48.75880922406373, 12.177643515486817, -18.29268270333499, -7.68250313416281, -59.7812950156983, -17.031944479997218, -49.480131385666525, -30.48546505776931, -40.74282090491882, -243.50983556449003, -50.82119459914671, -99.12814713228526, -30.697221245561803, -53.234203580417564}
Generation 141: 1683974.0 --- {62.10770890322779, -67.99027925087337, -1.9300131185311225, -18.53023751578175, -4.615219030401137, -52.500901669698806, -9.248915049341369, -37.43967554708514, -26.88261598645837, -37.30327263779219, -246.89214425920187, -44.403291506683225, -89.99795899077576, -48.94248275553802, -46.26947828031639}
Generation 142: 1064438.0 --- {76.6933990659667, -59.14324313439196, 6.40790481173589, -8.726927432758279, -19.07724823180004, -58.602887631687004, -17.725632112774765, -46.73314424709633, -23.039510601952635, -24.413495955865685, -247.4553494246642, -43.153485264567735, -100.44579617024176, -35.51842154328935, -41.4544660923206}
Generation 143: 687445.0 --- {64.90290457600295, -62.43226035884014, -12.355898370980384, -39.872421445259576, -4.950667011234305, -64.19567886642207, -14.253111002337835, -46.54112886146312, -39.38571671673612, -35.025337833661396, -238.38085756261137, -42.35546702832196, -101.94132211453987, -27.864760849451034, -46.03703400231476}
Generation 144: 832855.0 --- {88.13229875765379, -43.80916285442363, 7.52401428567047, -14.870436744105708, -3.916822164071913, -52.75052882066524, -18.751924433352272, -36.48345972768145, -24.035237828173784, -20.165905458874732, -244.03088527081712, -61.746431241946496, -118.68068780421373, -42.18122620471296, -46.8313461158518}
Generation 145: 1451404.0 --- {69.90724511351095, -57.489897264736264, -7.542818986849643, -25.663657091039905, -3.3323900478300583, -69.37432430655505, -29.850203879521317, -27.619911406731045, -38.79076615403366, -28.791045888569872, -219.96269013047322, -64.77066867439208, -115.56064521928775, -29.534638085191204, -56.67146187308029}
Generation 146: 1217546.0 --- {52.80296922943229, -65.1413486020567, -24.291861228303656, -14.814546943334044, -12.71005571509021, -60.70558899627929, -16.32603937719386, -36.1700401455804, -29.24239570921683, -39.87843643145069, -228.30721542616985, -43.21729431632731, -106.93333546248682, -31.175766227978034, -66.61479953621574}
Generation 147: 1213377.0 --- {71.78613511869516, -47.32406290360095, 2.783235987653745, -21.66949964353794, -6.237013768019591, -44.506059024606344, -12.427146388102717, -36.37818012307876, -35.174834570877834, -42.80064079174638, -236.7808785859849, -50.24320416031268, -82.95700712974583, -29.213684201541895, -69.53121453458671}
Generation 148: 1328634.0 --- {77.42395998799414, -60.28556054713466, 8.525405866518952, -14.481418273848352, -5.068194323373939, -52.489815082358724, -23.94501224906192, -45.47825756971821, -51.50184266757489, -35.92908721436112, -239.3922682965179, -62.68593335254567, -84.9048602284731, -18.53976047923088, -58.441091897164206}
Generation 149: 1566648.0 --- {76.3832099111985, -53.33489057361775, 4.839111332587783, -14.94231435490446, -0.2186363945781622, -59.21516405153816, -21.95530057678119, -44.91103207529806, -42.53670649668418, -44.94011555091726, -236.03852562750393, -54.72795560273698, -86.40618120364273, -33.545466406403385, -50.81419999664423}
AVG PERF OVER 50 TRIALS: 386064.9
Generation 150: 2269437.0 --- {72.96013666099053, -55.120067723611356, -3.130340508185087, -4.717109986738759, -8.74598158643892, -58.43017673431854, -37.158866404482616, -39.9966395103789, -38.30783508426002, -54.231913481119754, -237.31436975722877, -61.11555693451897, -83.81991749873055, -13.897470020428777, -47.22647760839229}
