TETRIS: height 20, width 10. Noise: (50.0, -0.1)
Generation 1: 87.0 --- {4.691781259683524, -1.1479589200240456, -9.348995704483231, -10.375775060076267, 8.3898623216877, -5.140525933412922, 3.471924227522425, 10.020507177477038, -9.629207493470911, 5.34588238935965, 1.1142029851071507, -13.985076860117205, -19.245664588344653, -16.90429028405526, -35.516018027125554}
Generation 2: 132.0 --- {-9.102233117470064, -14.167049035124453, -2.48288551492267, -11.25853656589582, -6.666220925281756, 11.493429827881304, -0.356613562128819, -21.646571689317355, 7.9260554943602735, 2.6471205036996945, -6.5127606623517345, -8.40056303771768, -17.116401357901392, -8.849277865797823, -8.361063174232061}
Generation 3: 569.0 --- {1.443420552397464, -20.53659541891512, -0.15058943060165086, -13.245282812851174, -8.82580497442935, 4.6188012246809524, 10.385901855080078, 5.297738379421777, -2.636959099854283, 11.902668936578339, -29.29651226235797, -12.950679626553407, -10.341907832065369, -15.144842373731809, -17.76220737209491}
Generation 4: 1448.0 --- {-13.144554787891604, -9.362852726934582, -11.701495500086361, -12.853529257082675, -11.59942218983745, 13.722611490281956, 3.890624188110456, 10.240794296838034, -2.7245713679729526, -4.299817658679653, -18.445702572762976, -12.300867837190326, -24.205107644392516, -27.517087250621852, -17.1933329498768}
Generation 5: 2129.0 --- {-1.4445756118097854, -17.26160811313142, 1.6702141245227966, 0.3869852033908803, -19.38883842959563, -1.9104842761689307, 12.19376715310887, 4.798518862056758, -3.7451495055430772, -2.4522905500207837, -28.063928725707573, -19.133222023541162, -22.33467723604716, -27.285569853818327, -12.572303608598627}
Generation 6: 2789.0 --- {1.7942123889687138, -18.97877222114319, -15.743300657155707, -26.067538567600252, -2.5771416138607934, 9.743901799783135, 10.44602149576979, 13.737852142294805, 5.088564597390219, 24.406863039377356, -28.5142886215067, -10.369430023676927, -24.21515929074556, -24.297461786838287, -15.279270470928184}
Generation 7: 10692.0 --- {7.826507131818356, -3.540667147104724, -3.2510328642508552, -9.54427249787252, 15.277349356928898, 8.08615996491581, 16.24960073579495, 6.880739350885631, 0.7478495325047056, -1.1724388986579797, -41.21424282831319, -25.859100692763185, -28.893519934066262, -28.38522657624253, -13.95058695487332}
Generation 8: 11174.0 --- {11.411702024020094, -18.140492752320192, -8.291906087462948, -9.308884345035201, 7.122107671686674, 4.4354449348815495, 16.737907595602557, 6.157089312146221, -15.49218544901974, 7.247437674261823, -31.86351936366218, -10.129361391348993, -30.169206129870346, -32.529459473747394, -13.731942480882259}
Generation 9: 9395.0 --- {12.333422236783948, -23.07713093721842, 6.599428493755282, -15.321020896938371, -4.682593751819966, 9.36181486818627, 16.95454247374533, -0.21766028960994, -9.056527117495508, 8.135098408547465, -43.54295611207509, -30.746470151098016, -40.38808226654886, -29.46198064167177, -23.147456328910213}
AVG PERF OVER 50 TRIALS: 5836.02
Generation 10: 19215.0 --- {9.737466466631144, -22.25647434465799, 8.3896371634988, -12.04619876415787, 5.451566127958544, 6.276550825838806, 0.902460812050558, 0.7765810336074903, 4.404003430321756, 8.83476537159343, -41.20000769041015, -20.478795797610736, -38.753535346265444, -25.54158154755814, -34.00157661067021}
Generation 11: 39605.0 --- {2.9851588456775087, -10.353938236017537, 10.797568355196931, -12.056614847472131, -2.1146901273194847, -10.846325030969185, 7.510139392545885, 7.782853337648925, 3.526694575205681, 4.949235536351749, -52.39776423817742, -17.505644107601093, -33.02543104060679, -25.85637105247538, -15.272040004553581}
Generation 12: 28046.0 --- {11.756035152225358, -24.394700753596673, -7.070269374921375, -19.97605355004478, -5.326686936249341, 7.583993303785814, 15.654282563289744, -8.778948031255153, 11.90026478397351, -4.970895873933232, -42.166979897686474, -29.833847838950305, -36.61064947685796, -28.733843146494443, -15.843341660249965}
Generation 13: 46560.0 --- {15.722380570443843, -24.66443598778436, -1.7832614177957107, -9.02975897624805, -1.383938257844287, 10.12462034100973, -0.6594852804161988, 0.8216128820012024, -2.6887408725880437, 3.503182396425709, -64.25244965418364, -5.539614631362268, -47.498461280484584, -39.984182949252435, -16.231810837453562}
Generation 14: 41083.0 --- {13.262624030530787, -23.517033947113298, -6.787394020745168, -0.13560796031443267, -12.07853107340551, 2.70555492972197, 10.719835794354896, 1.3491768630079544, -1.6217143066474629, 3.164668867741021, -60.583579120491585, -13.780476118589796, -29.357151657906478, -42.75572293301138, -11.944635893197727}
Generation 15: 43937.0 --- {14.16464640260648, -32.322192435966855, -3.5195545861917745, -12.694321059848903, -12.069586960256533, 8.74197446034292, 5.610123803590909, 15.483675955344111, -3.670529690478559, 4.106660333774339, -59.503204939676515, 0.5588715826350921, -37.14486067110597, -45.06368089988439, -11.577935166080092}
Generation 16: 132533.0 --- {23.047169702357568, -52.99672546781839, 0.025805151480916333, -7.196664285370444, -18.12412001154725, -12.527677435285932, 5.3420182137330166, -5.717184551202518, 7.778944840467623, 6.337204089940682, -87.38999438490796, -18.72866134068179, -61.004598987768105, -49.62285929360013, -16.5883691594092}
Generation 17: 59572.0 --- {24.7564647944363, -45.7183182513716, -15.440951470990033, -26.64435778738083, -12.357760216215064, -3.9606743538406413, 12.899368459038616, 7.381735797259063, 5.320435853358983, 11.147007293275024, -82.63626883737412, -26.651294660577815, -65.45108667216176, -49.78471038774158, -26.052127534580443}
Generation 18: 121336.0 --- {33.033625593984056, -45.90551778947276, 5.650419560413414, -6.351793386268602, -11.653838819289112, -6.487536668431051, -3.1811310942283564, -14.435559603410564, -6.6621384743895025, -2.3670352106694983, -80.79835646527218, -24.698744714165322, -63.28742052967881, -42.62553736648711, -16.13990849239938}
Generation 19: 145948.0 --- {24.365083273283545, -31.356347341472542, 2.1343624114649584, -4.690438797416984, -16.142671025966884, 0.9015485160453713, 10.207036187676097, -9.123967128739327, -12.97181047907913, -7.9623652524674355, -87.28385908898326, -33.621521072778414, -79.46956929454772, -53.37237204016114, -23.023415030000507}
AVG PERF OVER 50 TRIALS: 44000.76
Generation 20: 108447.0 --- {28.580119673787472, -39.949791622992684, -0.285645148162454, -33.10286073076902, -6.065495495998327, -10.943186262763483, 10.327996117607452, 2.570185420405217, -0.41795170566497175, 3.9875875134520307, -102.55939330486619, -25.29506035039552, -81.14159113125586, -40.373979279579984, -34.91387405853223}
Generation 21: 105787.0 --- {18.87779582815268, -43.16592506634172, 1.9264305928128025, -15.300581129282932, -7.646620810585176, 6.22490081182601, 12.744955112099433, -16.62288393587871, -6.265519146036287, 5.9218633032933035, -95.6334221645152, -27.239479555206234, -79.13716260007752, -57.57303293087455, -26.815340273673087}
Generation 22: 144679.0 --- {41.615951087783024, -41.25383628893133, 7.257140525276756, -5.95972587079061, -10.895766838319599, -10.381297247193462, 11.676299428370685, -4.880562563253028, 3.2735296005891756, -17.29446780565317, -84.84805820160108, -44.634791206305934, -76.47351648394775, -36.43656194917312, -28.572885774968427}
Generation 23: 271441.0 --- {37.52590422259632, -43.882087021215455, 9.141560294465334, -9.038620630361226, -13.256658183432705, -12.986355512277143, 11.235677767449243, 1.2564051690973308, 18.323215831709632, 12.172563724864238, -100.91114710288535, -55.10121917310801, -67.3293193328046, -48.948772437645985, -27.836479587032855}
Generation 24: 93673.0 --- {45.46562311219826, -53.80257702666964, -12.552382051154169, -7.9842254125180565, -21.026665339634125, -17.087886706221546, 0.08163905739910504, 12.121782073937693, 8.908484780269204, 21.999017475431224, -111.07544708695995, -42.13818979788336, -61.47327178834844, -57.80992668673927, -31.770135530274683}
Generation 25: 187374.0 --- {36.41369804366808, -45.33092430565088, 2.926254225535506, -22.53262129437969, -4.548310000010286, -16.69601057693518, 22.1135310959568, -20.5184120920013, -2.5250083313661245, -6.137613690158234, -108.5894640888685, -34.23641500205627, -67.2443281264042, -37.40215047056456, -19.11149620976445}
Generation 26: 281906.0 --- {36.71429891027343, -24.89376893302554, -8.047825006433317, -5.783887750333749, -2.190581594595278, -1.4323313795286996, 24.675550889635012, 3.4085899830117725, 7.499297783622235, -9.800824849214646, -98.64628958809725, -41.87977687862396, -51.32642882450759, -40.62616756248197, -33.24325414063544}
Generation 27: 401274.0 --- {40.1211750522306, -25.98211541395596, 3.5997673752396677, -19.637039462832888, -6.412448318353691, -7.886347404205581, 14.756326572342521, -13.720203777656312, 2.2990991771425078, -11.401873270812168, -105.82700807951665, -43.26457094973019, -71.50553907521852, -33.261514900020686, -36.93352802397156}
Generation 28: 269509.0 --- {33.82452818839973, -30.64947877197679, 2.9703690194517893, -24.915176539579356, -2.777498409545216, -9.936641047059872, 22.18852345016754, -9.574718180296513, -2.3348577390132013, -14.632085811133141, -113.30714671166355, -20.252382020507856, -71.0694029639669, -54.04440050699333, -16.104247113743156}
Generation 29: 460339.0 --- {35.29142030765178, -31.40810755471146, -7.565629079658939, -8.027182069482945, -11.149844699965808, -14.63679757072995, 9.28890807773062, -7.145262205480118, -7.393221489268152, -7.142575409106187, -110.99177046872303, -31.48443200654718, -75.33376401294198, -31.592910406147027, -35.996908779389216}
AVG PERF OVER 50 TRIALS: 66199.16
Generation 30: 322529.0 --- {39.70503544991793, -41.37420248173951, 2.9162108302320195, -14.776492358310456, -16.921905400385548, -9.270671678108357, -1.2767268330894712, -0.9481759933545204, -18.68013823445887, -3.1428558733016283, -109.85773929412082, -23.50601740262195, -67.2098903080979, -40.688355957246216, -29.395081167487213}
Generation 31: 397056.0 --- {56.91630959155317, -52.913681190786534, 2.9328594364455842, 3.088361691619939, -5.9436592420732515, -15.85610858930068, 6.557214071958474, -11.08885385884781, 16.727845957518472, 5.55047023022561, -122.29643125019601, -50.87518354849459, -60.46365817836099, -41.604709975817215, -43.21522699466365}
Generation 32: 790571.0 --- {55.0778666681119, -39.27867629389235, 4.467063581645836, -9.623974285766199, -4.038279955434966, -4.3422771405116265, 15.396201368100282, 5.380930051132897, -5.751025130345698, -4.719629868047505, -130.33368177796555, -44.409500817518044, -62.50835549594409, -54.25272054949542, -27.010190176116126}
Generation 33: 298406.0 --- {43.1761412528084, -35.958313734135096, 1.7572509108783652, -15.72433770005511, -15.493902499313162, -12.668211068946137, 14.232466376039469, -11.315933736110736, -10.612670231417988, 5.460853117263539, -128.65042485357097, -29.79002702494702, -73.26268389247058, -41.446088844055815, -34.20128687520347}
Generation 34: 500663.0 --- {53.44806826682927, -53.19432423959484, -4.126814548010544, -12.007076842437368, -10.467492211706748, -20.640776738563556, 8.34994893518639, -13.666371919718877, 5.526827592021772, -6.596317179716884, -134.9243415045835, -59.62371583535068, -93.63173203948591, -41.33829116536885, -35.81836300976668}
Generation 35: 456365.0 --- {45.45504231741939, -49.27185870099919, -9.544152230835262, -14.586459237828663, -8.388928436135053, -23.058922025951325, 4.158424463345795, -14.260728010232262, -0.829119406358128, -15.268332409447014, -151.86982661184894, -38.3136236350292, -64.9471353478311, -45.24526693398604, -42.654611873709705}
Generation 36: 517558.0 --- {47.754711789753095, -31.90369948417158, -3.093838162974716, -28.516512383493904, 14.00391563901746, -13.74538832368812, -2.600647621785294, -31.2347712470326, -9.170233489860264, -1.4840277882784076, -132.4077174979848, -41.312459517852, -76.07396011990845, -44.12351222095286, -37.99320166695321}
Generation 37: 274540.0 --- {58.35114619458531, -41.75473849771964, 20.593654992343865, -14.338819505697531, -10.64014043276288, -15.555497036003192, 6.07709812935855, -11.409016526062082, -0.08702981166844337, 2.6816968663430014, -136.35191856076796, -51.94593482422883, -84.92073932077335, -53.645220374019296, -53.02509873650196}
Generation 38: 613941.0 --- {45.808783344650514, -46.15388836558313, 25.74447567192086, -14.196707383117227, -6.526966540334575, 1.1414658779676436, 7.5280463791950405, -1.673223440946324, 2.8811640949186614, 5.968851300199429, -155.22832447965862, -51.98932756042651, -65.79552667323718, -50.00235475192869, -46.876702090977105}
Generation 39: 558697.0 --- {39.9369980136677, -27.248412579994596, -6.5669060232284195, -8.46885982928757, -0.29897321121445763, -14.635730413944115, 20.95504712173326, -7.716366670326037, 4.39024624024818, 2.5048012579723906, -139.38213629737857, -39.84768054872961, -81.63170849435176, -60.05208593073083, -37.66255691909878}
AVG PERF OVER 50 TRIALS: 167846.38
Generation 40: 235809.0 --- {55.20010130842431, -38.23629103502119, -6.470266156875539, 10.714332318643915, -6.131977863183716, -21.09682524838618, -1.104935971261665, -9.063600282535115, -14.232624596093025, -5.811671437595326, -144.46564897350848, -64.22735191981515, -79.28444106366085, -40.57454665059325, -49.19849622258228}
Generation 41: 683240.0 --- {70.17303774680916, -46.15598273119729, -1.0388954884869859, 3.8171533332988954, -10.115339649305733, -27.573315609046134, 1.5481635997334893, -10.883717531877235, -10.539042848751187, -9.57897647063106, -163.8467861762104, -60.66290216461673, -89.32294447322029, -38.268044820421096, -53.4101032632567}
Generation 42: 408432.0 --- {55.202293173663676, -33.72589369025922, -4.969345453269935, -14.058451064615191, -4.785548009316825, -14.421081825420288, 9.44773935316721, -15.072061901615676, -9.618162503001242, -12.776260791229975, -150.08050285202418, -61.10309336410924, -87.4993588496614, -45.470728948725665, -45.79375218469395}
Generation 43: 370333.0 --- {53.98840973219935, -39.50599896329531, -12.38074431384101, -4.475882636576713, -9.379216920077635, -30.482696362886767, -4.598023680159304, -5.422446306199362, 1.8352313604501553, 9.671574435803219, -146.4195356328516, -42.80743468796132, -66.27821721830763, -39.87437700771232, -41.32453923556773}
Generation 44: 341870.0 --- {54.57769018938437, -57.89491328152091, -3.757717920740135, 6.6543315479298535, -7.4656785165321775, -31.474520249633844, 1.4421151477173046, -7.242073116146564, 0.3066391791962877, -8.764893983678293, -173.68150916620462, -62.30821712050638, -57.066053606488936, -34.16335020752702, -61.132798902555045}
Generation 45: 395877.0 --- {49.33067709218669, -38.31678748776963, -14.92084132071761, -7.959144707427802, -10.60329085817493, -11.441895394359868, -4.214454278540099, -19.174425367388427, -18.541234029617875, -30.73651189781549, -149.97703247748532, -56.78881493370092, -92.961658339591, -44.50488604134011, -38.421347231429806}
Generation 46: 585457.0 --- {60.50968241360368, -39.35998988758266, -10.281585327703853, 3.803112575690089, -19.13404882496049, -13.735978312933934, 3.0916961353971324, -19.48828531489375, -0.5690377326072742, -22.388798185629373, -150.24203884874072, -62.26134559441876, -86.35766627257102, -45.50395628794899, -35.118856633363016}
Generation 47: 403496.0 --- {55.59453831140301, -58.10666148780441, 2.8809777759600923, -4.678512801091224, -13.937301998177686, -27.15412990664297, -15.84782362521039, -14.64145674541372, -4.45018298332468, -17.905422192833704, -183.01851652962839, -49.12363016534945, -70.94099904951433, -42.594095832734496, -55.57303922098322}
Generation 48: 502894.0 --- {68.1696387960059, -47.496780573384925, 10.669239225508772, -5.054197390226114, -7.564650430860709, -25.55056322912418, 6.339289047221095, -11.574063598390516, -7.282509560694821, -17.758341717163262, -170.05582292496288, -42.327273897312075, -77.89811924661574, -62.17905032042367, -45.416938201187335}
Generation 49: 814484.0 --- {60.60796667494176, -39.56691685571143, -5.970521249808256, -20.431562817549047, -4.196675983580727, -20.004845001334242, 7.105464025724871, -9.209177193577537, -10.327708517859598, -21.452485341174196, -160.7186611851624, -74.82917637006541, -103.96100265398535, -51.24959461073, -41.573509864892486}
AVG PERF OVER 50 TRIALS: 77719.76
Generation 50: 397553.0 --- {54.56625075196726, -58.41591017261181, 13.525762869845076, -12.791201809697702, -5.368142897047591, -28.64929812188295, -0.9606529565898627, 2.886697447821099, -8.7327568749723, -20.978257887209768, -173.86523611679368, -39.88931556359256, -86.8176382917965, -38.66058674098126, -42.851764646347085}
Generation 51: 721480.0 --- {70.76739017381323, -50.74925138425861, 5.168083296340984, -10.574139831379856, -19.03322639809913, -22.80799364626863, 8.98315699709701, -2.6948549287188928, -15.014388034613896, 0.7771979750741416, -191.53991257098463, -50.75014865069582, -97.39649377697964, -58.202384856512076, -42.763988997833515}
Generation 52: 589546.0 --- {71.02887572599336, -38.01893235270674, -2.522884624043402, -12.426448590106835, 2.0095402313817043, -25.91267855324392, -1.0356168869328135, -8.907412433064117, -14.12076022254199, -11.9050952330254, -169.1875901517225, -50.522594143102395, -95.15531303373884, -58.911250696785714, -40.30870280204614}
Generation 53: 634770.0 --- {77.47423747801342, -63.02424276898134, -2.1801686750728075, 0.13169985881031465, -17.510404878543714, -34.32953302008636, 13.031618427290562, -7.1429735316073835, -2.0083319929407515, 1.7783751170724074, -186.5262490435024, -27.292708034538506, -82.96431860138495, -66.68376794665583, -39.90249259665692}
Generation 54: 730221.0 --- {62.26173539251124, -45.3247348363959, 5.509347227704503, -9.155437325372732, -6.7902171910495985, -51.74188394440607, -4.574292994350392, -16.325573308970437, -9.469056805167586, -13.600538183509128, -183.1221367333929, -57.40633270573689, -83.23618399387799, -33.95465197462294, -50.880522574959265}
Generation 55: 796610.0 --- {54.414461229520015, -54.10372567825283, -7.244591621193282, -4.22300977883281, -21.093301769438973, -33.693623493285976, -1.8381480663239016, -11.27900740908178, -5.12090878026287, -16.512684930705113, -178.22371565859962, -50.07120465208943, -89.61393792839198, -47.849188655539336, -58.63942008510588}
Generation 56: 594974.0 --- {39.41620151974894, -38.90477295187496, -3.848097128080742, -10.597464217322488, -6.7115427712265, -14.609685595538501, 3.635159866106684, -20.612864550941897, -1.0238843283250985, -30.79183152223772, -153.33266826518536, -32.39679982938479, -55.33984762119798, -48.97167080813547, -35.27903732756874}
Generation 57: 586924.0 --- {63.25075508218553, -56.21407366714007, -7.258120547886014, -12.138381537954372, -0.1990959059931221, -26.80746774904639, 4.639323595653117, -17.302807085672132, -11.164267158378435, -5.627271629995015, -178.06876871081013, -54.71386605857941, -86.92689712238789, -49.6496852740613, -64.4140397731284}
Generation 58: 948069.0 --- {62.874167170028976, -39.328540521323184, 3.583942944138899, -17.7818511202512, 7.236551727911767, -15.118594214695943, -0.36514588673565296, -11.501996634731453, -10.449629163099967, -16.081623284608064, -170.71572636017925, -56.50960455984348, -60.775281244085775, -35.4737007424396, -45.79144056732638}
Generation 59: 714235.0 --- {68.74160294012317, -52.85335597649353, -1.765115308496127, -14.593719479697722, -6.973169895390376, -36.42030623853299, -1.6012172415405583, -14.36925041553462, -14.111096468231754, -27.168773437579578, -171.6025452892497, -49.445290611756555, -86.1534637382202, -43.26507711216652, -62.8066758287617}
AVG PERF OVER 50 TRIALS: 171549.46
Generation 60: 570685.0 --- {56.84405340505195, -66.77049300684266, 0.1559495511593303, -17.637772298589137, -10.939217636615158, -49.603772091181106, -5.191257981026581, -22.871210717559876, -6.9918768233612, -21.66424208669153, -184.16771961817523, -43.955078804728565, -92.63245303604191, -33.28438365075916, -54.330978713289376}
Generation 61: 514568.0 --- {71.80916402927403, -59.3158254455685, 9.362900038406433, -6.7034083320368065, -18.619384574942746, -29.71794322693227, -14.060087074523631, -18.939037235389232, -21.32995323483174, -11.11023448425182, -195.27880896263673, -59.52643218433491, -81.73292544879912, -38.45960730305279, -39.29581795531901}
Generation 62: 881937.0 --- {69.89661921250575, -65.89480141770612, -14.421800028948955, -20.340865418797446, -9.643489671713569, -41.7070071411903, -5.133346762986571, -15.718743420165127, -5.769983572405982, -28.653184926155475, -209.80991351936063, -51.366103787102524, -100.6011908819217, -44.08672280939177, -55.721748243879276}
Generation 63: 539951.0 --- {60.85239733729356, -48.94918490447823, -0.0696761187861119, -16.38444044842011, -1.007977748529676, -43.679151672310034, -15.580272020389005, -19.355290575684094, -21.603457103570516, -30.00995539623743, -204.8168554868489, -68.44278680388713, -91.80438043627237, -46.41895906116363, -52.67082593989459}
Generation 64: 1514087.0 --- {66.10142848168424, -60.71231439270173, 17.275802868170903, -24.2855507174878, 2.4075662111340477, -34.08293930236621, -14.975608254581502, -10.79521113547024, -27.157712751578316, -23.219939102162762, -201.43017313139762, -57.63950888917088, -93.31365758096007, -52.01244653852606, -57.67257176979352}
Generation 65: 639347.0 --- {82.65900688717166, -54.16078093257557, -1.857637874723389, -2.762070163349499, -27.42418208332383, -32.97046358416081, -23.611367617412217, -22.61823022233311, -19.9768934226377, -35.86688536446651, -206.32881666502203, -48.86588836757395, -99.14264274181085, -54.302725448864905, -51.670852258147995}
Generation 66: 649587.0 --- {73.97151618979096, -66.34911508705419, -10.254903510450166, -0.6074797606474363, -19.90387751962046, -35.08584133640417, 0.5237538261174972, -23.68398253094486, -16.00869292588309, -28.172208267998023, -209.03452734321363, -50.60073604131212, -94.26118993782703, -51.96019765344156, -53.849195745493105}
Generation 67: 629832.0 --- {58.54991860431359, -59.210962486613006, -2.223751151669261, -4.632463962500767, -22.170920885458187, -57.34921876230691, -23.922022480653638, -19.518549650811078, -23.834014953279915, -20.4686917516534, -216.50031135313904, -43.73296005173088, -103.75463004288905, -42.575954554973706, -49.64889233337142}
Generation 68: 898804.0 --- {70.68236349383129, -59.134451111625, 1.6176931501699545, -11.691433144731079, -9.324524677693223, -53.58164771055677, -6.909800206416964, -22.27977745406853, -18.957053459879237, -29.5100651873329, -201.8577068529453, -42.71665243761609, -102.7704999397538, -56.631537656726024, -57.05524875838874}
Generation 69: 899874.0 --- {57.394169974030206, -44.58956310780584, -7.180231056821094, -10.729691915097183, -11.757933686253853, -42.92346035784237, 7.784711125406927, -10.655911122383253, -8.353137742669665, -19.775098339314006, -218.89701393847912, -67.05765146111955, -111.17486443503492, -56.49228084199946, -59.74522071706809}
AVG PERF OVER 50 TRIALS: 163371.72
Generation 70: 684854.0 --- {68.43273203687527, -54.46837384541854, -5.006753833795442, -16.99222518483285, -17.36562535985013, -55.73207673296254, -0.697630068700132, -24.003523257711738, -16.303726069166757, -32.71280959237929, -222.68243785778336, -56.20043704737318, -107.14577318961209, -58.12505997669686, -65.06304595393803}
Generation 71: 642051.0 --- {68.43273203687527, -54.46837384541854, -5.006753833795442, -16.99222518483285, -17.36562535985013, -55.73207673296254, -0.697630068700132, -24.003523257711738, -16.303726069166757, -32.71280959237929, -222.68243785778336, -56.20043704737318, -107.14577318961209, -58.12505997669686, -65.06304595393803}
Generation 72: 974092.0 --- {60.17618735580354, -57.69620434504254, -16.65223309965777, -10.484352940436121, -11.31441285372347, -39.833516465836745, 9.936747615915086, -31.97356040026613, -18.83476590207825, -25.234079993572013, -213.11674563555064, -67.11662284992948, -109.02797648744182, -51.088839392128854, -65.07469596052763}
Generation 73: 695532.0 --- {64.43058282717092, -55.20823435226321, -1.4499006970397597, -19.78855581469131, -12.356930798815679, -49.22527382095466, -15.595397605981367, -23.287500226615006, -32.71065468337489, -8.816509738410113, -228.83233811453346, -49.16096520584267, -107.37509695451558, -49.693355753971936, -65.50181329859119}
Generation 74: 1033627.0 --- {77.64277084866725, -73.55082466806776, -6.743511878365555, -13.918390128943738, -15.842830766967039, -41.60207927913629, -5.114857435137752, -30.406454839854398, -19.622339364216575, -27.442807006347195, -222.83480475914794, -45.38279866131576, -99.02977923871003, -53.75932652832671, -67.44916115107083}
Generation 75: 1208452.0 --- {69.09090397646621, -56.37028727970729, -1.8868140843316281, -14.7104583993743, -15.36892214583865, -37.147985643789994, 2.657950879482482, -31.40363135097628, -18.927430314824342, -26.3672695431823, -230.27587885156217, -56.183227239944046, -110.87926326995941, -50.91606181136866, -68.34943142257973}
Generation 76: 484741.0 --- {75.52227290728243, -55.53577342275751, 2.998211992981982, -17.835262039588315, -29.323602975423476, -32.01063057683727, -8.178316857238483, -33.497095873369716, -35.80895653196605, -24.280166059224932, -242.02935988747225, -53.16394341239256, -106.60808346883628, -75.5209072334938, -67.70181219702721}
Generation 77: 499077.0 --- {75.4389411521127, -48.21013747466394, 18.631406187599286, -20.516081030337787, -17.401774135787086, -30.572829596583603, 8.873545469154493, -30.030473309032885, -27.085297878616828, -33.908372374006525, -235.018443943416, -45.985445921793044, -112.11217272334092, -53.31864333550533, -61.95419299819368}
Generation 78: 737892.0 --- {74.38458129148003, -51.07020229494447, -5.042931373991057, -12.286341967108402, -13.289686964364876, -43.20893332053514, -10.745370411299836, -27.564512859206975, -30.591079861295906, -27.892604463775953, -237.1756284261722, -45.38416641726488, -115.28415850827247, -64.51402671669372, -64.56433237736769}
Generation 79: 639932.0 --- {90.99293903398438, -63.79136573594145, 5.696449285095486, 0.008677301941975912, -21.449152044412408, -40.80670151769759, -14.834960307963813, -26.574233010714693, -29.318348577337204, -19.20565733604516, -225.5990772714357, -66.22537876256663, -123.07105696485701, -58.846441220618125, -68.43368181700487}
AVG PERF OVER 50 TRIALS: 337919.5
Generation 80: 1245992.0 --- {77.44132591825435, -62.00943005559084, -3.8629375251123204, -7.235037607259661, -16.649361639819006, -48.8089778847654, -2.012564651388765, -32.47174372985557, -35.056320874738546, -32.54913763764141, -248.4138550537313, -49.86087432720943, -112.95207672755073, -53.76224881407982, -64.32534686350475}
Generation 81: 837213.0 --- {86.62596280492932, -58.487038236964786, -0.6055969563877218, -22.481211783984833, -20.155552285551025, -46.19735843934532, -5.265061311119101, -39.7694617971815, -31.174059850271497, -20.99067087587479, -248.0644169082032, -59.19999868670139, -117.36755897468765, -64.9732883887602, -69.91138976172607}
Generation 82: 1258974.0 --- {85.68591204419512, -66.59467932613859, -5.899773588913527, -15.309649122399223, -6.236541323652975, -51.61397224560018, -3.822976056395639, -31.869275772479455, -26.383150712278386, -48.468646272592125, -256.4589946337866, -57.854052711533114, -108.30558411144747, -71.91935475205523, -51.224291886103245}
Generation 83: 1200093.0 --- {65.06574818578264, -57.14928063225751, -4.174579474810737, -16.05634151919776, -19.275629764428018, -51.836511698936796, -7.195425389251324, -42.28377266704546, -32.546178091337445, -39.23681608210316, -248.063946601314, -57.164854685715575, -114.00076186902047, -48.85671608026206, -53.5672638727601}
Generation 84: 1071004.0 --- {79.8994171919403, -64.59849625408587, -2.1791164911500402, -14.261238887695548, -16.607555516946306, -51.1781287794752, -8.870141872659495, -47.6699505035514, -44.392762145786875, -29.530166173846236, -265.12863694885965, -40.04749364817911, -124.45174406320645, -58.576458481561076, -59.08434362753601}
Generation 85: 678657.0 --- {78.64751154428372, -48.05596651528547, -6.011750798179472, 1.114631728646314, -8.325232277304337, -58.14361678125937, -5.091795643720222, -49.63585209227224, -33.5807542752296, -49.24560933395435, -240.61424587796427, -55.57019863269542, -113.21116299666929, -53.87435452773335, -64.835804121746}
Generation 86: 971965.0 --- {70.18980580487505, -65.81429110168237, -8.087626435636462, -6.0624889857879865, -23.60522146931801, -44.99019957098733, -12.970089748396088, -44.070810730364045, -22.72077286730672, -36.49649565729917, -254.867283522545, -65.44995794893457, -110.86365625664871, -41.13779807442225, -50.40987500647876}
Generation 87: 1059416.0 --- {82.40578188691435, -63.16454901446323, -8.23832569827966, -3.0188182384591373, -19.24756046292302, -60.37283470204367, -8.563919632398058, -34.7150708313732, -23.60511210574416, -36.78826098162436, -245.6376088271789, -57.52933728259054, -115.84388414413016, -48.519500804756234, -66.7087339376629}
Generation 88: 1012455.0 --- {88.6443084195334, -64.10899449217288, 5.9282698176831214, -11.545281616462757, -17.77133382219335, -41.88489258609257, -24.66391728426374, -54.280877192161405, -33.004092122011265, -40.17109333748708, -257.8463214530828, -70.05867809764179, -133.37780451246442, -52.13085685988885, -66.07631740079417}
Generation 89: 660646.0 --- {81.30138953822235, -57.69153652131642, -8.139579843502975, -1.0709927770255678, -33.295574722615314, -56.68365487799448, -12.639456282319513, -31.410507979868726, -19.882943974987285, -49.00820717795714, -243.4906411817503, -64.5653823441753, -143.61181400068315, -61.539966325671415, -68.55695094605849}
AVG PERF OVER 50 TRIALS: 312806.74
Generation 90: 1733248.0 --- {91.48761769027959, -73.51025939666512, -4.06197303616034, -12.21057980137526, -15.481654840038221, -64.63688464264506, -18.344897850272215, -41.51521710291697, -27.47536343492443, -41.98864922448703, -247.80474243721477, -56.77129726856427, -139.51890003983192, -45.85795708686438, -74.49320613538238}
Generation 91: 1066492.0 --- {87.85100835779014, -75.24854865413138, -0.9349595629053524, -1.7151589028648004, -13.423044359055197, -63.944438093038045, -25.857264630332352, -32.561690901666644, -30.212168192234206, -41.26574669318809, -259.45835868305727, -54.31091741339991, -126.04713652080488, -34.49656741926214, -71.81088488046194}
Generation 92: 1780570.0 --- {75.89955464395057, -72.43743806055072, -9.72136670606816, -14.509910403973924, -15.17987681643378, -61.6763762953704, -21.73140461857587, -50.78339277948527, -41.085534816895255, -38.05353337109825, -262.5874477701186, -49.146827562700594, -115.37017309769065, -35.491906015643906, -51.67984328710232}
Generation 93: 922038.0 --- {69.58730315181268, -69.69951540819915, 3.2878841278687876, -9.431976969183903, -20.940946947480633, -69.70145582135119, -25.954139408767123, -45.860033517702504, -35.206872209790234, -52.28794442070412, -279.94770932878384, -41.32062995170465, -136.77937277397427, -40.81646137179745, -63.12499524545206}
Generation 94: 855018.0 --- {75.97897867344231, -73.79273931862816, -10.921551034705534, -23.434852363566968, -12.642832839252357, -56.25364698374256, -15.466368996897254, -38.9389388650969, -36.08490683199994, -47.284653516210575, -258.1113223101624, -70.48988947369921, -130.63780165895753, -49.892408254018086, -64.19689985507654}
Generation 95: 1602767.0 --- {62.61209791902884, -72.22817135358484, 2.8003497972021414, -24.027839517201997, -18.219555928670868, -68.71889923621366, -29.273688757960947, -55.66432852552431, -44.70763917390741, -45.01049721285439, -256.79025787776663, -39.42926114729633, -124.80123546925498, -34.54740480119574, -47.72939311790202}
Generation 96: 698617.0 --- {80.52534223909355, -66.61891709998903, -16.484341377267697, -10.95943166673599, -21.615088750253577, -58.777112550289615, -10.587972847378918, -30.307689274021033, -29.564955713185075, -51.68109269344667, -242.85104232886573, -55.46986256526314, -130.54733675174077, -46.21336772842541, -63.35697401414088}
Generation 97: 1091333.0 --- {69.83381020917534, -70.92536963627401, 3.1068650203057278, -5.613283908990681, -22.488023255003377, -65.64961883421314, -16.85765033945279, -51.59548511297294, -45.379522261574955, -47.75120484679448, -247.87440550865375, -62.1420306656264, -109.13073172543369, -33.734188031058835, -46.756348934550815}
Generation 98: 1275088.0 --- {81.67118779064499, -63.747507869119815, 9.405336973066051, -6.845998098896125, -23.69354269052131, -62.666118540468226, -24.131528486094627, -50.209952755510905, -45.11771706745637, -48.905724394831466, -238.2290221660023, -55.66415576384792, -116.61835190184739, -42.51879145404226, -52.82636019151185}
Generation 99: 959997.0 --- {74.89762292004194, -64.36236629055881, -7.07060995494947, -20.869812929137343, -19.36726253729847, -56.10860686904053, -17.076274073059796, -52.907874278547936, -25.227352080399164, -38.78324240274782, -253.82459808097792, -48.9865245768525, -121.3399201854698, -58.7703469959236, -64.80871955645043}
AVG PERF OVER 50 TRIALS: 260505.68
Generation 100: 1242051.0 --- {70.48487365262743, -65.87833296842332, -5.462994418022142, -13.429122197615035, -14.42814990889417, -58.40872258450845, -12.377251741750086, -40.85486249145242, -28.106808008100508, -61.25487858757782, -246.17530939411103, -38.565710282806094, -122.0035580986053, -44.221374974041325, -65.17820296889779}
Generation 101: 653471.0 --- {67.34833396633888, -76.08237021351799, -0.5878256849335033, -16.942313457311325, -12.685463538347404, -53.814590353188066, -15.930875698874368, -38.826028348631915, -22.79806933653598, -63.30984406215635, -246.8748807306695, -36.22971997153016, -133.70346011769493, -44.57119178839456, -50.929216516506514}
Generation 102: 1529502.0 --- {79.05086065845157, -78.19494170141934, -11.820723061755382, -9.704514349794561, -15.646338116783264, -67.80802692327097, -23.977419191990773, -41.53227790678405, -33.42499782601527, -58.689977296571726, -248.51560859076648, -41.64688858541753, -134.02918506188007, -42.616875285071984, -72.35337944946512}
Generation 103: 766681.0 --- {98.33009279499389, -81.83839763200396, 8.929001354194007, -12.573026240203072, -17.114570979199716, -57.1175726382353, -18.360232431340446, -49.974910574011474, -7.568025305537724, -48.046375775082865, -256.4081402329643, -68.87540928172659, -130.31169574866448, -49.35696942992316, -50.94535189205702}
Generation 104: 696054.0 --- {94.65538014893352, -77.96239791675436, 4.948311935255491, -17.878074353323075, -7.423193868863058, -64.28441312376918, -24.171502762709068, -35.33122330796677, -33.745547126076445, -52.60300192811893, -241.6437635298963, -50.72904447137437, -149.94906434027007, -46.33301295465423, -61.74159972614217}
Generation 105: 923555.0 --- {89.93958787217309, -89.91189709505254, 1.805534317698229, -16.72283942936353, -5.706119060564131, -61.0060927972447, -24.06048546808258, -31.849003018665684, -16.43998899868219, -46.42896638718827, -273.9151493708721, -75.10394441810183, -117.74386537242876, -50.98752914872531, -59.155947243589225}
Generation 106: 941253.0 --- {89.93958787217309, -89.91189709505254, 1.805534317698229, -16.72283942936353, -5.706119060564131, -61.0060927972447, -24.06048546808258, -31.849003018665684, -16.43998899868219, -46.42896638718827, -273.9151493708721, -75.10394441810183, -117.74386537242876, -50.98752914872531, -59.155947243589225}
Generation 107: 1399396.0 --- {83.96710418425737, -88.85333992193253, -5.362307195627938, -21.337613048180213, -15.090068749489907, -83.60887020382967, -33.375051768285346, -45.85883939804312, -41.87639272985026, -56.652823274066776, -270.1416847231805, -52.7752525472754, -127.40986846909263, -43.477779485488945, -54.321855285024114}
Generation 108: 918949.0 --- {87.79009197676028, -86.88918156259679, -4.620753679476629, -27.504610093005326, -18.14514384456787, -84.06903076095125, -25.643920084644915, -28.568566196624882, -27.002392003086573, -49.20890995735791, -270.6781208015329, -70.45395614351459, -124.56200797288342, -40.88377076615946, -69.35983842534634}
Generation 109: 802955.0 --- {84.14250587563994, -82.98149715659882, -3.7005490675435198, -25.043725557913135, -14.28632482916774, -67.33560226681367, -37.882213171926225, -32.60856299803209, -38.98345467480604, -48.764411090347075, -273.13654738715144, -64.33098996566554, -108.94868801201322, -39.909170527311986, -61.92791007593696}
AVG PERF OVER 50 TRIALS: 471169.82
Generation 110: 1591260.0 --- {91.42967421837477, -74.78337001321923, -4.743160648229473, -23.246389273905397, -16.92149268349466, -67.34364877788614, -27.33541432249475, -39.454947152541344, -45.803149312982626, -57.90173021829807, -277.82236953914406, -75.25336099666475, -131.06241390817993, -37.567330952716446, -65.76780337845051}
Generation 111: 1473631.0 --- {98.1808286978776, -76.05899343854718, 2.7464182163813415, -16.602339312637234, -14.806629273173595, -73.1779211503592, -20.27675176361011, -46.22462189407347, -33.08967424383566, -61.56607523627353, -275.83246104520606, -70.12743204374645, -120.27668305100454, -45.86057865589125, -49.839354589258434}
Generation 112: 1814138.0 --- {107.69034133370256, -84.68576519590619, 8.82411189996975, -19.80491203324807, -1.7013995003772706, -56.712648238963475, -18.944617786630076, -39.05859121540715, -43.747455489673186, -46.46601555715536, -286.6602462614423, -79.82857435212516, -123.11236173984081, -38.5766774164776, -53.83812493703224}
Generation 113: 1110712.0 --- {106.08190467198561, -79.31353416303193, 18.97036297591461, -11.504037629064701, -7.074072825643101, -78.92267378289789, -38.77230342824298, -52.70594735046611, -42.49150490328179, -54.352237050743355, -271.631946919518, -66.81919108511552, -123.78707533595102, -41.13300770156884, -65.15261229820742}
Generation 114: 1216500.0 --- {89.29882796426098, -82.8478109599254, 6.6629659025397165, -33.153275494705085, -6.0560580324820315, -62.70887740191962, -28.137673057386483, -46.30359289069624, -34.13017956866399, -62.737178557814474, -265.53177657681965, -85.29073711077206, -118.6261058762911, -39.80104638009409, -42.566107723707375}
Generation 115: 1238851.0 --- {91.26495125360401, -74.94847076219374, 1.7067555590851473, -11.653780467483529, -13.335848055428723, -89.86027526926921, -37.835236576445304, -53.00202170527109, -29.328578943647212, -65.83436213241455, -273.08543418353537, -74.5988317231807, -106.33890978768221, -19.82960327932856, -41.72924464495735}
Generation 116: 1479299.0 --- {99.43678323531877, -69.51699789589753, 12.859904864067376, -23.239447757460333, -18.71962617584718, -62.47626671071597, -16.5611645084158, -55.58069676732323, -43.83135859552822, -57.46670888379055, -269.68751850064695, -83.32090512591937, -127.36489660447052, -39.94218901091676, -55.31411740534185}
Generation 117: 1108129.0 --- {105.38359639487491, -77.2321440798146, 12.861321470049706, -23.227186195422313, -24.61557291473978, -67.49425144458196, -17.27605167184548, -39.068167568190006, -47.39753273484307, -56.860527106458825, -267.92616779384986, -72.63358755631697, -115.11233449934413, -46.78740337986177, -49.90570113302641}
Generation 118: 1255883.0 --- {89.75606822149919, -78.95368711879294, 0.21959995210729222, -26.389049461432812, -12.297645248768175, -57.9367790175054, -9.627679712338484, -55.921951189404, -41.13187779316388, -31.212246059635852, -280.2081981567643, -94.45111352387215, -142.99052463820905, -40.848846775042254, -51.09039271779864}
Generation 119: 1120290.0 --- {85.51954775152348, -96.1857163252104, 13.868005656782966, -13.978753691045714, -20.36486434674513, -63.588590033998805, -19.32266062262818, -50.037103229067824, -42.35352076371065, -69.1560912577697, -271.3290348960819, -81.9608189092901, -137.45142033199411, -59.190473132829084, -42.27712316529209}
AVG PERF OVER 50 TRIALS: 190490.04
Generation 120: 1114581.0 --- {89.75060468812676, -79.97757888174999, 1.4047521021361877, -16.837539406564566, -5.89636600244048, -50.435806825130236, -21.92115625803396, -44.66972010267707, -37.986457344991415, -71.72581775573641, -259.37618549802795, -84.49874849183205, -139.01959566506602, -71.72682908022183, -42.620177570174725}
Generation 121: 559937.0 --- {109.42608745952423, -89.77841293447744, 3.7133032687081347, -17.53684268313267, -21.577258545915228, -50.41260614173534, -19.408089417609876, -64.28870819299084, -46.88711933909127, -27.794867358856695, -286.6187550173745, -91.82590929763633, -133.05958098571068, -47.51541704718981, -63.26498104359588}
Generation 122: 1183963.0 --- {93.04613693981362, -73.63274687481527, 5.9461463119316935, -17.25244129099094, -6.872000075824802, -71.50733635454927, -10.278788365917714, -23.296915826281808, -46.065207701341436, -52.6882878629215, -260.21606301758635, -56.508413933497614, -132.0248562035831, -64.3425079180625, -55.32886508263957}
Generation 123: 1329429.0 --- {94.36904306939057, -84.03807938119343, -0.3552887820871151, -9.837341166900362, -29.68865336875631, -62.94694293046494, -31.061520354783525, -42.760034612937524, -43.913512214024855, -39.63831778373214, -276.6519133759502, -75.02435131930478, -150.99879277588158, -52.0407678327777, -70.01866242049789}
Generation 124: 1462503.0 --- {98.19586604491731, -82.40664896622005, 4.108710761157441, -29.717237480922638, -12.84979990708436, -55.89484506238011, -25.47757240552766, -44.051943512961095, -38.922168654868365, -49.34538511997081, -285.4156261035915, -80.3151101819384, -133.86779760773365, -58.13432822488444, -70.59952215129812}
Generation 125: 1065505.0 --- {104.04018374309686, -89.71349109335401, 23.854238194801344, -30.034257203318134, -14.165173875040143, -59.93325255301068, -28.870844645533563, -43.51049324221439, -43.04582186724603, -33.963278847041266, -299.24936572463406, -92.36520800351917, -141.45394069488808, -67.03757880209874, -56.096491736277194}
Generation 126: 1332696.0 --- {94.30909164333998, -108.11406888587489, -29.174787196451152, -25.74696799569025, -9.155119818485753, -61.79640272932349, -6.459142414611691, -48.83516561103203, -35.39189304672937, -59.36891439439738, -307.9620326741072, -73.45732370968281, -124.74907003398889, -46.96893241426325, -77.72303028298695}
Generation 127: 749745.0 --- {106.5648159974971, -89.17200201862553, 20.759938469389624, -19.208287005578384, -19.329060959706062, -84.84944645345543, -38.64570487401646, -40.16467746689289, -55.41069220554325, -28.963314033317822, -298.0954377618809, -103.88778777685417, -141.9973009969908, -49.62370900190709, -74.74074522064626}
Generation 128: 1280336.0 --- {101.93148995924429, -106.85467665512803, 0.18771095916026148, -19.435254400694667, -8.764189177889643, -74.65106328043932, -36.49499556113251, -46.9272395065838, -52.12548476913098, -41.41634072245928, -310.6157102201718, -89.59326797452276, -139.83871647710134, -44.39377910120219, -56.576022357964604}
Generation 129: 1176227.0 --- {114.2057032493187, -100.89199080327884, 1.3252088311709382, -19.799674795710114, 5.658318585236678, -66.6298648921566, -40.76155780880822, -46.751943715231945, -56.86186597509333, -46.90238852100033, -299.4276264991137, -82.32686847033993, -145.58639416463615, -39.945426971483194, -69.26823436726478}
AVG PERF OVER 50 TRIALS: 346538.2
Generation 130: 1418146.0 --- {103.91693842361202, -94.06562067265206, 11.951986126106199, -16.03752728021592, -16.42195033663989, -77.63572705485569, -35.402087061546666, -52.19461349824067, -42.36634181882624, -60.71744038320142, -326.12958560723393, -84.40547858417375, -146.54762081445293, -45.7358154779218, -71.82433753195168}
Generation 131: 1581697.0 --- {100.75521073010859, -79.8594301055059, -6.495719071567851, -30.183948156050207, -9.790513739957962, -78.15791500471413, -22.10379884642739, -50.247140969406374, -27.335869735875537, -60.29051124575017, -329.5224668043624, -87.5438687160839, -145.63793080936168, -48.88504612533693, -64.78135431684079}
Generation 132: 1165241.0 --- {102.43180165843762, -89.5718344468645, -6.096915110828632, -17.609935779893256, -6.8756710788640385, -67.03001797201553, -29.381098563454202, -29.335025910689627, -25.976499505275438, -76.38646720458944, -324.93534951931605, -73.73270499368903, -137.85431747253617, -43.072402810549306, -72.60823616209667}
Generation 133: 1244892.0 --- {107.59351514532611, -86.0709759915542, -0.2102949584125119, -24.366580504287505, -16.08729705704655, -86.24744564711345, -47.83936163504085, -59.04483039387257, -43.9384815082689, -59.149461342428516, -310.68039122127686, -95.40858534896455, -148.77533364890814, -27.88377273114139, -83.02220864005272}
Generation 134: 1276317.0 --- {119.35804072280922, -67.06031100224081, 0.9481934160551226, -30.138582404633425, -6.641550536474867, -73.97950055907098, -51.73645225027266, -50.53744296147091, -42.36225871499986, -41.02825901115189, -321.78092374924955, -94.01951890798519, -131.65353514070443, -32.52881639915941, -76.40850675152878}
Generation 135: 1363757.0 --- {101.04866732271115, -84.7981406051761, 7.389208912234903, -16.03934844883413, -16.69518237021061, -72.83260125920145, -34.67987474140963, -59.06458104928258, -36.07190336136191, -51.32720147419507, -319.06905931980776, -99.29357703799158, -155.58508858923557, -48.81563632359682, -66.05526955033457}
Generation 136: 1278970.0 --- {87.06567456020954, -76.05581120559556, -5.487554739383301, -26.10475718112194, -7.194146528029683, -72.76051954843624, -35.72317714699213, -52.012026788082025, -40.93806749607319, -69.10992354232962, -326.77258674776135, -96.70381677287607, -129.55964004690554, -35.05764273270557, -76.69974361268717}
Generation 137: 1519147.0 --- {112.2024260711968, -87.25751683871628, -7.136548882934095, -19.622108406049602, -1.428926135868707, -69.52518039124284, -17.946589399655544, -56.219151012353564, -46.9495112088809, -56.65488509997017, -319.1795864853566, -97.54134038194195, -123.0267811762978, -34.902195414528855, -79.17885502629363}
Generation 138: 1203485.0 --- {103.19226448542156, -89.61478423281237, -2.070555561183335, -22.206991111125678, -23.17704827481245, -76.11742575822376, -42.770242832782955, -64.10678130412803, -42.97413850078679, -50.37850199108694, -315.11524625437517, -96.43730369888023, -164.8442533631945, -56.43744853776768, -68.33892561261354}
Generation 139: 2136732.0 --- {98.72935512767735, -98.62038100697475, -2.2878937009355336, -18.457387443111582, -3.6454818220805594, -67.26264592664087, -33.87768083270363, -51.099553005571885, -49.021994620830604, -63.166473356561895, -322.51919646356026, -103.8831863290464, -130.32956948950294, -38.41803340656263, -83.7775387585822}
AVG PERF OVER 50 TRIALS: 228026.68
Generation 140: 1116747.0 --- {109.81746714588806, -91.72903340509137, 1.4803059707307824, -17.104662110770782, 1.3016004568320727, -59.45227489518996, -23.918802912279514, -35.01905639085027, -52.43272600850937, -59.3386745101494, -309.22037878434395, -91.76135600508759, -132.47870902225455, -37.98254925170151, -80.98690763355732}
Generation 141: 1183584.0 --- {110.18530137962851, -74.2802916841488, -1.7583389795194542, -3.5616097564193883, 1.779111738441122, -69.63500667225671, -23.400707689726886, -40.96290572690755, -42.60582407270176, -55.43689035720486, -294.68861933258063, -94.53891797489663, -146.71268395513144, -51.89241926769316, -83.21517925438943}
Generation 142: 929441.0 --- {113.39533757200589, -77.0519750666606, -1.4234475469809453, -19.48302373577635, -10.167191721592545, -69.01789887728103, -32.302795599911065, -52.436005039868945, -40.83043957234789, -55.578130143733915, -314.045434660839, -100.93174226073474, -163.70150253639122, -51.385804313915095, -67.3421744852165}
Generation 143: 1531183.0 --- {117.66415287158213, -88.64933272632547, 7.832593929608527, -25.545611825878353, 0.529541647134854, -67.71287717039422, -25.965983571506424, -48.64427290702173, -37.93723746096579, -42.84712866574048, -319.53503178672037, -99.50979031029694, -157.25501066511046, -41.454179025301684, -91.29233120354256}
Generation 144: 1273442.0 --- {106.49310043259808, -78.76543010822579, 12.614366389790433, -14.41189516691832, 0.800433135987042, -63.5487693490338, -23.918711714613156, -57.37638249232277, -36.611379766096654, -58.05692852295851, -328.57979492099656, -98.68866433031596, -148.39210324533985, -49.509759923568225, -82.16213035970038}
Generation 145: 1392078.0 --- {97.70948012480015, -74.51611154687956, 14.592454590006692, -17.334353403312612, -12.58201375800653, -75.4102765134152, -24.347646327895003, -67.50693937720585, -40.05215077092925, -51.961541257124225, -336.4279278088988, -109.83418625045961, -161.70018213603797, -50.16464897383399, -85.16543806519066}
Generation 146: 1649275.0 --- {109.9931952143993, -84.93938240532326, 14.614402902646283, -25.93016934671148, -11.237422728240805, -83.38488721306379, -23.447217913562703, -64.11601658459053, -57.62500671588288, -61.297440768240804, -324.43548495970555, -108.39296901027681, -151.97573865375222, -58.008702050390255, -70.94044125557147}
Generation 147: 1580253.0 --- {110.20674630749365, -68.21122194900201, 6.222079005710017, -7.8115844887982675, -13.57751095496474, -75.90558925194955, -22.86722006834634, -57.577340276204254, -31.736349556756032, -68.98081821437222, -317.420642750517, -131.93197607373207, -146.33667754355753, -56.143896225246756, -72.82934682194964}
Generation 148: 1285294.0 --- {115.02828100631567, -77.86675863721905, 4.649489150200012, -14.120795138804022, -10.209412780505811, -89.45640923811258, -23.665525018333007, -58.14768162486922, -30.259660221231087, -56.955818864146806, -329.4479845475238, -91.13692839501701, -130.34656575538375, -41.004146818045015, -68.14469413879557}
Generation 149: 941186.0 --- {113.5496910566323, -79.35962023038161, -4.288574866471433, 3.698216670793954, -18.79613214740909, -75.0018113639538, -14.30095104813697, -63.53467571329902, -41.31846609990229, -53.280077745704126, -313.03667566006493, -130.22177673601345, -150.1094114772331, -49.28860685252948, -58.44231639347433}
AVG PERF OVER 50 TRIALS: 261342.82
Generation 150: 770197.0 --- {112.2025131486431, -83.03881372267104, 11.81836653964677, -9.498697373651755, -8.7134997801993, -71.38518182067345, -36.48963231782717, -64.7714775168028, -39.70925487036486, -54.553547355283456, -319.5518006744719, -105.50276674182231, -121.8236883688803, -45.71336946465366, -55.1107686694013}
