TETRIS: height 20, width 10. Noise: (50.0, -0.1)
Generation 1: 37.0 --- {-4.222720713399167, -13.917082077599632, -21.06349989423494, -3.8643446900623757, -18.895436717976175, 5.261832076720644, 1.2500505330592628, -9.536150595457816, 10.295176487196361, 12.660044102941587, -8.920177691478518, -18.459384176784926, -0.5795509149109974, -4.390385603962475, -4.340351533634593}
Generation 2: 112.0 --- {-6.82190816732394, -13.828152047535674, -6.047154927052473, -28.26373277679251, -13.606836143328676, -9.364469480705388, -2.396731937528587, 4.672942119184554, 22.514028960713127, 26.159723980841626, -10.494400237576894, -24.84759781982982, -9.487434669119766, -28.408598500340293, -18.373512297983915}
Generation 3: 302.0 --- {-19.389425577953464, 3.1209025612344306, -15.713376088482004, -21.579269708591887, -16.930399072039222, -11.10450070468423, 2.0894887984348354, -10.330318637007645, 9.790455078726936, 12.838334965625819, -11.249566913865735, -8.012473773673104, -20.132352400156105, -32.197118326264665, 3.1141489238546676}
Generation 4: 900.0 --- {-6.546489211728947, -0.9713513067762829, -2.7661413837379802, -31.730256305108796, -2.287963368245518, 3.2846387150508987, -4.554364013007083, -4.505625471895117, -2.242269178176722, 5.368359798362162, -24.939773174441484, -5.739435412449575, -26.73035726704181, -17.174687664797958, -18.043622185895114}
Generation 5: 1437.0 --- {1.103516984222642, -23.534632939475152, -16.236228960130195, -0.1374206879438873, -9.517697634295901, 2.025891564906475, 13.67219507826404, -10.35257471402062, 1.5066716881210107, 3.584769257149592, -38.45303969831828, -12.016254599448786, -15.441588971819028, -35.271638163931165, -10.62684320371033}
Generation 6: 3399.0 --- {18.5829709531031, -29.644676791417833, -12.208465864761852, -3.118580857715207, -0.9636773293672842, -1.8995205310563756, -6.124180676660648, -0.6815883986049958, -5.417733270243024, 2.2686571552051196, -32.473703242158166, -14.803336957068558, -34.93705257997501, -35.603972431348154, -12.341999914736299}
Generation 7: 4678.0 --- {18.5829709531031, -29.644676791417833, -12.208465864761852, -3.118580857715207, -0.9636773293672842, -1.8995205310563756, -6.124180676660648, -0.6815883986049958, -5.417733270243024, 2.2686571552051196, -32.473703242158166, -14.803336957068558, -34.93705257997501, -35.603972431348154, -12.341999914736299}
Generation 8: 8004.0 --- {5.6450857950452775, -25.254278940262072, -14.964437004505623, -11.845958406815242, -8.717645013873776, -5.829571348721197, 5.877473934723684, -9.011582522632613, -13.526082492514853, -10.209749272955431, -29.304021868671782, 0.6932132779381774, -42.700743362835254, -37.06725376605317, 1.1145885451763995}
Generation 9: 37361.0 --- {20.14647551319498, -17.101637094869936, -8.52423322121679, -14.170112962376425, -1.586706809266432, 1.5222877510508495, -7.900441414781554, 2.8087134659396, 8.513770804779218, 8.018387645037187, -41.21483529360517, -9.474112467949867, -35.80551765879572, -20.33108658439474, -16.597818176350835}
AVG PERF OVER 50 TRIALS: 37119.16
Generation 10: 143513.0 --- {22.099673385727108, -17.597201363737817, 0.3688539988851156, -1.3634047683629706, -2.8381172157074404, -5.874972581113978, 2.721538411056913, 2.1828275841791074, -7.392775605685223, -9.88883324440247, -45.88033612822641, -17.80885385555623, -49.317052161390414, -29.224413577126402, -19.721385656938054}
Generation 11: 19228.0 --- {7.994529451280341, -17.299974424081515, -13.58703950570477, -5.003192654150382, 0.5773268074596372, 3.9343762603886816, 6.763067786979548, -13.068613062490652, -6.889663120312967, -9.889890843404, -43.351427309704505, -15.334901262186637, -38.18650881210852, -30.53677430485485, -15.078029383478745}
Generation 12: 19296.0 --- {21.640787278050123, -23.271591922291467, -5.119331366222879, -1.111398233821209, -3.8863324838789195, 8.66937409234264, -0.9646852548972249, -6.373388972147471, 2.3525454258748266, -7.740771343415556, -49.325830469030585, -6.368517829112752, -36.334888243535346, -24.157468498305196, -24.378089607746865}
Generation 13: 24009.0 --- {25.85637430789206, -6.214648267227188, 4.063312759223804, -10.679665259460055, -6.776945847735604, -6.554372043870616, -8.110043786628728, -6.435457894673819, 6.609857520336213, 10.540891419745972, -49.24956691892118, -19.99912167693849, -45.78750327474434, -30.124832562303382, -21.606077460529743}
Generation 14: 90619.0 --- {19.3318990229257, -19.990857977579086, -2.847676798598983, -2.164763015061233, -10.421263816406032, 6.574988745240291, 3.4270144197704853, -16.133125544711845, -8.680676531047546, -2.8374169148915644, -58.12906193273142, -14.361206591839945, -49.57734251058372, -32.67102248185194, -14.807631379620679}
Generation 15: 51834.0 --- {15.349264855312905, -21.367867456117686, -0.2575869662822967, -15.872493177123374, 1.4673755763801921, -7.091058981396722, -3.0752605189296554, 1.7940268742135816, 2.3207978473023405, 8.482016689101654, -62.62685015980434, -22.903987231078876, -34.13305639010501, -26.350448332021884, -10.207684858629886}
Generation 16: 112191.0 --- {18.99256761819713, -21.441638750715846, -4.375792795499016, -9.359307310705088, -1.3447015894444685, 7.990176849870912, 5.239043299871826, 3.9780129240499313, -6.434997225354623, -3.5140153543682846, -62.38857056921867, -25.19042864167023, -45.558262646027934, -28.293379679686712, -29.717272820039334}
Generation 17: 102928.0 --- {18.967947352845865, -29.945583519807776, -8.776199273642948, -12.633841270984512, -7.090495721870902, 0.31800732226959383, 9.586648802672062, 3.290379516183339, 9.0171771629274, 4.113687505221922, -54.49428966761278, -12.796807083714384, -52.109321040337996, -40.712390575469115, -30.52605600875524}
Generation 18: 97883.0 --- {22.367882986908278, -26.12579438818522, -17.78801390972483, -5.417002470092994, 7.383892591715179, -1.0938702473647672, 3.9533273059426968, -5.438285735847099, -1.2223911178462439, -12.041696846544042, -74.24808061544269, -16.3916571855621, -56.00473302555141, -34.5786852361605, -35.140386887233156}
Generation 19: 153486.0 --- {18.99256761819713, -21.441638750715846, -4.375792795499016, -9.359307310705088, -1.3447015894444685, 7.990176849870912, 5.239043299871826, 3.9780129240499313, -6.434997225354623, -3.5140153543682846, -62.38857056921867, -25.19042864167023, -45.558262646027934, -28.293379679686712, -29.717272820039334}
AVG PERF OVER 50 TRIALS: 19804.76
Generation 20: 46362.0 --- {24.53163320687837, -19.86241768938544, -6.2049369473081555, 0.9455988351603288, -3.245946256091788, -6.343897091334716, 11.980638207228521, 9.668082095540042, -0.9441389870110672, -5.75736978287491, -51.595635291204644, -27.834190467221703, -41.48008447232518, -34.00141045710413, -13.307349647446802}
Generation 21: 93475.0 --- {18.99256761819713, -21.441638750715846, -4.375792795499016, -9.359307310705088, -1.3447015894444685, 7.990176849870912, 5.239043299871826, 3.9780129240499313, -6.434997225354623, -3.5140153543682846, -62.38857056921867, -25.19042864167023, -45.558262646027934, -28.293379679686712, -29.717272820039334}
Generation 22: 275507.0 --- {34.44764742133782, -20.14716984936633, 2.607897141017437, -3.67172364892963, -5.039489419283333, 4.347842974552856, 7.9928328745119614, 1.4331703079881848, -2.0299315927397403, 3.5877355441626215, -71.64809299485414, -32.33895383858879, -49.32744875736727, -32.637709096781755, -25.53306581472949}
Generation 23: 144443.0 --- {12.884223994600758, -9.530522186315258, -15.642783093018254, -3.826758292548024, -8.664012020303405, -17.92910049786761, 1.9450474685235883, -4.587752204929419, 1.3828076141490295, -9.02775069503219, -84.87421924622123, -28.614280148003697, -58.8732794165051, -34.846123218812444, -7.802478671628103}
Generation 24: 184967.0 --- {34.43226895935158, -12.650339447988642, -13.246179142323227, 2.3049352508150545, -10.087506167594396, 3.350761456322654, -8.278770110322299, -11.18505144692849, -7.402939846122499, -12.375390133670624, -76.11957250052565, -32.6032246416482, -58.969435708162656, -27.031615786070095, -20.47435078567569}
Generation 25: 208075.0 --- {34.30759932373328, -16.107137322126277, -4.0539128191141955, -6.877721846962438, -3.5395216238879517, -5.352310193937603, -2.1042222305000053, -8.711014956745904, -8.314028606247518, -15.813134190218303, -72.48345816719734, -23.022766895263324, -51.22559149468509, -21.022753399317878, -16.178158066412802}
Generation 26: 113375.0 --- {30.853174716702917, -15.895775168326505, 1.7125189031283021, -19.11846894805045, 0.5096991897941976, -10.162991988053502, -1.9869691476743891, -20.351304657877694, -2.5619183772433196, -20.096889061244905, -76.77165920246654, -38.81450007783337, -78.43304645426602, -28.39825807251635, -17.620238376144414}
Generation 27: 337578.0 --- {28.00692980809937, -28.99367952922755, -17.766127197924003, 0.5000448531022135, -10.092695554642843, -20.678448924509365, 2.08748640212333, -15.636928806566306, -1.3130050206030601, -18.03549853100676, -98.49042055541484, -20.30314583832008, -74.83468829612566, -42.31180005185861, -20.210390601423335}
Generation 28: 164180.0 --- {25.774019217547746, -22.419643210623356, -5.760103863918433, -9.839083329489098, -14.132482867460588, -5.0433041534150735, 15.94671081355281, 7.086669936929884, 4.270592951923509, 8.665760119717696, -83.2044058382503, -25.628382543228525, -69.05498490600012, -46.11098538145415, -32.94062660127588}
Generation 29: 197234.0 --- {48.36336613392754, -28.259799540948958, 5.427394641700519, 7.439907215725488, -11.248586074790033, -15.420717827588097, -2.722135201186825, 0.08863090014396979, -16.7113703196885, -8.128856544891034, -89.05533008924823, -37.19284368616766, -55.82688265914087, -31.84001414396276, -37.170093770030554}
AVG PERF OVER 50 TRIALS: 41336.74
Generation 30: 182022.0 --- {25.660536384500162, -24.94631483873857, -4.851708963802343, -11.40935649869932, -8.578387605439588, -40.65690739092934, 7.611116927059817, 2.076762108089315, 2.0922849382913924, -4.046459943887342, -97.99292675300883, -33.02726569062074, -63.112981045931164, -38.055395639617736, -24.094590475828024}
Generation 31: 146421.0 --- {45.07283772636026, -31.655142768156217, 0.5670701342323397, -8.078525329332658, 3.2820515958209437, -17.553615680119133, -3.225543302628661, 2.8843052989849935, -3.4733432509011983, -9.765859293311362, -99.99482946683484, -28.693839748304466, -66.86002134592849, -36.46454341742767, -32.83712509038124}
Generation 32: 240207.0 --- {29.478581995412483, -31.445294421069, -14.01721215572588, -20.572627684291845, -2.237394736270054, -13.968668691213106, -4.329413999602618, -7.272696141587115, -10.914729080345777, 10.380587387373462, -108.15816228310015, -28.848358435270466, -54.14330122700693, -34.30672323483974, -35.0550913484074}
Generation 33: 284566.0 --- {34.580292412148545, -34.530744914928015, -10.489905386545574, 2.19875335568668, -19.30583886803111, -20.709498227299587, 6.743454119044369, -20.140246874756254, -17.20721498437409, -15.53697263576922, -100.88685575344469, -9.048538174661566, -87.55577922575024, -34.16633528850484, -30.393685076550142}
Generation 34: 189811.0 --- {49.85136080130388, -40.67482671951673, -13.26843338692612, -5.258476553059741, -2.1193977077639286, -19.134231660553745, 11.46733452698193, -12.169857619260075, -5.026123531743914, -13.941272074931376, -85.56342065904074, -26.313929170603387, -86.84570187587978, -50.81960368523684, -25.408118162941555}
Generation 35: 248073.0 --- {41.81183757444682, -32.44945293353879, -4.055762481347186, -14.64123469601053, -1.0364648948951776, -3.6167816877224315, -9.929456367110468, -5.131754702580214, -6.524938472266896, -8.534401795612276, -100.34198462194036, -31.030629986558925, -67.55046215912478, -49.584642661477815, -22.687917770467273}
Generation 36: 199356.0 --- {36.39725394554929, -30.652011645540842, -11.001765960506946, -9.283872799656002, -12.724890244759935, -27.15854367932944, 1.2140313004604972, 0.6122393766053023, -16.29610037369962, -10.93033142688342, -106.83541098942077, -25.723600897188668, -75.09411098235626, -51.308233020322774, -16.306365462497972}
Generation 37: 346739.0 --- {45.344762339857766, -34.05652561732442, -4.971166033423937, -15.173209079199582, 1.4993424224565575, -18.325644721230667, -0.8200422320097482, -17.188046819992913, 2.051431538582639, -12.540195574185796, -112.23618258716405, -23.700413679108834, -68.65503477290409, -40.39930575031152, -22.41927441738882}
Generation 38: 264210.0 --- {52.556514483512814, -28.640856728495287, -5.64813920818012, 0.8469892130096497, -8.351908339026387, -18.366038777887013, 3.976962378867523, -3.075224613488915, -3.3998070679482826, -9.863249510454406, -108.53393905964614, -33.529164174985304, -61.09383107293055, -36.022910605647596, -26.267867149648538}
Generation 39: 293918.0 --- {35.480795672209624, -40.325388390473506, -3.6841746227217325, -16.25196755763964, 3.6623744650577432, -9.903439755306934, -6.985970405473168, 0.3566776245922263, -7.140530897089399, -11.049389692495922, -94.51172607636494, -27.95217817074155, -65.28780777532344, -39.40545533597515, -33.42153977706464}
AVG PERF OVER 50 TRIALS: 79360.84
Generation 40: 260733.0 --- {39.4277620709302, -36.98312618829174, -10.98358043611448, -11.94751989767662, -13.626976527428706, -13.429584277297309, 10.687107886426649, -13.683983421640642, -2.8363021120538354, -13.375625714731171, -111.79500311966818, -35.26550652801943, -83.78710824941051, -39.35679962618603, -37.17651333683029}
Generation 41: 381465.0 --- {43.10508515249454, -28.085994723959224, -5.312462899221964, 6.798731158465264, -7.18414488521966, -12.546388675315857, 3.3488260978831486, -16.959242430049276, -14.895144115018091, -20.152558039035394, -98.08396336380311, -36.22533975874912, -84.11345718130168, -45.21392037871213, -31.984082468947783}
Generation 42: 361854.0 --- {49.92324275989017, -39.947164857800075, -4.103350767744621, -8.511552556284494, -0.6417328594376461, -14.23979265056861, 7.208753364093474, -31.07467154797292, -17.24283386788725, -20.875892835384935, -135.70305287237244, -55.402022135430144, -95.94832580847425, -37.333992128112236, -33.26192036577828}
Generation 43: 222442.0 --- {58.855653808809194, -43.02556541164688, -22.37132449330874, -0.8523392791774218, -3.081063833097035, -16.40682144191758, 4.781982157013258, -14.895213244455377, -14.46289871260652, -29.105587022562425, -150.785023308709, -48.94859645217302, -62.523520150833775, -45.43538938914152, -30.453622184403184}
Generation 44: 723053.0 --- {52.34647580004567, -38.133426523072686, -6.3193841703570985, -2.598149707052295, -3.4058447620319567, -12.554106142678044, 6.546017413568591, -19.95317704946916, -25.154197617558808, -28.632331639786013, -134.7985024303288, -54.091064510492394, -66.13807224028342, -42.594897959845405, -31.99247721381587}
Generation 45: 232780.0 --- {47.01084375285566, -31.11410241660885, 1.3268720134023253, 13.13086987786111, -21.641877792555395, 1.6529647015288518, 5.624975412394595, -6.055840190665412, 1.262343985986746, -2.0776185924043986, -135.3248984791567, -54.19596349104155, -76.93114470881576, -60.276242636410224, -33.93052285876139}
Generation 46: 788459.0 --- {39.291103885476694, -19.304516329134547, -6.622360902368211, -5.911169034150877, -13.442372823244158, -15.600517586890742, 3.3549631476131423, -21.526285180987454, -12.482890806921706, -23.406294137492512, -157.96851489696337, -59.5562420341034, -67.8496918875986, -29.500714432164337, -46.46912467389016}
Generation 47: 1631523.0 --- {47.14257288059378, -27.90589189694534, 3.510229709321383, -5.286583551941563, -6.332571595644669, -21.86561853968472, 2.5874176966859403, -10.50805770612937, -4.439427194192483, -15.206604008084103, -150.9140577839884, -42.10643471899917, -63.54200185013735, -53.362947425535715, -29.891343614871502}
Generation 48: 576996.0 --- {48.51999816866576, -35.160593490628436, -14.840543319174623, -19.75212498170916, 5.255314996095015, -15.941420948857694, -9.48619806261678, -24.969590353484282, -18.664083395240418, -20.12694759370024, -133.91809658550645, -49.20739601200694, -83.97973183512298, -32.51347737719496, -20.356393407290973}
Generation 49: 427682.0 --- {52.072854049986034, -30.923221444719474, -10.42266326704327, -12.097150945153764, -1.0079460903726827, -14.243478249423996, -10.527139463136095, -32.84203178927774, -10.985428899104575, -14.759271660705345, -146.9982510744211, -51.30260656097725, -71.83440182915044, -24.93451438325232, -24.533447802967746}
AVG PERF OVER 50 TRIALS: 93497.68
Generation 50: 454905.0 --- {42.72138532560658, -45.54845666053157, -13.73827894094831, -10.972173957767389, -9.306356639160564, -29.162504035955767, 5.401380405549444, -35.464286410818076, -16.039563812847174, -15.912396600768703, -148.1644862358237, -50.144996236871435, -79.97586684740001, -41.85303707260538, -31.261730515495515}
Generation 51: 475522.0 --- {45.829302168668576, -30.80409077290592, -8.55557734046737, -22.59685340029931, -8.390243534695593, -28.458864828785615, -7.596869618215861, -45.77008640948386, -23.371532431980988, -29.949758392904698, -148.6606247132067, -36.64660409131389, -81.48724490908579, -33.14503327688818, -19.763045335896177}
Generation 52: 658275.0 --- {50.64865981161998, -38.07714274004799, -1.656863667647304, -10.587563071225558, 1.3481026527864293, -24.184980504115224, -7.177912497884953, -22.01291944071245, -29.889941453327364, -19.68493736792847, -138.4431976246405, -47.00081768121707, -62.936518990071676, -31.413906879838134, -38.97631227446156}
Generation 53: 724783.0 --- {53.02412534644055, -36.37675314357767, 0.23656719601218335, -18.731846203049955, 6.695147291771118, -25.459298592072535, -1.7304799517176637, -24.19109769641556, -15.90125696766875, -19.548169546805937, -145.95557450863666, -43.32014180976927, -63.666935293197405, -28.876856477237823, -29.387741986938344}
Generation 54: 408685.0 --- {59.98956132491046, -47.57708089007316, -21.320201955950857, -0.2582085840052134, -12.526204378630421, -31.84994730202486, -20.539091566603567, -29.122885076996912, -28.838897126986428, -21.066322990009493, -161.35340923681483, -38.74232750551044, -69.27097417253538, -25.686759251036943, -29.99464308894784}
Generation 55: 1303830.0 --- {47.01131773885554, -51.56415194726241, -10.18008387581322, -15.932406092035729, -7.080747324986927, -21.735190252701763, 0.4570572558286141, -29.558320339340113, -10.503093674274858, -9.672428973062104, -175.44573322493193, -46.07465842751679, -66.78001016373125, -36.76629755707057, -23.081130214233916}
Generation 56: 660132.0 --- {50.65587975288006, -52.152682111434615, -1.4430378475706587, -0.004210585226390062, -0.289971841362763, -35.639907297930904, -8.772204676420905, -26.57614615672243, -34.80908863185846, -23.000717004378323, -163.03162026902794, -46.71656770038553, -75.27768461977722, -30.046400022227697, -29.72139522155132}
Generation 57: 399665.0 --- {56.24663333526121, -34.38106064199509, -19.35626294811741, -16.063064767174115, -8.80779817607116, -34.34007247959372, -19.62918840510544, -32.50585435735123, -35.02101835293622, -17.002780700061933, -160.05871994431638, -37.55698974839724, -61.399017482733356, -16.908342433579335, -31.003307159966646}
Generation 58: 310226.0 --- {38.752474321629805, -37.26826877440307, -1.4057684406625635, -5.586329692009792, -27.256023848484812, -36.18477915604287, -25.32340674858006, -20.308472154387452, -31.603927672479752, -29.768408634285166, -150.82191843419213, -70.83294690526522, -94.27975799994024, -23.641161576532376, -24.276001251648825}
Generation 59: 528523.0 --- {58.70666475609614, -35.88742162511743, -8.589915250338453, 1.521390902816349, -10.424186549928299, -51.37106014176587, -28.37725401376995, -29.752910735945633, -40.16079596209926, -38.19666991838206, -165.61155279161895, -51.95220091784767, -83.74979219448858, -26.75205307582781, -25.77138316825782}
AVG PERF OVER 50 TRIALS: 224030.46
Generation 60: 441402.0 --- {53.43039284261975, -44.799907401009136, -2.6493046073910147, 3.7966597163567783, -4.804108794205385, -30.033550295888144, -20.6617211628693, -30.603909333004168, -17.03682896768192, -30.482191047671325, -174.26402947985176, -44.61810950093647, -69.89879273948708, -26.33847327026828, -41.810707583114436}
Generation 61: 498479.0 --- {52.76776104475998, -40.504379765838344, 0.9173559273116254, -7.520155290440632, -12.073054894961084, -40.688755877965875, -0.3860788910690296, -43.25389214146278, -21.347809910027006, -34.27043571273739, -176.67988646873783, -57.31270096105254, -74.41089435464109, -32.40908567546883, -20.868028868808253}
Generation 62: 604088.0 --- {51.68388569825581, -43.43270109904984, 5.125363157726435, -9.077466287617662, -18.936325395138173, -41.24907349957122, -18.08424358939472, -31.215810514677823, -26.900759725982507, -32.182837605998, -180.74507529878167, -50.296753723871404, -68.09963514436718, -34.46230121418633, -28.057944339355466}
Generation 63: 1305977.0 --- {60.25499840643224, -39.91578232065953, 3.2852609668417196, -4.971470013103594, -11.17370695983387, -50.530181205295065, -26.24658436557499, -45.2822081663155, -35.295388948742186, -43.104262834867264, -160.98893065238155, -43.457644972253696, -96.29838463006769, -6.170466297492055, -31.652486284492984}
Generation 64: 566353.0 --- {56.85814538054443, -41.0167456134861, 0.7709534809355656, 0.9743433877165546, -12.423644409796925, -39.463578192572214, -8.111606109945898, -24.228888769268927, -19.493064906345666, -17.919045216139658, -172.8940913202694, -46.183235015230565, -65.72355764097952, -33.50836628121738, -38.44217745214239}
Generation 65: 961390.0 --- {52.613618818351966, -45.44241847024765, 4.757814758284715, -7.744063402504057, -5.9323168177111185, -47.01189008796918, -35.376166715566356, -36.81034576040089, -47.33968718845517, -48.49267087979831, -179.07485511254725, -25.388648836818756, -81.95188947987921, -22.282888422008664, -34.4912504769622}
Generation 66: 691112.0 --- {52.613618818351966, -45.44241847024765, 4.757814758284715, -7.744063402504057, -5.9323168177111185, -47.01189008796918, -35.376166715566356, -36.81034576040089, -47.33968718845517, -48.49267087979831, -179.07485511254725, -25.388648836818756, -81.95188947987921, -22.282888422008664, -34.4912504769622}
Generation 67: 594177.0 --- {62.33286502473395, -48.0779077018449, 5.990498554532266, -12.032017827281052, -5.355105538936434, -41.5579416493662, -20.192156855906354, -56.96717858283318, -55.26902695635069, -48.44403916515711, -194.8282026263581, -27.774867329504374, -99.4381454693189, -28.264952753307963, -42.48352944072404}
Generation 68: 781471.0 --- {64.58337447916529, -36.57430295595297, -7.34090078723043, -16.493042230622603, 2.966510110535765, -39.95784580192696, -21.873973878373434, -32.17865850769141, -30.487305315677105, -42.37413803766446, -181.18992871052035, -33.76428746778336, -76.92042880176544, -25.33296878905869, -24.326877166418654}
Generation 69: 478667.0 --- {35.20148450085499, -35.4462015850236, 6.321397530744901, -12.952977502362312, -15.73802320191851, -54.978392612727916, -29.898327614891784, -42.154082852556044, -42.19639009747015, -39.945433960631554, -188.38866000647678, -27.093032124710145, -68.12081900845239, -5.2157724245921635, -26.51249027259603}
AVG PERF OVER 50 TRIALS: 166343.6
Generation 70: 710216.0 --- {77.00719499638882, -69.83225674880376, -3.2587717466635158, -18.02355798474022, 0.10930429010936438, -46.786459676347974, -32.89818687796836, -29.872753801928198, -48.87700476310136, -34.95875803410546, -190.92454596021767, -37.66570193077166, -93.45682870062838, -29.205249059576698, -36.774417196145315}
Generation 71: 765574.0 --- {53.61281292906037, -37.47872851982732, -8.348234449348755, -21.088419935346643, 6.694567381177885, -47.09286377612333, -19.710453132537452, -39.83456686734534, -37.03444411840479, -43.3538711751282, -188.86158450709289, -38.7832069364005, -81.22927012511386, -23.595001466231324, -31.38205437188794}
Generation 72: 937605.0 --- {68.50506630138551, -60.07434844002577, -8.47953887151836, -18.299889913615743, 1.0827939572845566, -71.48351565487158, -25.9557945538553, -34.21274745758707, -46.34093354643535, -33.14388997939571, -195.12167337638502, -32.98442852500731, -87.72504137544796, -24.97290379318314, -44.08535473054239}
Generation 73: 1697113.0 --- {59.300144656514526, -57.348533426880095, -3.2980882799532987, -12.451008544169271, -7.088644408084555, -51.20478970996051, -22.75805187846519, -31.262959321696588, -44.61688731904202, -43.448733651214766, -179.3405401241483, -42.8006002074543, -77.77787156712073, -19.492993315365904, -40.9000429142693}
Generation 74: 849033.0 --- {59.300144656514526, -57.348533426880095, -3.2980882799532987, -12.451008544169271, -7.088644408084555, -51.20478970996051, -22.75805187846519, -31.262959321696588, -44.61688731904202, -43.448733651214766, -179.3405401241483, -42.8006002074543, -77.77787156712073, -19.492993315365904, -40.9000429142693}
Generation 75: 1120779.0 --- {63.11052559863526, -44.23926573362763, 2.6851388337818136, -16.28101849774554, -1.380006430214598, -51.03793988942153, -29.187998705240012, -40.96108462765822, -26.700872845503746, -37.30024876012545, -202.19796831391685, -47.95414179932074, -82.987824381669, -27.06037302575327, -26.5252355529204}
Generation 76: 1499870.0 --- {66.06591610301912, -45.273036902294024, -11.729286047448927, -6.821717703150435, -9.73362846525412, -44.19419751275608, -22.388921060363256, -32.70087495808154, -21.142405085065523, -45.33362106867347, -186.74329489099054, -43.520506214852915, -90.28491967687398, -34.851000596744136, -30.635236263616115}
Generation 77: 723634.0 --- {71.76236763813127, -45.28287597678162, -9.526411597236486, -8.656773482598254, 2.02667167482658, -36.17715599300861, -32.328269375434765, -34.11655096778948, -36.641615778501475, -25.526699596507363, -195.5073482438024, -55.789562807058324, -100.34969361360956, -46.13721006872848, -43.7925204173117}
Generation 78: 714378.0 --- {62.613406442151415, -46.91037973542503, -14.853142703683506, -18.418140299400388, -12.00366760352731, -46.650313031172516, -25.240780077267885, -47.93415070374816, -37.92619089842941, -47.596523203771326, -209.84168467579624, -46.16182279021674, -93.55575609109174, -29.412096083876264, -38.72439344855196}
Generation 79: 616851.0 --- {67.20927239945088, -45.950810365367126, -3.3065957822846204, -6.963088889859616, -10.195073757541273, -38.22491789009683, -11.597855939394098, -63.907113035733914, -38.650765684447016, -59.031565532128774, -218.6480981139341, -62.41069768046221, -108.19124641241432, -29.224512624425344, -47.799744174809625}
AVG PERF OVER 50 TRIALS: 298611.88
Generation 80: 1354997.0 --- {77.69734527531364, -52.396125534895006, -3.083603763953293, 5.504404776946345, -18.19554927032771, -57.055773928364154, -24.584966466308632, -39.28275350474328, -33.01285056157151, -41.522433075713295, -198.82224558698542, -44.06406939194805, -85.34910888644819, -28.51530894802474, -35.39902721046216}
Generation 81: 1634254.0 --- {73.58633299732593, -61.03529406141682, -2.0773482435710946, 7.899287139702794, -11.082005335391683, -40.01683696776666, -6.387745654001584, -25.740743001233103, -17.7530541500182, -29.68744504465709, -200.47727399573552, -33.365737240256756, -91.48545079116617, -45.66961211714959, -43.52554633756949}
Generation 82: 497777.0 --- {58.54411734221856, -40.92511457131019, 10.813668836135697, -2.485145442383126, -16.47321357744317, -48.87032176979735, -3.646159041028662, -24.096564807717428, -17.607955891408636, -29.067323458975032, -196.4992988434008, -31.01376789947672, -98.55194804772334, -46.98537766259902, -42.99461565756344}
Generation 83: 1136795.0 --- {70.81865529926108, -49.704201448292075, -1.0827863551090955, 8.711194412709434, -15.701555429394679, -38.613761294266254, -15.665495843268934, -26.784382936060748, -32.25540366170209, -47.36747147293122, -213.8349901703872, -49.594309784130544, -89.14401614439076, -40.50947481724623, -46.235775495341855}
Generation 84: 1241729.0 --- {63.328227772760044, -45.34442933500262, 1.4928319313423088, 12.670023575646699, -23.46367232026779, -46.194066528281596, -20.752285365348907, -30.16392733639824, -34.31163337033413, -44.22924204671786, -201.31882393900077, -38.13426957564159, -97.23153863525584, -46.41845830507035, -35.57735689585133}
Generation 85: 939156.0 --- {61.23432761410519, -52.574440817023756, -3.8298984106953826, 1.1582641822463626, -1.9412055703748141, -30.318731189969487, -13.7362830354657, -28.63062392368298, -20.537410213005153, -47.05167992218817, -209.30937877353898, -46.33011116050989, -69.66213308175983, -40.23915810704763, -35.24941996532296}
Generation 86: 1474336.0 --- {63.713747813908064, -42.443055281883396, -2.387340633412758, -0.9561188597717079, -4.202802311119744, -40.322023091927534, -20.466054166996173, -31.262091856379527, -21.23916544077486, -45.229041474342566, -201.64856303968958, -54.242945475460914, -77.64130537695871, -31.51548382922858, -35.81250137087213}
Generation 87: 1524484.0 --- {71.07891350198025, -47.06766039369275, -0.3621777009571865, 4.042936641509441, -11.86276557731859, -48.35966659746083, -16.208456727385293, -26.833228615189174, -25.004767314282986, -43.723846489184126, -209.4973953423254, -54.08774846893728, -86.03882072754124, -33.67484318412487, -55.633158718270266}
Generation 88: 1147581.0 --- {64.15521752012435, -46.23049648969275, -10.715438345024527, -8.132619768518936, 0.2218854233605363, -59.03518071236777, -12.201766270613525, -37.38622341331528, -19.122110847939364, -48.145865000386664, -201.1218248131891, -53.67349697322347, -80.30614864853096, -38.688669817767995, -25.806187271097702}
Generation 89: 878542.0 --- {72.05404837009284, -47.5998453644051, -16.984737976295506, 2.7655003255272668, -16.551072894449376, -45.25978516579684, -20.698434479345412, -51.50326740463877, -17.425371195358274, -47.632867162195424, -205.1024284767245, -55.05461956706191, -91.40764901134386, -29.857799394744568, -36.694273696019096}
AVG PERF OVER 50 TRIALS: 391246.0
Generation 90: 1092615.0 --- {59.2320302123177, -33.67654798535264, 4.94234007048763, -7.374157220061204, 1.9653735992326187, -43.268620673009345, -9.145381881094892, -35.96152706492355, -28.837816843450028, -44.892397815888806, -217.23463745863154, -59.15771807259866, -62.02693350237135, -27.504606227379725, -56.118021988481765}
Generation 91: 1442185.0 --- {63.81353889268163, -48.17180800661143, 2.235614145426604, -10.431742586577768, -7.944738675545731, -38.98294869553119, -1.0255145373113166, -36.85928252517776, -19.238058765235863, -36.97790451942734, -208.76576804519033, -46.5028592241003, -64.576232598401, -43.86657894547229, -41.66516027628211}
Generation 92: 1597458.0 --- {57.678327315040576, -33.606203846914, 8.30137319091079, -20.478009601706187, 0.12111189277809409, -51.51319174820142, -5.620515630039506, -31.77350045248678, -21.960774395181634, -33.21908301117947, -218.16196678481762, -58.11609789286653, -72.85017039166549, -37.32135033112578, -44.30353294890972}
Generation 93: 520775.0 --- {57.7543388756133, -56.67862131073585, -15.492863657320806, -13.990338027995318, -30.145088441465667, -44.85629729933075, -6.108354696169243, -28.996276297043664, -29.90684215856927, -26.498206953100983, -196.1982434406142, -51.89914082413043, -104.95652216827047, -56.494222430451075, -21.562799288532524}
Generation 94: 1964071.0 --- {66.85319354835404, -41.46801011601901, 1.277389682687532, -0.9991137041386509, 2.266446930754517, -43.87569784576561, -13.463342518507783, -35.834327869909266, -34.38965286972012, -29.172712173697036, -221.07483994039816, -59.05549026789668, -84.71080360711086, -37.28622851254475, -41.00011492593645}
Generation 95: 1619801.0 --- {66.85319354835404, -41.46801011601901, 1.277389682687532, -0.9991137041386509, 2.266446930754517, -43.87569784576561, -13.463342518507783, -35.834327869909266, -34.38965286972012, -29.172712173697036, -221.07483994039816, -59.05549026789668, -84.71080360711086, -37.28622851254475, -41.00011492593645}
Generation 96: 1194443.0 --- {58.081341125743506, -50.925388260431134, 12.848888705016783, -14.964821753808693, -7.863500047659954, -38.221682929041066, -10.90434595965654, -31.81570355393896, -28.57971397854018, -40.07736486049225, -220.0191769349463, -43.896381737490906, -73.30420122871062, -35.74695515949639, -43.478481196759354}
Generation 97: 1527502.0 --- {58.081341125743506, -50.925388260431134, 12.848888705016783, -14.964821753808693, -7.863500047659954, -38.221682929041066, -10.90434595965654, -31.81570355393896, -28.57971397854018, -40.07736486049225, -220.0191769349463, -43.896381737490906, -73.30420122871062, -35.74695515949639, -43.478481196759354}
Generation 98: 566829.0 --- {59.546989473562526, -60.52671253280103, -4.928434465744943, -34.435006667814854, -7.489968133124059, -57.17100959782925, -11.566269722311219, -23.741169365308306, -25.328539617180304, -39.667059474027475, -225.71272699355038, -46.21352296559802, -97.21422334003091, -46.859718122799634, -47.38249651535797}
Generation 99: 754231.0 --- {68.7555013072924, -47.755772014961536, -0.425532821083229, -22.348957336528095, 7.1145552559773275, -48.00978349458232, -8.011347373236621, -25.875013476187714, -23.47715869958203, -40.21129245622429, -221.32043476831598, -53.65655675241126, -76.09026246213139, -37.42996705142403, -59.192390006504766}
AVG PERF OVER 50 TRIALS: 470098.42
Generation 100: 1596793.0 --- {72.45615518662504, -41.65535697060328, 3.921538565841615, -0.5959097888550016, -5.452046975139432, -41.85242442980775, -12.743387209891582, -28.00104269665424, -20.579635133264354, -19.784915446642025, -222.89731873062584, -70.75889958180724, -75.5804362899138, -28.931702295845753, -62.73297932238942}
Generation 101: 1665771.0 --- {61.290220475757906, -45.36235931021118, -2.698491812126554, -3.788180088044223, 1.152169285593284, -50.24132813722844, -8.81486513424784, -35.811013845270566, -22.96693464748002, -28.136120261362638, -212.85059540234784, -66.6305980287663, -79.50702073854886, -25.464055030927206, -58.75235725395966}
Generation 102: 1214115.0 --- {71.1959949306465, -51.6641417239522, 3.0824545611742606, -7.5367526897950015, 9.911500585703818, -48.57889010448264, -21.332426121495217, -24.438071198786332, -31.933473915927916, -38.561664332106496, -239.7612352788581, -47.82831788365849, -83.4508590282298, -28.008860040839952, -62.58781440113247}
Generation 103: 775945.0 --- {74.49002109618726, -61.490105876219076, 1.466394625290485, -12.909727922521693, 4.296310245527179, -36.0959223814547, -6.6696959910655735, -39.38393983150402, -34.46901924860242, -30.92911899488034, -225.62467670851038, -56.48218576554558, -83.16298315650535, -46.33189451554925, -64.63515498542198}
Generation 104: 1165758.0 --- {72.10143175790344, -57.557424357116055, -0.7189674057656719, -6.829806214281996, 6.8865555945600665, -49.02578245762663, -21.70746828418686, -43.50669771700936, -28.57669932308619, -44.06949209018699, -236.51412491222675, -56.53473780080621, -101.65789341468768, -40.188946510928155, -70.35670713454353}
Generation 105: 871633.0 --- {88.80096139790668, -59.50784518001524, 2.5362687329819, -17.56698077543592, -3.5594848803486245, -47.62428628146708, -18.716872020856304, -30.461761459559668, -34.55842105092863, -23.10227285651028, -250.05561078461005, -70.5170458106196, -78.94183039871363, -37.25692974863579, -65.40144739775108}
Generation 106: 763010.0 --- {60.89526879130933, -54.70775499829735, -2.5957590603472305, -4.995131346557144, -2.7899256385548576, -38.57221664603398, -18.922742609536304, -44.49568724514103, -41.45907588921619, -66.50178575219763, -224.94755002695638, -54.81431853431644, -94.67598028981683, -22.058673391523797, -52.60646557271301}
Generation 107: 820026.0 --- {80.9855092027743, -65.90777921929119, 13.757218254297138, -18.754996827460367, -8.611309394751807, -54.07768523600785, -8.802210773112954, -33.345826731532355, -33.12599097732163, -24.031743833559066, -228.4822625660869, -62.362977273743546, -69.50849516101738, -25.13559628130032, -63.789162471943314}
Generation 108: 919626.0 --- {61.58048374233997, -38.152929193340626, -4.7153010007530565, -18.802724693570234, -9.093172324794569, -34.29288986364803, -31.653401621608687, -44.621152742126576, -27.478289191057982, -22.89916938461856, -222.19377333393768, -67.58888346512673, -94.51294532666672, -31.88063931570531, -64.80486998744301}
Generation 109: 547842.0 --- {77.05983407902795, -53.4520191837224, 3.1417822540743545, -16.041342113364088, -15.99842626227273, -42.32933839961642, -28.160215558728826, -35.132324116963034, -34.9930754831959, -43.5582467258418, -235.05875077285063, -40.57060508280401, -81.51143918277995, -34.58633450450851, -53.82924781024593}
AVG PERF OVER 50 TRIALS: 333389.68
Generation 110: 1180712.0 --- {67.16663475899418, -69.49164373445312, 0.845947983802426, -17.43158341209469, -6.7415531463712295, -51.778056439246086, -27.43446608580935, -46.87083630773637, -35.63525181360941, -51.78782235505519, -228.7460848306157, -50.41068342417336, -88.49242934719952, -26.606101875848957, -37.58034886636757}
Generation 111: 1188720.0 --- {86.67565432493589, -54.88169095916298, -1.3063901456624123, -8.151535159584165, -4.893117143384396, -40.789376605841674, -17.24511986279397, -33.44333215497101, -19.782929127932434, -32.68480371964952, -250.7976561659307, -70.96475671760284, -72.21821213373964, -29.227544468326506, -61.09267093835699}
Generation 112: 681295.0 --- {78.98682307528684, -44.884738019004644, 14.897353813582992, -10.132457336613363, -0.45393424161747653, -45.39877666254883, -19.330358608280903, -39.74836866140901, -36.21163845720967, -35.87612944954235, -221.67062213440047, -58.08517895474656, -84.21856846715046, -24.397727491988157, -53.10303749858987}
Generation 113: 631031.0 --- {73.25135866812376, -58.571222268306606, 6.2115929342115805, -18.328256547177354, 2.4427605227401408, -49.04959034423799, -15.135481199134814, -49.87602153966823, -38.20781395809846, -49.896364959004245, -223.45523474148865, -51.85904345415701, -87.4471142499285, -28.02429608943825, -58.49770710799059}
Generation 114: 886536.0 --- {79.83618708935136, -42.24357138269258, 5.1161543938721445, -5.222167703782825, -10.773567093827921, -56.89327060135259, -28.682509220524338, -31.805710319337926, -30.023053506361297, -53.900774724041945, -221.91000892373557, -56.72940096725812, -81.07295725934326, -36.3374369791327, -33.248854221934934}
Generation 115: 1214550.0 --- {76.78682050030675, -57.208807798382026, 16.62565395992713, -7.768261711742733, -12.407731784612443, -57.11937782738439, -32.509448761365604, -35.13456600981386, -48.90784990883266, -25.233716739688596, -239.90290595045656, -68.0579720560269, -81.28746415036818, -20.86656679139304, -63.327137131576386}
Generation 116: 1097691.0 --- {75.20078178706572, -39.21140937714251, 3.738468069560784, -5.966182726711956, -2.9784239466417937, -42.6219382876711, -32.309541405787996, -38.19957134651064, -31.502069542718775, -40.16461049199244, -219.6943081807513, -63.843150985950665, -91.23525714335415, -27.790669261926258, -59.57494169413457}
Generation 117: 973312.0 --- {77.6079017140877, -54.18688799777778, 2.8514913706137954, -3.052501486993426, -11.415571279128885, -50.99797581195756, -25.96640412491688, -45.208553250440964, -28.4166138164328, -23.122328866606665, -238.23923317954092, -56.21467865512365, -87.94965587557049, -41.663020593525914, -47.46069845605709}
Generation 118: 1498506.0 --- {77.6079017140877, -54.18688799777778, 2.8514913706137954, -3.052501486993426, -11.415571279128885, -50.99797581195756, -25.96640412491688, -45.208553250440964, -28.4166138164328, -23.122328866606665, -238.23923317954092, -56.21467865512365, -87.94965587557049, -41.663020593525914, -47.46069845605709}
Generation 119: 1080620.0 --- {75.51171426094623, -46.31300532105279, 5.490948482181184, -26.199924404824483, -0.2286381987853341, -46.98875205728524, -22.774127067915597, -55.63943209460839, -32.02036328751763, -45.49717160414998, -223.27605517781276, -57.32550895004662, -101.8990981818241, -31.166359147970557, -38.38419896275679}
AVG PERF OVER 50 TRIALS: 236497.84
Generation 120: 1475851.0 --- {68.26982021179076, -57.68031027862942, -0.30185002250738036, -9.207140590527938, 9.038962728726545, -53.54122113638625, -29.708817611563504, -26.3961595269345, -21.89517750269777, -29.550092863325506, -236.17337972964583, -57.82587288353381, -75.47730965276976, -21.39508211619699, -59.19723168976776}
Generation 121: 1183293.0 --- {79.17971457113545, -38.292967536894835, -4.754598391426158, -20.015670646247838, 4.316504405120699, -69.35543134601775, -24.531773534565232, -49.94391816485723, -43.192275866357186, -48.69784827423495, -231.39121362655317, -66.51622738693729, -94.50208721905447, -21.58958147167156, -42.89503087108041}
Generation 122: 773701.0 --- {72.81897704536647, -52.50136923232773, -1.3710083702404683, -15.938623856511153, -3.488183252317234, -65.973379609938, -40.534613101421996, -42.839716024312004, -43.697719044591196, -31.71299401499984, -229.78831120569097, -71.25597028395669, -91.35177273334197, -18.70656412628593, -63.1790490915992}
Generation 123: 1190506.0 --- {62.97002158403997, -53.6968470499545, -2.166094473197937, -18.353797220953627, -11.538221895996587, -56.99895606986583, -27.05490955668697, -47.00816485736682, -25.35734843966248, -31.202363234329816, -231.1360900337131, -43.80886148822566, -82.66518575845971, -28.930344191445243, -45.88078398505969}
Generation 124: 773200.0 --- {57.865497880987874, -51.607627607582664, 9.899937170991091, -11.734429322565074, -3.7505860216394247, -70.05269044080258, -21.01819072425246, -46.51662174131293, -51.03679873084374, -50.89781538999655, -241.9066537658314, -44.34210078566848, -93.64989122719957, -24.555148193290304, -49.13490427466206}
Generation 125: 1430808.0 --- {59.97823965864609, -41.42327767477241, 18.494522161459344, -17.61765906708545, -7.525827120480696, -56.8619428563466, -8.964148626234076, -40.22431246773786, -34.690156595011686, -55.371234638167806, -245.23792475528248, -59.738257832110186, -86.09694631246703, -22.932570809417243, -52.692057512180085}
Generation 126: 1402144.0 --- {63.51918697017571, -42.61160002344319, 1.2121322710861515, -12.379411392864172, -0.8030195707935968, -65.40272370344302, -27.31189508684229, -45.41874616105716, -53.94165768493314, -48.71590527496396, -245.01246552086573, -63.01004644431958, -94.91535623806224, -20.19047740529639, -64.09626658468609}
Generation 127: 1189173.0 --- {72.27170313415107, -57.98459306151814, 10.071104414582024, -11.121429996980712, -22.9895240348247, -63.179170911330736, -40.42048463601029, -39.789950241928004, -52.436092018036675, -60.4608990261242, -246.3072408483255, -68.85149458161877, -104.43714294970962, -22.787144615296373, -46.519674462787705}
Generation 128: 1867021.0 --- {78.17825614829096, -63.49804577581888, 5.245228814475281, -15.024389909453042, -28.965108356557117, -62.373014839291756, -34.89056990055473, -56.835892703701695, -54.592516200002734, -52.18729768568171, -260.25396381367545, -55.43267641659398, -84.88116589431365, -19.57764458167154, -52.57636207836366}
Generation 129: 1394149.0 --- {75.75812587631975, -51.76406987208882, -1.8714510619002838, 0.16741851661862484, -5.408849356463525, -62.07063717906675, -32.86989640792431, -59.641443019561585, -41.07560177947635, -45.38324814444278, -249.57838154829278, -74.60320441061384, -99.7662753594341, -20.24470856509142, -60.07800912564694}
AVG PERF OVER 50 TRIALS: 340636.48
Generation 130: 785916.0 --- {86.0088349885419, -51.77340008227422, 4.891588477072325, -10.488202509752561, -15.909667484440718, -62.4034050525422, -25.148399846585278, -38.80993268689191, -28.79643152763167, -45.72804968661751, -241.69222747582253, -90.73302939030931, -109.93465387273159, -23.598862543006586, -61.96864530098175}
Generation 131: 1129709.0 --- {85.78343690133934, -52.062171389366895, 11.555056123268233, -17.291891369470015, -7.723743008294779, -62.61043380898718, -38.974594086128796, -49.2938866552834, -44.257357106877464, -54.35842960562612, -238.5844767122075, -72.62420230944429, -98.86073016937988, -21.841282544282613, -55.75849859194468}
Generation 132: 1000631.0 --- {68.80275332883637, -46.40184032145099, 6.879223530507301, -16.352185623224248, -3.6730136411665275, -49.37415365396471, -16.732541637487138, -59.59230547327108, -32.543697792727706, -46.68395214133662, -244.82232960245597, -81.4568055582502, -104.86562585650235, -8.682059324215569, -69.66392585671903}
Generation 133: 785047.0 --- {74.20119222510134, -51.63278961860812, 21.739285843868075, -17.02020983799716, -18.78074278489577, -54.97896811826804, -43.82022654943152, -60.487050884481356, -38.849223841187204, -52.92720152611205, -240.67949338374632, -76.98363234031976, -113.14823010993398, -9.322183814729149, -64.9879366309443}
Generation 134: 915242.0 --- {81.3143521721693, -55.51277370101097, 15.802019355275917, -22.215326171887995, 2.027615986491159, -69.00618095665322, -13.284844353298158, -48.31734900838695, -39.63452368651099, -59.81312120769723, -234.9714391372046, -74.68914491447151, -99.64946877518126, -17.091400179267787, -52.4745146546229}
Generation 135: 1059276.0 --- {78.0592811440642, -52.35840037906123, -0.7969564704907688, -11.7926992043304, -2.523435400112259, -57.24272561668745, -17.246340123681293, -42.202296720764906, -41.612750892156825, -57.18503918501219, -247.32391407361604, -88.14866669929697, -109.63772703917716, -30.877796927574543, -57.969656588618996}
Generation 136: 851190.0 --- {82.70856562851168, -59.69572545089633, 9.019618375129799, -8.958143605098584, 5.034186049125836, -65.19547965110972, -14.019111456560928, -43.95915985077275, -33.316609966259556, -62.929230111120155, -241.62758961488748, -67.89607250665611, -104.66298621754015, -29.98201052853694, -55.66488645863005}
Generation 137: 967023.0 --- {84.73116239997705, -61.267665311674776, 8.05912756744324, -18.51386521817642, 3.530179180547124, -57.49789487216673, -13.673107363788699, -39.764348830519175, -41.38497446550711, -63.69552917062452, -246.72783429426252, -74.87392660038724, -98.80605466180751, -37.685881608120226, -55.430136405539166}
Generation 138: 597303.0 --- {72.94139840319212, -53.860295498053134, -0.17259443426978116, -7.2133267499146925, -2.803772592520181, -63.51392961433002, -35.41278758140429, -34.901670308089926, -34.826601675468964, -65.53961719018203, -235.26192556716094, -89.81237451572227, -118.90651356956714, -26.119213725208205, -74.64617608622999}
Generation 139: 1149383.0 --- {79.83525061169274, -65.74227649338208, -15.628381056350554, -5.184097164811442, 0.8003719688486253, -75.61102225705173, -29.3089629350988, -47.17410992276486, -43.868309181920196, -84.77970920661375, -249.87057930251896, -89.3958767908576, -115.50665342456686, -22.96040324563648, -53.74271890518229}
AVG PERF OVER 50 TRIALS: 250236.98
Generation 140: 1361993.0 --- {87.02586181368059, -66.2472825645391, 14.249465150374466, -8.183788178168406, -1.2364046045213395, -61.22258775082051, -30.94866821380443, -48.58354332315533, -43.18496779710097, -70.58641045136065, -250.42101068578035, -76.73570346676752, -121.05779399062183, -31.994983185148307, -59.805811981888866}
Generation 141: 1205034.0 --- {87.27595870009522, -56.12290510835788, 8.215270830956607, -20.082278519748815, 1.3872886154240598, -60.72346780934168, -25.74269744525486, -50.43053968674616, -32.83611546919042, -63.83314285707986, -252.25605577832803, -84.78751590042043, -117.21562846704893, -41.992575446258414, -72.95801028661236}
Generation 142: 1307795.0 --- {93.11563665797463, -56.641294384061226, 11.80232421114951, 8.431347344434714, -12.479010241114139, -59.84921968368412, -34.21647763607492, -58.111375737998436, -32.48073190036276, -61.72106291233544, -262.03389565185233, -85.96131371352928, -106.72576511397821, -15.104875704423872, -57.61903608190166}
Generation 143: 1522283.0 --- {91.21403846132553, -60.4784657359002, 6.693568223989884, -5.131452854646103, -8.020345669517129, -57.86569948316136, -40.17705714819178, -42.82647947548269, -34.221891665385925, -53.60515345436641, -246.04660711243181, -85.16060739961941, -114.85743789968643, -13.42160165039708, -55.23880263046626}
Generation 144: 944222.0 --- {86.14405716005267, -56.9545470046514, 4.386088479616749, -17.371181568427943, 0.8968419452582692, -57.34361562805193, -36.63473330651252, -29.150427090750934, -40.05152408379784, -69.47877559381523, -240.20713684554985, -71.99364145906486, -116.42519200692041, -20.879262013942274, -60.77009970512858}
Generation 145: 795009.0 --- {93.26815077204313, -71.62864270769371, -1.7692426632088871, 3.860658296936734, -1.4415348628482842, -64.30372973426937, -25.16608568861746, -38.07060250016393, -37.933955704576206, -59.17242459916953, -259.0802425597202, -75.03847551688688, -110.87877386010189, -18.170198384035594, -69.1230091195467}
Generation 146: 1221035.0 --- {91.47700554016835, -55.47800475106879, -8.436506779806077, 2.279968016147002, -4.9616188200872715, -58.26269728501391, -15.80956111606042, -31.86314487269, -36.871781933889295, -72.74120449426303, -258.53988212218127, -77.45830025333399, -108.51820589062015, -22.59455630238504, -73.7503681828463}
Generation 147: 1073284.0 --- {96.86143813617906, -50.51889698013607, 9.1572489675533, -5.739274403021077, -3.6725633212549234, -68.45613635258049, -16.13997906846841, -39.79328802644643, -46.87821637359774, -64.52545274826885, -263.528313571668, -76.4306710953156, -103.03728258950363, -31.633349259881015, -67.58835345697915}
Generation 148: 763113.0 --- {95.86672826828038, -66.53327858149979, 10.63205262277294, -20.665393213691473, -1.8346174634389225, -62.4656151801594, -27.67510452353493, -53.368164559270355, -46.72336521198107, -50.06569529334779, -269.99218159381076, -80.21801971097602, -102.77404361776591, -24.830837210966372, -58.25869999596296}
Generation 149: 836390.0 --- {89.86379831280023, -59.526175779004724, -2.707126850898617, -0.35641654292531433, -22.434287021669157, -65.18237744370121, -32.75546286976017, -36.86283775355855, -55.621800525804616, -50.66759065952724, -246.1017249143638, -78.39042488629062, -129.3126638102762, -24.783522826035092, -79.38096394483485}
AVG PERF OVER 50 TRIALS: 295846.42
Generation 150: 707438.0 --- {89.83887139502228, -67.04609451106842, -2.344248266679331, -9.34026006196676, -0.9227479652494743, -69.96514828185924, -30.987708172524858, -48.47811565376372, -63.73554733144112, -47.279302741135666, -265.47294328917263, -86.59357333462665, -121.54013086182097, -18.85045875043984, -85.60479062214733}
