TETRIS: height 20, width 10. Noise: (50.0, -0.1)
Generation 1: 22.0 --- {-12.080420981778984, -19.35064272513833, -3.9525406514863493, 1.3067989198086007, -5.674995094621406, 1.1183166719608282, 0.22026958184775752, 7.140597378089506, -12.381612044367206, 6.01093518964118, -7.215064952972607, 0.7224970658638379, -8.487484943583015, -18.716430059729888, 6.843500959210624}
Generation 2: 60.0 --- {0.1634788214990741, -15.464680281030244, -6.204093308204733, -14.577739929139359, -10.403163845195463, -4.923885469101516, -15.08909419580648, -0.7810688742073646, -15.76093260116281, 5.22346523593154, 2.34683855321793, 9.570453182630745, -15.694091787618682, -30.231242511423584, -24.631495382806133}
Generation 3: 112.0 --- {-0.2836982618118009, -18.03364056615772, -25.425375163619535, -6.814195524106541, -37.421211890796584, -15.553598210140613, -12.209580822528558, -8.475081084820651, -3.8129148711279433, -0.5512774954649695, -6.730163617154299, -20.34866892807169, -8.06452545002161, -10.665359774516475, 15.416455142129465}
Generation 4: 332.0 --- {-22.227132800841865, -3.6507854083213407, -9.77989231731889, -22.78684100333873, -30.825984521921622, -21.918261683367774, 5.86116458156836, -6.370412144653808, -13.975040472467668, 13.327372460060436, -3.855966116174118, -11.330488970691558, -26.670687989866096, -28.30203588131704, 5.9909417379324665}
Generation 5: 1484.0 --- {-8.762184039494258, -5.439810013185724, -14.725174483663308, -20.037780448291784, -2.4849966754114803, -11.934046661287903, 2.324848530847133, -17.52914698198327, -15.806354312591267, 2.183102941754058, -29.374065274397477, 4.8563530006828515, -20.649683541389425, -29.185190255320883, 8.098987371228688}
Generation 6: 2098.0 --- {-13.708758896118397, -1.0860495128757375, -15.3553437436418, -2.1631818630905766, -1.9116485681819881, 3.056785054703944, 20.780221240544524, -5.068974770624351, -6.642421001092082, -15.343981876223422, -49.03241126576024, -2.6240704076212498, -22.674192565052913, -34.71871069957627, -12.03799230227402}
Generation 7: 1096.0 --- {-13.895697656617449, -0.5731279715397379, -24.97583662927996, -29.469782162130137, -17.249748202205666, -11.593657673938509, -3.4368928507569034, -10.362634564778165, -13.900114160174455, 6.9127480018283585, -25.265290230817193, -8.24188929663995, -38.49527103229876, -16.378015109188084, -2.7066234803699545}
Generation 8: 5529.0 --- {-4.719940392706192, -3.7482948517972456, -29.398602237666353, -18.026653861740556, -1.4978934797382504, -7.113407347279081, -0.8368345161586248, -12.438230348825794, -10.598887629094039, 5.127606737547062, -42.361882956173254, -5.290980543665441, -39.80087722842756, -29.44043208129606, -10.331409724395268}
Generation 9: 2570.0 --- {-18.072214883905374, 3.5220966768106896, -36.81303131587851, -13.830847593998639, -10.914575723374309, -11.193790324461476, 2.9357502905757773, -9.301258577403491, -10.49874249319123, 21.50748476202822, -40.36627743467452, -0.529386435145447, -49.21971836853409, -36.58093668695754, -17.402429081656294}
