TETRIS: height 20, width 10. Noise: (50.0, -0.1)
Generation 1: 12.0 --- {-0.07585783669535764, 1.7222438922400616, 10.961139045082977, -15.952260009538918, 10.808253913948375, 9.120070428421219, 9.630156266881833, 7.428430080042652, -4.039062139658168, 7.985434374175404, 3.071409390907976, -9.528502856403293, -9.99153036860604, -15.144260505258258, -15.29131701745326}
Generation 2: 133.0 --- {-10.079011387997062, 4.188643835689853, -3.316308738254591, 2.108782467376315, -2.915511171493265, 3.3077620198837705, -11.964921575292738, -2.843167264637103, 7.296674474517182, 3.225080027722645, -33.503946457825485, -1.3151396172545522, -2.412365692375235, -21.56976613466172, -5.426982863068931}
Generation 3: 442.0 --- {4.323894184610796, -5.637305176539225, -10.642305657385814, -11.416232593894655, -2.588437047358744, -0.31329935467509484, -6.6989481129867725, -13.951365890931644, 3.9832858637645776, -5.638011335506884, -11.213866989220676, -6.958000041337307, -14.350288986792288, -16.6863733676015, -6.771558648515745}
Generation 4: 787.0 --- {3.736321001245609, -7.039031938218805, -6.821275125838891, -22.01648067134077, -7.2954480598999165, -9.888643550933331, -1.4066356912867342, -0.39227906736232754, -6.136968002350147, 11.984635438670308, -35.104413088523486, 8.615027416822256, -14.925353346525878, -26.557105083483393, -6.2570864135933455}
Generation 5: 9888.0 --- {2.734259127401308, -15.831853108258867, 6.997065327177401, -2.91765915097929, -1.8049687569776522, -21.58731465620228, -13.894518696968706, -10.311061116008641, -12.326359271491825, -2.411050595477656, -59.92026933133036, -3.8128800954827486, -18.03264521211081, -16.98129077118943, 3.47514336821634}
Generation 6: 7806.0 --- {12.338673216229541, -2.4589801603117434, -6.502520814936972, -17.542210022497713, -2.223572125362546, 5.6629290862030786, -0.6550680128113817, -4.320820960477672, -13.12570362645431, 5.331239793635042, -43.793562137900295, -7.359876591310668, -27.260368455743752, -33.917347996690324, 1.4438404842300532}
Generation 7: 17831.0 --- {14.754492169622877, -1.3975201155357304, -15.203044280219139, -7.185740878954224, 5.74403092538341, 3.2453448369806592, -9.240735947536226, -7.081757625743111, -3.068361823270303, 15.200805380261741, -62.06777615173536, -9.989262351989323, -19.02612611101553, -25.35738991283955, -19.50248367905087}
Generation 8: 9024.0 --- {5.3099362173613605, -14.659250789117252, 0.04075550972404596, -14.79260796795122, -9.694049506296725, 2.7032824661174963, 6.003205347585753, -7.536470877776861, -6.747319630018481, 6.852201186593754, -33.74978174205346, -14.539555665435557, -33.84022356429672, -22.002209712162237, -4.476189393296753}
Generation 9: 17981.0 --- {10.155740210933914, -9.049806415696317, -11.894420002291994, -7.635900116233822, 7.066842748623031, -0.3766174204815931, -5.146667954625931, -12.697973728250489, -5.888857181271655, 2.0242420721971857, -55.9487294760694, -5.760038273466095, -32.59743261865296, -33.47235218272738, -3.880172361345835}
AVG PERF OVER 50 TRIALS: 17590.64
Generation 10: 29942.0 --- {16.556006626148783, -19.580137815938194, -9.292605740168629, 8.71221266692259, 0.6234682970068439, -15.300374355762337, -10.980781220844182, -10.618288524713439, -4.714410706027903, -11.096358302793318, -61.893774426615494, -7.857593482803515, -36.49979738412452, -20.64615166472003, -11.558996682944251}
Generation 11: 47757.0 --- {22.952226804497123, -19.940678008279807, -0.6622045315435257, -2.2384761646668982, 0.9755928480792524, -3.5867673296102245, 0.6718445495177052, -10.329263543180499, -1.1550407082102145, 16.832968928669217, -83.9966453741452, -17.890327093394127, -21.35613551947712, -25.419371555941794, -14.642189116678127}
Generation 12: 144710.0 --- {24.62616187195642, -24.35129901515602, -3.757325759989096, -11.512389003408224, -4.177085462030815, -23.704963072246876, 3.5513518665122366, -17.523869677617007, -14.352727770127167, 10.317958123225267, -101.80529212755434, -21.582211242422225, -26.830667388266185, -28.990461141438562, -6.715477821374838}
Generation 13: 84615.0 --- {6.938785856478436, -8.254753003967897, 6.23158865694296, 0.3648616892037708, -4.074309160914847, -18.30444921528694, 3.67728201588928, -8.43493782196173, 2.9358339511557743, 4.385243610263522, -97.57923888610567, -25.512765243928904, -27.48880405358708, -26.780956971361793, -19.20137973415657}
Generation 14: 50511.0 --- {26.437079230146622, -23.1341111323099, 7.768535461325133, -14.290913093484837, -8.425331606069822, -12.412884329806616, 3.613274935555679, -4.30777966231707, -13.000792662672094, -0.07616884605824037, -97.88860111931471, -24.365365073380094, -31.751672332223986, -21.382968295433656, -12.674757039301074}
Generation 15: 158148.0 --- {23.292277295873006, -28.9536319136242, 0.87557412231936, -16.134308972160063, -6.875115307706977, -25.12339878754031, -4.067361169816876, -15.308540895238005, -17.568813516201217, 1.350876772080994, -107.36416563840989, -6.162827118414793, -46.52208726364805, -29.16715478376252, -14.504192256644039}
Generation 16: 176925.0 --- {17.91595528464455, -17.37263951260716, 1.7664176170135248, -0.5288035689644506, -14.918532535430582, -19.85191685470443, 2.055702220411362, -10.198474227837789, -8.369513223088779, -1.353796390150874, -110.62122367939509, -2.545131855030931, -40.65962881884323, -32.101090426220566, -16.427376282805145}
Generation 17: 115978.0 --- {17.91595528464455, -17.37263951260716, 1.7664176170135248, -0.5288035689644506, -14.918532535430582, -19.85191685470443, 2.055702220411362, -10.198474227837789, -8.369513223088779, -1.353796390150874, -110.62122367939509, -2.545131855030931, -40.65962881884323, -32.101090426220566, -16.427376282805145}
Generation 18: 308541.0 --- {27.583081025035696, -20.801072250394345, -2.0605796510725787, -17.514323540280763, 2.5466069910331317, -13.708986923702664, 2.1394106949744374, -14.966968599946954, -12.776792546893917, -17.10098219447449, -96.9532429108387, -17.81180350387447, -45.93845131249803, -25.985140338647415, -15.42479509721096}
Generation 19: 223428.0 --- {13.332367062929176, -33.46743935332125, -2.4877076803255878, -11.137958971391397, -11.40848323226368, -24.46462195565275, -7.1104056814972765, -10.987509406789801, -19.281472379122953, -2.7498997929102447, -110.39053024005288, -21.733257547033112, -47.501835717852664, -28.227741529610505, -21.66905256940801}
AVG PERF OVER 50 TRIALS: 98006.1
Generation 20: 324770.0 --- {24.716975045127835, -23.08362193834766, -8.277200914926762, -23.743699759171946, 3.2371282112219575, -23.259450250873137, -7.32999432694134, -17.57267916824706, -18.317146055987603, -10.499315038284127, -116.91342659730063, -19.9317927008002, -59.942648944328276, -24.913536885869554, -21.048646629780183}
Generation 21: 379847.0 --- {27.583081025035696, -20.801072250394345, -2.0605796510725787, -17.514323540280763, 2.5466069910331317, -13.708986923702664, 2.1394106949744374, -14.966968599946954, -12.776792546893917, -17.10098219447449, -96.9532429108387, -17.81180350387447, -45.93845131249803, -25.985140338647415, -15.42479509721096}
Generation 22: 269821.0 --- {30.7076518155394, -24.791310077422626, -10.623263278500657, -16.303409041528642, -0.1761918301063954, -17.830666052386906, -9.360880576298637, -9.322022718614514, -17.057330302577537, -14.48857018169899, -109.25369863922855, -15.547544128332717, -66.54223552357537, -29.824688366945058, -14.468289580869929}
Generation 23: 312557.0 --- {41.46538912728267, -27.329310645930022, -5.800788912584224, -5.444770403415683, -17.767618210516265, -24.196882877029132, 0.6623929792739838, -20.522667867319768, -12.76151808405273, -5.107425558889281, -113.27362833375761, -38.92439541392233, -60.076471166115084, -34.162798285642474, -19.940637054961304}
Generation 24: 317113.0 --- {38.00699445868271, -36.62437226126531, 2.6970311159354177, -10.676443006822337, -7.0034097249906075, -18.655066878766114, -4.440408155929219, -11.555414455399402, -20.841749121381795, -25.936078818591724, -105.16816984425311, -11.169688296667061, -68.05958187832042, -42.55730937236002, -16.188833163521224}
Generation 25: 455698.0 --- {47.391365273912804, -24.20282652206685, -1.4780963967512655, -6.16086336340011, -5.7223591570174825, -23.201649568949072, -8.141705712584837, -15.472636424307412, -15.592111710047782, -23.783405549804442, -109.03441254466735, -32.580656805160174, -56.4384443052557, -31.996697889436447, -13.536670478230212}
Generation 26: 353331.0 --- {39.52809739263152, -32.93502194808161, 0.01614357427394686, -19.217179174041455, -6.063490821823006, -18.86920764568774, -6.668569609344351, -10.881712878468617, -24.592390227468663, -23.810280890110533, -107.51016083775032, -40.33692617488928, -63.913889966738125, -30.192553901410015, -19.713416695966323}
Generation 27: 318924.0 --- {43.42887655460241, -20.083879310831488, -1.8101764513109095, -10.282621380100377, 4.234211957409384, -15.353388715299701, -12.650755558715087, -23.15883196372116, -20.398133781011005, -36.95155848921564, -102.20708370436633, -32.68757535315444, -62.7985971238429, -23.715349175788766, -22.929322432347806}
Generation 28: 214784.0 --- {24.690392104082477, -22.392808065761372, -10.19645705572917, -12.007521532528333, -5.318721599582756, -14.68995458047496, 0.9469945899086367, 2.8798224563017047, -4.855376451784277, -17.85474552810621, -122.38334457718227, -22.19061848321924, -37.59252035737262, -31.509189028508246, -40.24627607268684}
Generation 29: 178734.0 --- {22.664564512000975, -25.826286417876, 3.281864178465196, -12.625548472558018, -2.1509314516041567, -25.265370263701428, -6.380246898851656, -29.302091936581643, -11.421176317890104, -7.424629209386236, -129.57413889973898, -27.75968148978051, -57.706147945866064, -39.56680209383852, -37.14476829656586}
AVG PERF OVER 50 TRIALS: 86848.82
Generation 30: 170693.0 --- {24.690392104082477, -22.392808065761372, -10.19645705572917, -12.007521532528333, -5.318721599582756, -14.68995458047496, 0.9469945899086367, 2.8798224563017047, -4.855376451784277, -17.85474552810621, -122.38334457718227, -22.19061848321924, -37.59252035737262, -31.509189028508246, -40.24627607268684}
Generation 31: 440822.0 --- {42.659686430331945, -23.809289271328257, -6.7117383664689445, -9.197331650886646, -0.0376031378199464, -14.56442078696315, -1.5760864951306175, -26.113053811530477, -6.100017193032755, -10.285589693457206, -125.87689624954237, -20.959571043445603, -50.351172336190565, -33.61069122322961, -35.74801284370289}
Generation 32: 483173.0 --- {37.26543033110735, -30.638087526905345, -0.8126497245430488, -14.78771400063621, 4.338282792995522, -18.176288144818287, -0.9137660374137786, -4.444580683364144, -14.433602060003594, -16.107118826918892, -101.67656963313594, -15.063233517889294, -51.69479781936152, -26.325445928901324, -26.97732651270171}
Generation 33: 272861.0 --- {34.19174450919535, -28.715902622544924, -0.8235981071874348, -27.311682838921314, 11.56181062268707, -7.579899408976216, -8.190110638708127, -3.8196682342725587, -23.88080555823677, -2.697708667458505, -114.64072943683915, -27.792892433001608, -48.4562916794582, -25.56694097596854, -29.51812435857114}
Generation 34: 281602.0 --- {34.374387853092166, -21.60315688439777, -2.31380562678814, -10.534023324464078, -1.9813738196190354, -26.60945796867884, 0.5027135843190214, -7.173959889954181, -11.028850743538124, -16.180764559589495, -113.18820204159431, -9.462917055364073, -45.51827124119909, -34.985032537090596, -25.182741615943588}
Generation 35: 375231.0 --- {34.374387853092166, -21.60315688439777, -2.31380562678814, -10.534023324464078, -1.9813738196190354, -26.60945796867884, 0.5027135843190214, -7.173959889954181, -11.028850743538124, -16.180764559589495, -113.18820204159431, -9.462917055364073, -45.51827124119909, -34.985032537090596, -25.182741615943588}
Generation 36: 255438.0 --- {39.89511153793247, -39.31204188818399, -3.829461786636169, -11.6948201371383, 5.452985022879887, -6.803989615038422, 0.9647366233010564, -12.080837633659005, -12.30419458958058, -2.214792774020088, -147.57918939354155, -42.12607773763072, -45.75484357495252, -47.33207771430539, -29.666657764088882}
Generation 37: 439849.0 --- {45.48530522485233, -42.445066981039425, -4.775606727443473, -10.7108893872591, -19.84867454235018, -36.25769508239566, -21.0841683000011, -8.114949937717837, -6.529831134325792, -8.772862174711719, -142.39631811906554, -36.09336259486818, -76.64045785176862, -27.641551303591925, -40.91942958087017}
Generation 38: 290858.0 --- {45.48530522485233, -42.445066981039425, -4.775606727443473, -10.7108893872591, -19.84867454235018, -36.25769508239566, -21.0841683000011, -8.114949937717837, -6.529831134325792, -8.772862174711719, -142.39631811906554, -36.09336259486818, -76.64045785176862, -27.641551303591925, -40.91942958087017}
Generation 39: 374309.0 --- {33.859391965098595, -32.33364302451323, 0.20150315568325272, -18.107710263971267, -9.633890061285422, -10.767867914079712, 8.34804653967877, -17.553029258645225, -11.07408393885133, -10.926750301638197, -138.25930888643668, -37.85199475343692, -50.48515902469656, -38.72916026971377, -24.634714801503197}
AVG PERF OVER 50 TRIALS: 183048.22
Generation 40: 434394.0 --- {46.748836490336494, -49.78275909847484, 2.945835879100853, -11.110884169779244, -13.195640172511474, -26.01344557465565, -7.518429263220704, -13.32939096092646, -13.285883440525737, -7.596140477532398, -149.6146299018406, -40.0850002128929, -85.25140508325809, -40.73432798943167, -28.968854184978575}
Generation 41: 654863.0 --- {50.2169705796642, -38.72363283723255, -7.287393874808847, -1.8366224585318225, -6.847169735583384, -27.914460417958033, -3.797269299165951, -12.79247754957473, -16.919941599234924, -12.567181980205444, -135.15519165225408, -33.13956380638339, -56.3527698696514, -28.980854949081994, -35.388537235602506}
Generation 42: 418889.0 --- {45.46386414168814, -40.6324613830211, 1.585184414330787, -9.973602935213563, -3.5961205789476054, -40.22260721067623, 2.344221444226241, -25.686545748397215, -14.544544251515214, -10.413163847421677, -154.51354580124882, -48.54270704494198, -74.17892786466665, -32.482363640164984, -27.69770827506816}
Generation 43: 495536.0 --- {36.06286781609502, -34.14708554968338, 0.8672751346213325, -10.039779298420791, -11.339522576206381, -28.942728306018584, -7.625228599918671, -6.351026815605477, -11.027169136364563, -9.332585089715145, -126.1797256243691, -28.27090617099894, -50.87827940903904, -13.628646150885203, -38.79474225380476}
Generation 44: 576705.0 --- {43.730216315341075, -32.1464443948657, 9.112437407872168, -10.213751179061783, -6.46503177618405, -36.272898767319155, -5.1549885950476675, -17.722128659248607, -8.327261777120137, -3.4427370946866906, -135.96484629748792, -46.72581328999377, -72.48940170084691, -23.04375545082482, -36.92244811804928}
Generation 45: 395337.0 --- {45.72624030116913, -36.92520636750443, 5.144635144748557, -11.719552065821937, -15.669416133322574, -23.071150538118857, 8.691879374409101, -13.691305899345824, -15.669601059692472, -23.07123167714333, -136.12401174886026, -41.52139437247309, -80.94220740248811, -43.23245993964696, -37.02517358856373}
Generation 46: 578302.0 --- {45.72624030116913, -36.92520636750443, 5.144635144748557, -11.719552065821937, -15.669416133322574, -23.071150538118857, 8.691879374409101, -13.691305899345824, -15.669601059692472, -23.07123167714333, -136.12401174886026, -41.52139437247309, -80.94220740248811, -43.23245993964696, -37.02517358856373}
Generation 47: 436293.0 --- {36.698597166383905, -24.960053477298956, 4.502463464016619, -14.890657532936475, -5.748463091701158, -13.84429998245612, 13.894029709272687, -11.32601241488938, -4.414283518996251, -5.9154591301423585, -160.2485258201217, -48.95353430086323, -58.53746523202411, -29.889447381246693, -57.121959120631956}
Generation 48: 604167.0 --- {50.00128593859583, -28.161166157106216, -7.067011138717878, -10.12039321319038, -9.31392916679725, -7.741526892293326, 8.168803055231137, -8.447840164149445, 6.663440575853562, -13.920254382737246, -144.99220787353346, -57.5426401762942, -67.56331341872746, -45.52705476999604, -43.025885224998845}
Generation 49: 302309.0 --- {45.26950387031483, -35.57810467073043, 2.880899483222039, -17.57198850168143, -15.821626454631424, -15.37585504376995, -7.2900111892775366, -23.533062391552377, -4.4587646093401485, -11.628168442122607, -152.63212221566997, -46.92077672745586, -63.917727421973865, -30.232615183509676, -39.944132468470116}
AVG PERF OVER 50 TRIALS: 149349.58
Generation 50: 456155.0 --- {45.26950387031483, -35.57810467073043, 2.880899483222039, -17.57198850168143, -15.821626454631424, -15.37585504376995, -7.2900111892775366, -23.533062391552377, -4.4587646093401485, -11.628168442122607, -152.63212221566997, -46.92077672745586, -63.917727421973865, -30.232615183509676, -39.944132468470116}
Generation 51: 501182.0 --- {51.71721050141121, -41.050136798682345, 2.671871785839456, -16.952601968485222, -8.196087648238487, -18.17631868930595, -9.795120736584341, -9.715879571485196, -11.368654758938067, 0.9233947283609663, -155.21710557711276, -38.38839868049185, -50.0807059878568, -30.11689298175596, -36.16830202800279}
Generation 52: 1073277.0 --- {44.336203466604935, -41.68896846525584, -5.637237128504557, -16.620404332505597, -5.1948437118168815, -32.727892436549006, -6.598326353610788, -29.655282169935806, -12.073031272431166, -10.344525983470767, -162.72589845825064, -38.54039166198349, -55.916289184325585, -29.493788362756288, -36.35202365894569}
Generation 53: 765834.0 --- {51.71721050141121, -41.050136798682345, 2.671871785839456, -16.952601968485222, -8.196087648238487, -18.17631868930595, -9.795120736584341, -9.715879571485196, -11.368654758938067, 0.9233947283609663, -155.21710557711276, -38.38839868049185, -50.0807059878568, -30.11689298175596, -36.16830202800279}
Generation 54: 526264.0 --- {54.59879217639267, -39.357850673906825, -2.5122013063721256, -8.24916961527309, -1.8975526958373439, -22.784474427492977, -10.586298841866569, -9.143189517005348, -26.91461642340463, -9.624638355435694, -168.42543085599334, -43.441482312600975, -67.01198004379837, -32.8355783358266, -40.33358163212903}
Generation 55: 560031.0 --- {43.71903984285099, -54.30213074431897, -21.788774430536073, -14.724013940376192, -6.98300889301839, -29.091600394209504, -5.770046812849617, -19.560105433994064, -18.000005600172667, -14.590107127596657, -180.08731176474524, -35.16566805414698, -39.03013173311571, -34.94023487327719, -36.89180368656036}
Generation 56: 622068.0 --- {60.60715258109252, -23.225611768564637, -7.6681571109879005, -10.486381328033582, 2.5838905064274984, -18.079275003868023, -5.47913374747721, -11.685141502425331, -2.1881029429756182, -9.818522911194105, -161.95734937899326, -57.649401012608635, -68.4616697504475, -34.81251002793856, -36.68920470605524}
Generation 57: 457887.0 --- {65.60291118240109, -45.91577757083745, -0.3463731042675162, -0.9629024348424249, 4.730498698103694, -34.939961940775525, -10.460607462835167, -21.703760144905022, -23.409936873687002, -31.180419573240293, -188.92113596342577, -47.42098934946025, -45.27785852455804, -25.409178492762454, -22.930872985315695}
Generation 58: 603576.0 --- {46.234359269884585, -32.0825353907047, 2.6278587901805865, -5.638231089231335, -1.3076167358264723, -30.815718027219624, -1.4889377740681127, -26.633886351360317, -18.3805162494725, -30.352673935035078, -165.37657930196474, -52.87404239292463, -88.35792172694315, -46.199699477190784, -43.83203439147095}
Generation 59: 554293.0 --- {45.86565594808424, -26.326107893431455, -13.475013298953568, 11.134166049288092, 0.6196064476784744, -42.43160350480064, -4.970090583934275, -29.362213462316173, 1.6409575077571805, -13.231741105515395, -170.0692461514277, -47.39713627880434, -75.03923426810366, -38.43180217974853, -48.843656980576455}
AVG PERF OVER 50 TRIALS: 251477.7
Generation 60: 707872.0 --- {58.26855166663302, -34.864092132562675, 4.366419408168451, -5.951659792340729, 2.673064372673228, -21.477037913736627, -0.6653812644324564, -13.02398819736056, -1.1390593445117556, -16.070372289100074, -154.15134150148168, -52.94811905921353, -83.93694115988535, -47.97512365074476, -45.15980852079115}
Generation 61: 711156.0 --- {68.50713866948688, -27.81214761306863, 5.730364384358659, -14.27309005431535, 2.3951692550330934, -32.46265682217934, 5.18256756962121, -15.433436187025375, -8.22219293328116, -2.5773693011532686, -179.43858818417817, -52.3242430456756, -66.2258477757656, -51.32575505956988, -37.007700196824004}
Generation 62: 565624.0 --- {54.561364813549396, -32.02197212899623, 2.578829172920206, 2.5920691663393356, -0.740806242589858, -28.383165428803046, -12.620499801312189, -36.130083441446395, -26.531998815897925, -10.352454540146905, -179.8368119874203, -48.33659259926437, -72.23633554586743, -24.561021633442564, -32.09408408927071}
Generation 63: 964806.0 --- {62.96872469117996, -55.04523822648376, -4.534703216083756, -20.937038979208616, -2.9560362243257923, -53.65570227289984, -3.1186161785544426, -50.88617052289919, -32.612058207475535, -62.92637613976148, -220.44217489847765, -34.80932521264574, -77.50368488535794, -34.3015393831408, -29.92340979436296}
Generation 64: 690059.0 --- {68.14398611206327, -40.46735311341544, 5.167544871347038, -11.61995899045344, 1.3981592209920048, -45.4962593368698, -4.057223814570328, -41.0687086398617, -16.777274094088366, -27.345167417509227, -224.25534578930092, -49.17843753419285, -76.2826206511794, -44.148659591367576, -20.872097606416244}
Generation 65: 952575.0 --- {60.61271778291046, -39.21055886111702, 2.1089747177098306, -17.073204411718084, 5.832306771022346, -50.36208651201459, -12.336646661573084, -57.03295893276879, -38.21386048967989, -43.0972789196336, -240.64802909487184, -57.55919663509542, -89.66937889326371, -40.09289407417411, -29.06332146295169}
Generation 66: 1003220.0 --- {66.65058955383306, -43.90832316980859, -4.262371637174644, -5.518793522086009, -7.6330074227752265, -58.54174790539789, -15.826195241535286, -45.9623453418985, -24.529143726166687, -39.47957844999167, -229.49253979984303, -35.949597430102344, -56.75205167646487, -34.94587358867026, -31.397231142235203}
Generation 67: 705781.0 --- {51.98316220213006, -42.56489314263632, -5.8309225585491, -17.106574429030953, -15.331763021551406, -40.90560917014078, -12.80903099856302, -34.957340362201016, -16.584885415110552, -18.469652439417573, -206.87006176201882, -31.68266867808871, -58.89024459363142, -35.471819420966696, -44.66973720190263}
Generation 68: 930318.0 --- {52.59714510782982, -36.179065683692016, -3.492808716093517, -18.389807228849804, -8.108603074489185, -46.54652529807723, -23.49117309851542, -32.557071780419754, -22.76590066884049, -17.29060096533707, -216.28843233773898, -39.725307725976016, -55.365128249576415, -31.819748873507073, -30.770533309420905}
Generation 69: 1319148.0 --- {71.57495549094766, -40.52804670279921, 0.4268699865223675, -12.77729092240137, 4.5207810059599804, -52.300392260998514, -24.44438548135988, -48.32469618593631, -29.793502809902524, -26.60724915788235, -264.2329699570875, -60.666128484043696, -69.94119618538726, -39.16105412998959, -38.78518920389952}
AVG PERF OVER 50 TRIALS: 314813.74
Generation 70: 1106904.0 --- {71.57495549094766, -40.52804670279921, 0.4268699865223675, -12.77729092240137, 4.5207810059599804, -52.300392260998514, -24.44438548135988, -48.32469618593631, -29.793502809902524, -26.60724915788235, -264.2329699570875, -60.666128484043696, -69.94119618538726, -39.16105412998959, -38.78518920389952}
Generation 71: 781520.0 --- {71.57495549094766, -40.52804670279921, 0.4268699865223675, -12.77729092240137, 4.5207810059599804, -52.300392260998514, -24.44438548135988, -48.32469618593631, -29.793502809902524, -26.60724915788235, -264.2329699570875, -60.666128484043696, -69.94119618538726, -39.16105412998959, -38.78518920389952}
Generation 72: 836115.0 --- {58.48541035925277, -44.43772190164553, -7.243390633478067, -1.5257474201923102, -2.885559923679658, -52.385483617004866, -23.21131188128959, -39.08026700157746, -17.02119304243392, -49.03264012911126, -240.86345083281984, -57.32213649201855, -61.04600289747984, -35.09536293513672, -34.35841997901417}
Generation 73: 1924759.0 --- {71.27943583539117, -39.184106595919765, 6.750457507265109, -13.026384390279631, -2.643686394272054, -53.01020681177727, -15.598458538364584, -26.493766658747205, -16.222654775810298, -27.99791836861075, -249.6377013968594, -60.824098509381905, -67.54769037471232, -40.794715668865834, -47.758844424592255}
Generation 74: 1074168.0 --- {49.077830838987595, -26.01558799834006, 4.625192190697902, -17.017596128160893, -9.140872201233677, -54.97019548437971, -25.07774838212668, -41.11605157854676, -37.15623097915948, -38.151843743277425, -232.68485993657237, -28.344007712957183, -67.59392685271133, -19.1323924308752, -34.664350763142814}
Generation 75: 1032890.0 --- {67.41494310126244, -43.968628172409645, 3.162522675326602, -11.828128606667507, -4.082517526633842, -53.94190732867863, -28.372845403463565, -43.803935508847665, -29.278522663038096, -41.093235128216776, -226.41567966782426, -57.21222624577488, -61.24847942195835, -17.585474055275782, -43.22091086181744}
Generation 76: 1198849.0 --- {69.71431114462595, -38.64407074866639, -6.039145614048926, -11.077409741691705, -6.311096019294796, -39.23443816496395, -11.445241580128922, -33.57470659273234, -31.53910280747928, -30.162504842432504, -282.79344215837557, -62.32965464347628, -81.13302920963744, -53.243996115933065, -45.595966270480474}
Generation 77: 1017402.0 --- {66.25018943181537, -47.28312344762488, -5.536931994511487, -7.048666586458401, 5.00657058473427, -56.358290911997585, -23.809613512875966, -35.014746841037294, -21.46201069009221, -17.340602901299746, -256.0919100766195, -59.3748820481837, -67.32477470656256, -37.92389092663362, -56.245141252450466}
Generation 78: 1608057.0 --- {65.48525755220254, -47.271395607958816, -6.097944795645124, -3.8110362777311826, -7.052583825833421, -53.984724715936785, -26.399298248237272, -45.810637337302545, -13.494944759777756, -39.553499725388974, -227.9853940992885, -52.42103807831312, -56.17551600658183, -24.288907900709514, -52.57944882636529}
Generation 79: 1779661.0 --- {74.41875871968755, -35.49777488326924, 2.3828616761573107, -4.72415343161704, 1.2320945145246824, -48.25077933604019, -23.227109634955386, -43.21490582939809, -28.209661330021593, -16.548005094272554, -269.5563429261633, -58.96861538289058, -67.44432383747365, -31.217848540885164, -62.90804935200827}
AVG PERF OVER 50 TRIALS: 302241.74
Generation 80: 741392.0 --- {71.77284400974152, -57.76209425616582, -1.6113048942565866, -8.208913549852296, -11.969549735284568, -40.87665630711238, -20.625248221981774, -26.940482373526542, -33.6858213422098, -29.914266546471225, -274.4205648108713, -56.68314022561586, -59.988129356322574, -41.14369621076417, -49.44892213532395}
Generation 81: 945301.0 --- {74.74790851900191, -67.09969107347705, 4.8350790523059635, -3.850231395631961, -0.5645862052271138, -42.74201063318143, -19.97941231241692, -28.498508314487395, -21.59714672555426, -32.18884121961474, -276.1084498668524, -50.69597805972669, -62.09041089530707, -25.954210067262387, -50.18215727896542}
Generation 82: 1295770.0 --- {68.77026801006575, -40.0640277892676, 3.510744794755849, -4.290974126574267, -7.81365654145015, -53.54656195745873, -24.883874050117427, -33.57838368466031, -35.45900158904823, -20.8258636879207, -279.5849891111885, -61.32636881102617, -66.66557233128373, -43.792123746388, -57.430797792871545}
Generation 83: 1189988.0 --- {74.16046767681122, -49.38419507186787, 0.11599598445817838, -4.135552711584371, -6.717699769186096, -56.55386334422907, -33.71607195902253, -28.66468178922849, -36.749987687933185, -26.304406951386646, -266.3864553145639, -59.504998555667086, -53.242730032992405, -39.1198325452674, -59.38495557122474}
Generation 84: 1199678.0 --- {89.75572583336297, -72.65471486186432, -12.311529591994988, -17.96983516295993, -10.209394200636444, -53.35848395155819, -2.641699820112855, -13.40227174157858, -18.327296103015648, -12.301071058765633, -251.7294017509586, -52.71283217773169, -90.26528622434783, -73.972665411153, -47.17565036283096}
Generation 85: 1270068.0 --- {71.67635662528293, -70.60845153930869, -7.4169216902449575, -4.918340894551944, -17.261046645166473, -48.19285554386351, -3.2408257086411023, -26.607528992298402, -13.128898585274872, -31.64738756508328, -243.1895933362258, -40.366103825233594, -78.14573742016867, -45.440376748724844, -50.014050724092186}
Generation 86: 774557.0 --- {84.99117593403271, -67.34123236994137, -10.045127980158275, -3.3103532231359676, -22.993992544971015, -71.85137161929991, -13.655668327760274, -37.56869542770551, -11.259605374243606, -29.28290607918625, -284.9255531786298, -54.22171808508634, -65.71829015377543, -35.80377281694001, -59.909570150083255}
Generation 87: 1172523.0 --- {79.51257839135357, -63.7126481990719, -4.86651341752459, -11.751599450254599, -8.740877696589877, -59.59980277361924, -15.68920790749396, -32.95097386289711, -11.137675212785973, -10.92389289019782, -268.6809432260209, -44.563244751533844, -47.21815986754471, -47.65875743259198, -40.777332680499846}
Generation 88: 1296859.0 --- {69.75164617204572, -62.171577337325054, -14.065410452561778, -11.77034281474125, -18.581032777657395, -77.65316194501777, -18.29699747007363, -27.443516119732095, -7.626696696398891, -21.288090097837095, -276.9701439345558, -62.792976060182895, -68.92432919901171, -37.15226679017718, -66.99863105946893}
Generation 89: 1326416.0 --- {75.85885886694487, -63.51021334071129, 5.430412630783439, -6.008887916274633, -7.815163720994637, -41.45723067738785, -12.806028815592718, -28.670559145146434, -28.9232374201116, -28.688558739624412, -251.31502568584344, -39.060886844130906, -73.12516503178809, -43.69208328758954, -50.682016416033335}
AVG PERF OVER 50 TRIALS: 260749.24
Generation 90: 1050921.0 --- {73.70765433072897, -37.00305174977622, 6.410060883499561, -7.281145896703478, -5.666741188046446, -53.3574146303024, -29.905024753838514, -37.53832755009691, -35.48159100061634, -23.26145420064629, -285.37390354702643, -54.4414591104393, -74.37686916020856, -31.012799041214244, -74.03716664089595}
Generation 91: 901626.0 --- {74.06020691783382, -58.453621250922126, -5.960800803839891, -10.387674681937654, -3.3478793841289463, -53.31469543041491, -26.550464037878854, -26.628887805231656, -22.19549071834967, -22.46424918494942, -268.00962543918456, -36.72521603299844, -67.46586450721657, -29.92592695765896, -62.63776481046282}
Generation 92: 1969432.0 --- {72.41413244456511, -53.03536590185341, 15.752380878332023, -12.629734201045082, -0.4464529385304399, -53.10993015543754, -18.42489472694887, -25.967821329473743, -45.07501547266948, -28.316741890810412, -271.7092637550783, -56.1248106153672, -62.428591007940284, -32.52467633728296, -43.946926949244826}
Generation 93: 1523089.0 --- {66.18299690639644, -68.93271064414375, 2.674359160950756, -12.345726362293107, -6.654570343916254, -58.108484586907316, -11.870988712295418, -25.170929740011726, -31.911393569232416, -24.9591629911021, -267.3315639117348, -34.87565011844502, -79.45857360777156, -40.66483305394481, -76.59379119600489}
Generation 94: 2684688.0 --- {75.67719848095003, -48.596806851574655, -1.2486640867366132, -8.664603206489508, -2.4698574345538375, -36.128668145483836, -26.7924621039195, -27.600335277207527, -28.84075026116698, -28.95144247874665, -267.3060417631074, -57.624196461320594, -59.29270751515381, -32.587097050936634, -63.107696880746694}
Generation 95: 1427327.0 --- {73.20326398265367, -58.900609544136216, -10.125407897030763, -15.65002748993208, -0.7767793179485292, -44.631893464949584, -14.330775683199004, -34.83140589252164, -16.978324456659923, -21.12573516470996, -271.76527107641806, -35.48115778345024, -58.56456992910861, -35.06957814848532, -67.33643563999601}
Generation 96: 1207001.0 --- {73.95909005544969, -66.32436760726827, -0.846051020841997, -11.81022624106174, -14.524245910460461, -49.37132480917337, -13.437184586489078, -33.09374295617514, -20.349902037089432, -36.536139532014886, -265.4373906234606, -55.83154455484083, -71.97524844014607, -31.11818989155566, -68.1244933087076}
Generation 97: 997413.0 --- {65.38722455402183, -37.91250508699227, 1.5935030294974109, -0.2247161255546377, -13.424741288014978, -53.36531123241269, -29.2871227297758, -44.18412904755829, -34.37578473466566, -29.280935732245094, -265.91792591830324, -46.49973046713855, -43.381808893810486, -32.022357548312364, -57.760571330953944}
Generation 98: 2412263.0 --- {60.41831505921244, -41.67524595930162, 13.527853989120366, -9.877722676162326, -0.07660934384567852, -55.102520166121636, -18.798565955983584, -40.13798524782326, -23.607268892442804, -31.519095458758027, -273.6654021394643, -55.69355708142646, -52.61156395459261, -30.983569185937, -51.38666311920232}
Generation 99: 1358084.0 --- {72.60284980123762, -58.49345237367075, 3.3404613656537596, -13.16298579419231, -23.421368253737903, -45.10879938923645, -9.489968326784876, -32.690386187998236, -19.07192362514661, -14.388219136295383, -270.68396103473134, -53.98711508331252, -55.06107445573848, -28.766516701588948, -56.78053691187371}
AVG PERF OVER 50 TRIALS: 353573.02
Generation 100: 970616.0 --- {67.4414879765396, -47.641363577617234, 0.20317017692388895, -16.81885350236682, 3.348652021606794, -64.21606023738202, -28.854194997131735, -33.88208915945589, -36.000991572167, -25.610249508913018, -277.90178510636105, -45.29106360457213, -60.080771847769554, -37.0108448004291, -60.01697316301175}
Generation 101: 1582874.0 --- {68.67782296636851, -54.73095375860982, 4.192669718416704, -0.6417567073746575, -5.4924095324263815, -48.08216232655938, -8.661579811421214, -45.54787144371754, -30.19009434457978, -27.68817370760293, -275.17576645187916, -57.114301883558724, -53.55718819726412, -33.63734453195507, -58.91826369653284}
Generation 102: 1152391.0 --- {60.841619029720064, -48.7108892582284, 13.687530064556496, -24.08343266384398, -1.0886726641528721, -45.128083000253895, -24.871826056752173, -32.065206252422456, -28.910088404712948, -25.679358276241796, -273.1575718704037, -45.57215376460925, -57.224804747549996, -27.399838576824706, -64.00378146294044}
Generation 103: 1418658.0 --- {72.01659289845914, -50.962662460877354, 7.350697232706869, -15.63642860013811, -2.0126618581087703, -59.50963406943065, -14.465144566044001, -34.598312697678494, -27.052625389090778, -27.63643658318525, -271.2262957930283, -39.59066480899969, -59.32315866233505, -30.693856845642426, -61.13254576740807}
Generation 104: 1234067.0 --- {82.57105385494229, -57.79110524905629, 6.333498045816391, -17.860949842079915, -8.640325356550042, -45.847239413508206, -23.965802023187848, -51.00951305654209, -23.93871185610466, -36.62034393657751, -279.2753839566342, -63.34995620675564, -67.5390435456751, -34.026903846588255, -52.80088131980521}
Generation 105: 1633774.0 --- {85.57424967494808, -45.29016234776862, 2.9788174845463793, -24.63568949458798, -2.7160443254371813, -53.102886201739466, -19.964117055952258, -33.74191730894927, -17.43096991591939, -21.863427966385036, -286.2540823116138, -57.85881685966463, -59.3447619073816, -40.297880545780046, -61.89954387330514}
Generation 106: 821741.0 --- {62.86652712587906, -49.27539077589755, -0.7899290444637869, -17.543725430311106, -0.13086363231053966, -65.70457973065592, -27.762303914243027, -43.77098011295697, -51.46597908817833, -41.96450434667602, -273.9688005819599, -48.879810979065326, -58.739877456477025, -31.00485522639305, -44.92146334296771}
Generation 107: 1493503.0 --- {63.72568559232718, -49.19900978237209, 8.711235797078382, -16.197414446945942, -15.90050646268752, -49.088591234666225, -17.515195464837284, -49.32632862738791, -15.681591048993072, -41.825677571903654, -280.37880201875413, -60.01267395068065, -62.79535031893955, -37.835423506585826, -48.637939838578184}
Generation 108: 1549054.0 --- {63.97540491017462, -47.453182549862504, 0.4636775990521036, -13.643625948355309, 4.35465156340947, -57.82376228505208, -31.245171471666602, -38.52004974457765, -29.031513014465954, -35.74320358100337, -287.6545719440404, -49.58027267183391, -38.60927398641378, -27.273224636173275, -44.95512589139036}
Generation 109: 1035297.0 --- {79.90929833972675, -41.36084164625419, 17.532850088060588, -11.695404815028823, 9.389577137699453, -65.48665253545796, -27.48573669931846, -33.277468276967255, -22.84132993950165, -38.98850887896633, -298.38536472699866, -56.77933388153513, -56.208110512788444, -38.2455683656305, -44.94998546642199}
AVG PERF OVER 50 TRIALS: 178418.56
Generation 110: 797190.0 --- {60.763264171116276, -58.0493872418029, -11.073441326327558, -1.5103265291113814, -6.304880467427105, -51.880115838153074, -31.823413646581514, -32.39018459111863, -27.58246616727515, -31.96936037802186, -288.69097476211846, -58.53558315441963, -58.2933508605918, -38.27672916475231, -58.88035421102701}
Generation 111: 772363.0 --- {73.5441226528407, -49.31581119861853, 2.2122944532895303, -11.264960261142463, -6.245288564523948, -65.84086443257009, -36.22872652379533, -28.420784619408234, -25.969641184141615, -25.934648557720195, -302.4001770404201, -59.55526983851632, -49.049914894858226, -28.760890081100875, -60.94343932357139}
Generation 112: 1482260.0 --- {71.09601389865425, -59.71430265544292, 3.806308300870801, -14.899742184604115, -10.224233817307322, -38.51203401960398, -12.776609856881295, -30.885308698500538, -13.9216134644327, -22.908393952328122, -255.04825431815723, -59.18299797646837, -59.399665278489586, -46.886712038025145, -55.86046193425845}
Generation 113: 1352141.0 --- {70.56717144435241, -46.06781956116476, 4.822505418470389, -14.580116584459445, -6.099704081300327, -55.619134824504854, -4.727377782018404, -44.18028637808272, -19.24664333644384, -35.06481818220326, -276.2675308001408, -67.68798465916339, -53.553975470018045, -35.87552923081369, -36.52732232000277}
Generation 114: 1521769.0 --- {78.25891538994185, -60.75252461410345, -4.707277207471571, -26.34894322937385, 0.4943438959216717, -55.162359251840634, -19.596528684053936, -43.465591509719516, -25.76118660242592, -38.458184985535524, -325.4509925038584, -43.16051799540174, -35.65319699816519, -26.81392383444267, -66.22301311084621}
Generation 115: 1791597.0 --- {64.18820355877526, -55.4858595115615, -6.1939446380171965, -29.594169246844388, 10.517348471424105, -68.28193828111242, -22.68726738705901, -34.561399054414494, -41.85921527066613, -34.438370687807875, -300.64820942255994, -42.25923719619, -72.89969447620486, -56.7776983687274, -32.41208671830846}
Generation 116: 1003034.0 --- {76.76290033970885, -54.60577768780474, 17.148844434496677, -28.86616065377661, 13.82276967802225, -60.877944136355715, -26.872611972274804, -46.4106208619728, -38.165827824738, -30.982971386281918, -327.72542955409216, -37.89014558462726, -46.725731681950926, -34.04803019372463, -49.58615173107417}
Generation 117: 1918973.0 --- {72.99433826783716, -65.80489537497726, -8.17775264462978, -23.62381861654858, -15.016756329153875, -62.60368634636868, -22.74024666069149, -35.344287651962276, -43.070273289586275, -33.76513739849585, -314.46772633810417, -29.320283847856302, -53.56365261363949, -34.75347693845731, -65.10922510131932}
Generation 118: 1245879.0 --- {77.65126356564895, -66.42099621126968, 15.110563917313513, -19.041544912392723, -7.9953784248980835, -58.69673138253166, -22.217657403772055, -37.19916571603058, -39.7310208329834, -45.05100518024243, -298.46382663282293, -54.732825266612856, -69.55104939976871, -36.443424614164456, -49.781009711983735}
Generation 119: 679868.0 --- {86.24380150441952, -70.80067797121798, -1.4660403296432927, -21.8201159166647, 0.16857315559802366, -58.35972600916158, -33.67304260515609, -47.810028978930724, -42.9331325211581, -32.52139868503402, -335.34367439678203, -27.96139149509805, -40.86256403934685, -30.72511090778928, -64.55714200811808}
AVG PERF OVER 50 TRIALS: 270645.0
Generation 120: 1540952.0 --- {73.85427354821235, -53.74697981580195, -1.6570458268071575, -22.843827505677424, -5.3363424461108515, -57.32681243827955, -29.611311906482282, -54.34974584507785, -33.405267707936325, -25.017234496543427, -337.5659805445074, -19.73149947307449, -41.924272732857084, -41.87172507873049, -63.050396150837386}
Generation 121: 1134032.0 --- {72.08609767987477, -66.5304854078883, -4.627198402384542, -36.44556004749679, -7.331694453611164, -60.47036106058925, -15.840281185847706, -26.473118345393125, -42.1465044066709, -36.98042216474284, -303.8392863723812, -52.513615530391085, -67.03856179894024, -32.48353121634807, -67.87394531120958}
Generation 122: 1651787.0 --- {80.75989313590827, -51.10811124472548, -10.274251522985931, -6.993364335154508, -1.5828287009895132, -71.21631549887005, -18.362426543997287, -40.315448364475515, -34.163066247035616, -32.60794994206706, -320.63111627101046, -48.062388314403336, -54.752527573017524, -23.745630718537512, -70.46841310432151}
Generation 123: 1583102.0 --- {77.1193625468504, -59.35778642674734, -2.654595538287248, -14.190416033261878, -4.432847825615331, -59.83414878435567, -20.703518425998894, -29.557178144143876, -48.872089892031696, -28.45052743940859, -301.69748968400785, -29.950584608847645, -50.478504709870194, -34.3675226864319, -75.85503787031544}
Generation 124: 1573044.0 --- {69.90487639763845, -50.043291599268905, 1.4898700949073014, -20.026699821249437, -5.865516173090999, -60.524570743538135, -23.515735918447305, -47.1455281615454, -40.37298655496764, -39.59086724261194, -295.3741577937484, -30.315973977919136, -37.582181438025856, -17.61864494683622, -69.98346881020466}
Generation 125: 1241400.0 --- {75.06163914115514, -54.78180744433231, -9.57594669065264, -10.717211684330572, 0.785330287230912, -56.540332808593675, -21.89602641419497, -31.265795841507988, -27.353037292296477, -40.44769010516234, -314.90739131396236, -26.15904648476677, -41.894846394249974, -20.227651799425214, -70.1885921815055}
Generation 126: 1443931.0 --- {81.89086382074223, -65.51313958065589, 9.602513437265166, -13.052571131348497, -9.687229749449115, -59.86709949367413, -23.022638500243566, -46.532833995939434, -44.718571460960746, -33.90407797199161, -317.3934175569135, -29.629966121519708, -42.15510995762031, -40.71337104158538, -68.24717064555882}
Generation 127: 1069945.0 --- {82.79543260209581, -69.17595015139219, -8.853321391465753, -7.6807114938698415, -2.6222882814712345, -59.8842761233823, -19.431735544953256, -43.40235341492304, -26.4532652594453, -29.596231753696163, -326.0776504079657, -39.46986252561159, -51.23520416967523, -44.40124741108593, -61.98352890803263}
Generation 128: 911525.0 --- {70.19969923370552, -66.26516804398443, -22.309362737326296, -2.9621957292828975, -6.031207444706824, -66.90909801838244, -30.795496026039167, -59.61704489226497, -24.86056390365188, -25.06565468709071, -332.549126603547, -33.02753182321058, -54.79865396847689, -42.890287526214415, -60.47487892469878}
Generation 129: 1058828.0 --- {90.46895964220157, -71.95239211565756, -3.6635198785054115, -14.286232907571149, -0.3366713857492405, -49.239639565717425, -27.743984389392857, -34.16130896319696, -35.63101296928791, -30.36984670203498, -328.2722485760427, -45.0831743323091, -40.20080859001699, -47.249637089873836, -61.20916124524044}
AVG PERF OVER 50 TRIALS: 366000.56
Generation 130: 2404406.0 --- {86.73456556126533, -69.39512337700975, -14.616618692285975, -6.86759435713173, -1.3017391709692507, -55.77327794487435, -19.158627458664, -37.149432089337765, -21.138332381507503, -34.31211308607323, -347.2677000021399, -55.07041114661037, -36.98413045656339, -41.922169546525645, -64.49316237518576}
Generation 131: 1069090.0 --- {82.82072659430789, -60.75418490105814, -9.454868864521499, -0.3491949633401905, -1.7932701690145616, -53.934400520447205, -13.908093473978075, -59.28671014904686, -23.101576142474233, -34.20484060368192, -328.8318678723456, -46.8191450450184, -43.64683338651563, -40.3925943785086, -64.19079239412935}
Generation 132: 1239803.0 --- {77.66871267543299, -58.313875141257604, -6.075902792124992, 1.6915275855025165, -9.032455754438955, -58.17082467397747, -22.090160270935858, -44.41333784136107, -30.098527110644035, -41.28234932955016, -330.14429199496345, -56.315562463248284, -50.54822816081878, -45.802884218510385, -68.20228659349053}
Generation 133: 877483.0 --- {75.5155769363643, -57.157989216612364, -11.736955922315124, -7.129815761500653, -8.825128521880396, -65.08457699735673, -20.393121250540247, -50.21002779242063, -30.94827591435177, -29.789934265306325, -345.5186711773, -50.08598161695011, -29.773193471287208, -35.18684896904903, -63.242354941306665}
Generation 134: 1155675.0 --- {75.66715778997387, -66.69626736223151, -16.2337135677065, 10.1894356020495, -19.90993798610606, -61.84710977842363, -30.034754450753734, -34.606806956229214, -17.458729050796478, -27.476149575654766, -338.5293011258836, -56.034919334200005, -33.299343822429854, -32.086282960046404, -53.51278983412693}
Generation 135: 1996908.0 --- {83.28482101112084, -56.74372989912814, -10.725792295807645, -31.372999250827174, 10.125701328297438, -59.248532546743185, -20.133689342543455, -50.233345494216806, -32.675587159258015, -23.39186567197119, -327.1428315593169, -54.05789456127617, -60.81406008413472, -49.08639476422832, -62.318859008184646}
Generation 136: 1185614.0 --- {71.70921773172994, -60.299659909858654, 0.47404716097850574, -15.114977738059501, -20.86988898906803, -54.59030565711139, -25.09242777901581, -43.152304701849545, -21.926257829705463, -51.4314102306986, -334.04632633207206, -47.300835964666895, -35.36421530147976, -33.67573048956819, -51.69182693857361}
Generation 137: 1280837.0 --- {95.87840515173431, -63.552458977107605, -11.823352325038483, -7.221634031270389, 2.917023817658709, -60.85616163599109, -18.611967046301245, -41.72033554342775, -23.78046981369405, -31.700812714360115, -310.3316455163012, -50.65646377368714, -59.56003445524193, -42.441431819148725, -69.03888641366186}
Generation 138: 1451811.0 --- {75.5046731620339, -73.49196827200868, -11.870574388083917, -7.319903405792384, -2.9791888757897613, -56.8278372356826, -21.95531007632973, -54.24441466701626, -14.849175129166287, -47.32768196113287, -334.97615272301755, -42.458087026206826, -44.60782032340712, -33.24668695907199, -74.19398074739041}
Generation 139: 1746090.0 --- {79.7650270597796, -63.20899932442089, 3.97927816748516, -18.754674091384494, -20.21028441158453, -58.60887552893449, -30.15406457476724, -46.82259298452153, -19.907571317999373, -50.090002838451156, -344.22738874135194, -31.13525222790692, -53.755880551493675, -43.140120098196455, -66.8083219515193}
AVG PERF OVER 50 TRIALS: 353472.0
Generation 140: 1532328.0 --- {91.43449879178726, -47.474368232273704, -12.612312176406302, -2.8772584229475155, -2.0290769052585746, -56.07526073509304, -31.28250772071005, -55.36711235741822, -25.564792800260115, -27.456948013442073, -350.1639991711322, -51.846835228800366, -52.27429202304374, -40.95603461458852, -73.02053165733416}
Generation 141: 1414652.0 --- {88.78019791881951, -65.62057609171232, -7.950448803243267, -9.57649036696233, -3.160496316806413, -65.02791409601993, -34.97626312778335, -41.33983268587629, -33.79926109958842, -27.858689203607838, -340.7898592032709, -47.36981692344776, -42.75685307231043, -39.541361095047336, -75.39418940727603}
Generation 142: 1973791.0 --- {80.9360505987806, -59.769776548774374, -3.892996958942727, -17.8393794974533, -12.629996995938086, -59.47546403210773, -24.867946606364235, -22.61140886299101, -15.39003164871107, -41.06359736243028, -325.0239998417378, -25.101912741592635, -43.797468242092684, -38.25714346589364, -69.18339939662782}
Generation 143: 1024955.0 --- {89.20526849358822, -57.59276037657037, -5.276869069779437, -10.560894661389662, 2.628136521278628, -66.98142331052004, -48.639199333966786, -41.510488193256094, -36.95832265438842, -28.182758286825315, -344.2579578536956, -38.48713057860388, -42.663124938499976, -23.761748188236005, -64.35073232245796}
Generation 144: 1117236.0 --- {80.23155625923239, -68.83084585145932, -4.450809445911774, -1.8269096456850313, -12.097085004630284, -62.826143881302, -23.575582952866323, -36.51332725023, -42.69829826841758, -35.95107008890606, -355.0301656485167, -43.13583246349502, -43.97366949541142, -32.55321475162348, -61.60861456456501}
Generation 145: 1939778.0 --- {87.66377287658523, -59.847062796679204, 5.133145308087395, -12.66739594122062, -11.225740277625164, -52.83300580311893, -41.965837481073635, -33.04816477871755, -25.749718989484105, -51.71359189655628, -363.0113387331945, -47.03656225670149, -44.07346522557435, -39.74391080888845, -66.35525969727149}
Generation 146: 1651692.0 --- {84.24665869173747, -68.64607585777617, 3.5617910391215206, -13.390897162551648, -6.5582341106311395, -64.81028555601614, -37.55144612172574, -33.81732684825899, -34.829656870829105, -42.81810251733533, -362.756960852684, -46.94665587552291, -67.49050835997232, -46.71101574467395, -76.29852114182755}
Generation 147: 1452369.0 --- {80.64078316602655, -70.86151029728899, -10.564080475502525, -14.026036860216346, -10.89610018981639, -58.322865625641256, -36.988489028576836, -36.56355850554918, -26.33939725950669, -48.73477162572755, -353.2841970708052, -32.04185830365831, -60.372846889472655, -43.379668093486785, -80.86866083165516}
Generation 148: 1718976.0 --- {86.19688359874273, -61.30615184797746, -0.7279699330517975, -8.071849688003695, -6.8021101160724, -64.67201747458765, -28.091494937999737, -43.7738318136499, -29.91705649179353, -46.497738108426404, -354.5525369135564, -34.0158021849029, -55.262843014781375, -25.462121496493356, -68.17650953788312}
Generation 149: 2156075.0 --- {92.24529901034738, -65.65588020967348, -7.9848724797429815, -11.728267502988711, -3.549287095092131, -75.3343824590973, -38.56292309452257, -54.16553967744417, -26.841545960775736, -49.272808398010845, -366.5766193837635, -54.15385665283502, -50.10269442154052, -38.13553023107437, -78.3635350873775}
AVG PERF OVER 50 TRIALS: 316516.56
Generation 150: 1598433.0 --- {77.75074821742578, -63.97509793797058, 10.802838824937771, -14.517645443033132, -6.008336390469047, -74.42974028056754, -35.18616702340163, -37.2650679659901, -37.669050408631804, -35.79355053588818, -385.67613001290175, -54.16282072903349, -57.23962591997925, -47.89190702801288, -55.28021293567578}
