TETRIS: height 20, width 10. Noise: (50.0, -0.1)
Generation 1: 36.0 --- {4.83202498571302, -11.132229250861096, -3.1790979098627252, -7.25488261308421, -2.7940052617798967, -8.228887050035516, -8.591831541002081, -12.484472728227676, -6.1501501551147655, -1.6035064823240497, -15.569908351710918, 1.3508160481156843, -3.278679298095464, -9.264482552379437, -16.64155075214774}
Generation 2: 117.0 --- {4.83202498571302, -11.132229250861096, -3.1790979098627252, -7.25488261308421, -2.7940052617798967, -8.228887050035516, -8.591831541002081, -12.484472728227676, -6.1501501551147655, -1.6035064823240497, -15.569908351710918, 1.3508160481156843, -3.278679298095464, -9.264482552379437, -16.64155075214774}
Generation 3: 170.0 --- {6.771964721994329, -11.971794820707988, 1.1568346949018933, -10.307188285139516, -10.722978605349063, -12.493523110384144, -0.7647028033047762, -17.92052246281325, 9.962490734614184, 9.258185469944607, -16.836517236139066, -0.9383889029235064, -18.22317022507918, -10.824207216213573, -16.81046046560496}
Generation 4: 3415.0 --- {0.5964851227376422, -8.451632509677102, -3.8945448920283385, -0.35504211870857993, -9.10732684132877, 4.516886948772955, -0.18472596065021651, -3.8915328655565418, 1.7824444727691597, -3.4957406486562856, -14.936360237356539, -11.311530580719069, -24.989421809757097, -14.390803408484825, -16.98341485663671}
Generation 5: 2546.0 --- {0.5964851227376422, -8.451632509677102, -3.8945448920283385, -0.35504211870857993, -9.10732684132877, 4.516886948772955, -0.18472596065021651, -3.8915328655565418, 1.7824444727691597, -3.4957406486562856, -14.936360237356539, -11.311530580719069, -24.989421809757097, -14.390803408484825, -16.98341485663671}
Generation 6: 4352.0 --- {0.07230336044461261, -14.35458397269647, -12.708220935941323, 8.742612368728224, -4.85688094402717, 12.372057258552605, 9.222549431389492, -16.70481799996382, 13.997921298968443, -9.555807427882419, -37.05094566601782, -26.013595107591307, -35.57785406805041, -26.732172781979465, -11.543163398174823}
Generation 7: 6559.0 --- {0.07230336044461261, -14.35458397269647, -12.708220935941323, 8.742612368728224, -4.85688094402717, 12.372057258552605, 9.222549431389492, -16.70481799996382, 13.997921298968443, -9.555807427882419, -37.05094566601782, -26.013595107591307, -35.57785406805041, -26.732172781979465, -11.543163398174823}
Generation 8: 38260.0 --- {8.687665762191063, -20.468600849998996, -9.202874618276697, -9.87146653243888, -12.994726376219274, -2.6568300750976306, 5.151720854665687, -1.73861788408884, -3.6275282706732668, 0.26169108875008007, -40.48575638903045, -20.861679085502704, -42.069258065706, -28.955534495703937, -14.31835023681308}
Generation 9: 26054.0 --- {4.149913368726166, -23.532674839504736, -8.77342882148697, 3.2639086826616825, -3.6473709024771157, 2.8394228071378844, 0.04295151874781755, -13.42038422903558, 10.128479383474962, 0.4748747743780307, -54.15987531486395, -18.960030905146, -34.568648313762154, -26.76665273223346, -8.256504329612875}
AVG PERF OVER 50 TRIALS: 30137.26
Generation 10: 70517.0 --- {16.86614839450487, -21.577631180945158, -0.7584727272529772, -4.831380024817529, -12.532443932823064, 1.0095939289570364, 2.847858313229783, -0.23726285254798674, -1.7031378194119267, 6.7273349790684005, -66.29082663305547, -28.482789781776212, -41.920552832372465, -36.5165447116645, -18.085114986455213}
Generation 11: 93667.0 --- {16.86614839450487, -21.577631180945158, -0.7584727272529772, -4.831380024817529, -12.532443932823064, 1.0095939289570364, 2.847858313229783, -0.23726285254798674, -1.7031378194119267, 6.7273349790684005, -66.29082663305547, -28.482789781776212, -41.920552832372465, -36.5165447116645, -18.085114986455213}
Generation 12: 36459.0 --- {22.84682628470734, -22.058585301713773, -3.5048787193471647, -0.8016277810525033, 0.6577832109843946, -0.8060016529595766, 8.461949350768936, -8.473999519035628, 6.747780287411351, 16.382043974612422, -78.95681544775593, -13.317055694824454, -42.084803983354604, -41.88589992084011, -12.575575812166749}
Generation 13: 70674.0 --- {17.754625636770776, -4.131055750517852, -12.648632794021939, 2.9723615478425183, -7.522752146386516, -0.6229063049817157, -6.455222075684075, -3.2049098186255107, 0.5546232974746899, -6.29129491368805, -74.43477555714622, -15.84465116300856, -51.4152819023802, -25.403397549542323, -32.43975413827293}
Generation 14: 86194.0 --- {22.13921633472826, -19.329673982621536, -2.6629872453480736, -3.170982154030604, -13.05345391088758, -1.0647699128084216, -0.09166016476808281, 11.907560672835778, -2.0934173369793756, 14.679081444525673, -81.10765474370226, -14.742041317919377, -49.02948424428007, -42.75330562799297, -24.316138553926905}
Generation 15: 84696.0 --- {25.435528703485474, -34.443862332176984, -10.183172297896862, -4.556722465788754, -0.7893325255138155, -11.199629205378272, -4.577850129446038, -6.61737908585159, 2.1846031673107307, 0.36828787962706144, -80.64547780409335, -24.872423620723346, -51.906435916483, -18.728430674768553, -34.18293504726722}
Generation 16: 69821.0 --- {21.61243692301046, -45.87356456745013, 3.262708112777304, 2.328005644282164, -16.09455899484132, -13.216841680285496, 0.06172992352356221, 11.842604405406373, 1.487938474828847, 10.578219212012351, -110.8417665226529, -16.30325592797867, -51.743573906595515, -43.89289873424161, -35.84699619464641}
Generation 17: 72572.0 --- {20.368552428509332, -23.163651433042197, -13.409044041214866, -3.0119623806488587, -3.449950999070615, -13.946772212200022, -2.3120828573234453, -21.145391222733693, 1.4190457681594708, -0.15747559643722475, -79.48988009626113, -16.4988087717411, -44.19728651513417, -15.381536547220374, -39.316272877690444}
Generation 18: 160926.0 --- {33.011461278685005, -24.43100483675912, 0.8284986738973936, 10.399837332167781, -5.2226712408504055, -3.0643691823446995, 10.773511732027092, -8.417384146115047, 5.628215124920261, 3.005833531516134, -86.07145663239635, -28.252025278481312, -56.61942341507347, -33.9924999788158, -28.86532731239302}
Generation 19: 148754.0 --- {34.001373923454274, -38.008575769017256, -7.126308303685692, -9.741567573829226, -11.996543555950263, -0.1698193413379172, 6.548323882997739, -7.232749883139905, -8.400888063837861, -6.6938986964451335, -115.41738096212339, -15.438743747373994, -60.986182187129515, -45.642659197275194, -50.95701629098774}
AVG PERF OVER 50 TRIALS: 44612.24
Generation 20: 205272.0 --- {27.26254084618325, -11.547896662684199, 0.26412698111470956, -1.9482002064995423, -5.672464887994469, -1.065410404116164, 9.103866436472682, 1.152989369776092, -9.022627493694179, 5.0159816204761345, -98.4216710147667, -26.695148222570765, -63.51958386673661, -43.41147511698477, -27.90029802758366}
Generation 21: 167954.0 --- {27.284092357729776, -35.791967777694154, -5.658013958296686, -1.489160897899867, -15.193036899825783, -3.423226252133934, 6.59962700615984, -10.518312295657829, 2.5283767921150595, -6.758520472864502, -102.62274798390742, -19.67866643024193, -56.486728958493714, -28.951638337271177, -38.58779013978972}
Generation 22: 163741.0 --- {38.42927292637844, -35.672155244848675, 1.0081197702652727, -26.14545084309587, 1.441187649701666, -10.983117671878304, 8.797668035697601, -9.518906571023885, 3.6651276445582717, -27.543044129568713, -109.9064940206221, -27.133455836362998, -59.601847170801484, -35.82564050029383, -43.33396819573719}
Generation 23: 273331.0 --- {43.47602384740887, -27.431485958355022, 3.9934000822102176, 2.5703317524699365, -6.302342783161928, 2.5545878059000655, 14.03494174135595, -4.687981004255041, -19.761610352343794, -13.564485439203368, -105.15123317572754, -28.40212569291727, -62.52423755157994, -49.19255631158766, -33.53756808375906}
Generation 24: 199607.0 --- {43.47602384740887, -27.431485958355022, 3.9934000822102176, 2.5703317524699365, -6.302342783161928, 2.5545878059000655, 14.03494174135595, -4.687981004255041, -19.761610352343794, -13.564485439203368, -105.15123317572754, -28.40212569291727, -62.52423755157994, -49.19255631158766, -33.53756808375906}
Generation 25: 255159.0 --- {36.67250720514174, -25.104530858937828, -4.871056901679427, 6.019217832173428, -20.03678062816548, -12.136113689654321, 8.702992924471427, -4.447335708450317, -7.4219325935548826, -4.0091566041903555, -99.21811540054605, -22.235870237683706, -68.11736545853252, -41.82683609261448, -52.52566154888607}
Generation 26: 109784.0 --- {41.87045038129901, -22.958971042834783, -22.01790831487893, 9.968113058422226, -10.07497922361955, 9.536032535366079, 3.91763623813384, 3.5712394944730397, -9.951706391042135, -12.198605814867413, -88.86150655153898, -35.385397057737194, -73.73103382670675, -53.48166227164481, -34.518412788382236}
Generation 27: 138417.0 --- {27.09837495103329, -44.5556956126732, -0.1384128017564792, -19.02400650064729, -3.7468435208131243, -24.386660211580597, 4.733773698340994, -13.76204536892342, -9.849023264001275, -18.682405241117735, -113.22723324422088, -11.666889472638731, -52.78756736343408, -35.19147762932661, -32.24275852547252}
Generation 28: 325338.0 --- {43.23520876150748, -41.21665294251271, -1.25310215347763, -11.680586236944476, -7.997645633245346, -15.395158469660641, 4.277006028236238, -21.674401309430632, -7.360701210454285, -19.126575177089904, -106.49470307349577, -32.1986159621897, -75.38195423925427, -43.72837110362981, -35.62822653872623}
Generation 29: 229124.0 --- {38.79252390132655, -40.988617459558185, 4.744036095768369, -10.522831968330491, -17.844654276012502, -8.717327220004272, 1.4949182791569933, -3.3157733381072907, -15.152281951771347, -12.27789046361306, -113.85364845721755, -9.263569495408543, -65.07513017982436, -52.79095551354943, -24.915734053045266}
AVG PERF OVER 50 TRIALS: 75306.4
Generation 30: 289024.0 --- {38.79252390132655, -40.988617459558185, 4.744036095768369, -10.522831968330491, -17.844654276012502, -8.717327220004272, 1.4949182791569933, -3.3157733381072907, -15.152281951771347, -12.27789046361306, -113.85364845721755, -9.263569495408543, -65.07513017982436, -52.79095551354943, -24.915734053045266}
Generation 31: 421765.0 --- {38.79252390132655, -40.988617459558185, 4.744036095768369, -10.522831968330491, -17.844654276012502, -8.717327220004272, 1.4949182791569933, -3.3157733381072907, -15.152281951771347, -12.27789046361306, -113.85364845721755, -9.263569495408543, -65.07513017982436, -52.79095551354943, -24.915734053045266}
Generation 32: 383073.0 --- {35.739569148680765, -31.17149550046279, 0.01285807563439434, -15.285875062531991, -9.577593890014686, -22.47896659236438, 3.8876432209519107, -6.12402470623597, -16.50996322646347, -10.237857440895308, -121.45481138342922, -25.415862718098758, -60.879930852437866, -31.877634207882924, -32.20944180305367}
Generation 33: 369967.0 --- {36.115656086475774, -34.08499134820394, -12.776775137752601, -14.492522863207828, -2.5313474599745964, -19.6621798865114, 5.637276299060586, -20.236210836613413, -19.30477382012463, -11.800498707290078, -116.7297799750409, -20.36180362474734, -71.43708217765116, -52.191159878059736, -26.68975710179115}
Generation 34: 273147.0 --- {33.1471851429255, -47.43195467658241, 9.89455907655612, -14.631132157248192, -2.4736073623407284, -14.20084049979966, 11.710492912991858, 0.7087401400943971, 2.945107541738782, -24.210667299128833, -135.71895311388414, -5.582441128305543, -56.04650843090727, -48.351918079801685, -22.769916387037537}
Generation 35: 413154.0 --- {39.44735809039919, -43.14000799318472, -10.544367330739586, -11.046638714267289, -8.884713918271732, -4.55401675265265, 11.820525468700001, -5.946945490689366, -12.700209984381468, -7.934370304499676, -135.13305667208743, -30.61839987432699, -55.54863917041437, -52.927138113675404, -27.464604594460695}
Generation 36: 458534.0 --- {34.443237143416916, -47.43374615876636, 7.131981335563013, -16.07120073285665, -14.707589345942122, -21.459897701766334, -2.6360027321576895, 4.0036320953637325, -12.981212311018481, -8.662418260730927, -145.7274661700571, -26.970831848234965, -61.96531594896648, -51.04921407745684, -22.881878797070172}
Generation 37: 288816.0 --- {41.79537469689255, -35.261984269127474, -1.4405316914209374, -12.917604573297183, -4.162501948821774, -33.028293597360694, 0.18492549267467506, -8.252118258351997, -11.412876753778228, -11.08507195744437, -157.34479646921375, -24.860665624433217, -60.293372038293825, -44.95536557839776, -20.620072384593144}
Generation 38: 403325.0 --- {50.887007745006734, -54.4722232237325, 2.250110116910896, -27.48123817886754, -0.21937115174367428, -28.097971483823194, 9.378113399274756, -11.658934988837899, -15.831580289163822, -4.9042485340320745, -157.5690232278307, -38.532547134136166, -66.37568488466482, -47.417642530562325, -35.32314227816871}
Generation 39: 653668.0 --- {48.762123804412646, -62.039794329308094, 5.035842099768864, -22.213284808744042, -1.8292382182446643, -28.54365723546387, -1.436531996564744, -0.8993931004619284, -26.23579581408937, -12.675247616271896, -154.85595186366515, -26.530464961011983, -68.57960714518161, -52.09531518506069, -31.494027945622413}
AVG PERF OVER 50 TRIALS: 149506.64
Generation 40: 669450.0 --- {59.823061653360156, -56.32733451044426, 0.19165029419170818, -0.564134174597438, 0.9925704930238615, -24.995927719730034, -1.4977437486168768, -5.36887061780096, -1.9318203283641466, -5.487833666041465, -155.0628170983164, -31.83706074176994, -54.6623837248918, -47.684724041462005, -31.128292352174903}
Generation 41: 551696.0 --- {44.15683649266134, -47.52684979995637, 6.344765841975565, -21.059498523231852, 4.678992311871953, -25.12951188273601, 6.460630564778709, -3.0204695252545974, -17.767545523146346, 1.4676270328016923, -145.479121567479, -35.772115497528475, -69.35316562078418, -44.725323001935436, -36.44211586518891}
Generation 42: 926729.0 --- {51.10305354447675, -55.39295153326768, -0.9082456500753824, -18.09172174831048, -12.901568413518076, -23.156729727378067, 13.360380601138438, -24.12541796013638, -6.155051587498074, -17.16713875628229, -157.96858863047976, -37.240958765556606, -71.0466838052374, -58.44054309987675, -36.54054465568297}
Generation 43: 463508.0 --- {51.10305354447675, -55.39295153326768, -0.9082456500753824, -18.09172174831048, -12.901568413518076, -23.156729727378067, 13.360380601138438, -24.12541796013638, -6.155051587498074, -17.16713875628229, -157.96858863047976, -37.240958765556606, -71.0466838052374, -58.44054309987675, -36.54054465568297}
Generation 44: 342571.0 --- {46.2391114271662, -40.81213227600536, -6.973144565005379, -14.892701752560402, 1.496885898700171, -28.44735871106605, 2.2484784703091596, -8.183703727603413, -27.48333766894398, -6.725392338242044, -169.06568094478817, -23.530388265328078, -63.60489197671293, -50.115312973420394, -29.654964468913043}
Generation 45: 727459.0 --- {47.20341323709459, -44.44339578376598, -1.363615979886057, 3.459217747545532, -11.246639688466326, -18.851175289983054, -0.7364518417162687, -3.155910344401497, -12.84279313131642, -5.578567935030407, -149.3848920166699, -33.22076345864067, -63.2232941700195, -41.49548502276693, -34.06927792769588}
Generation 46: 615507.0 --- {35.88909993980186, -31.648286531015458, 0.41270241327761337, -13.370726635081647, -8.837588817735236, -22.866793206719002, 4.804579382610559, -20.942749966380248, -12.229909622431197, -21.46832874008677, -168.21807290702054, 0.1838994533542575, -56.11257273412369, -50.74478204391498, -30.454795189589582}
Generation 47: 559079.0 --- {46.06421908633277, -35.489891429728026, -12.223781509426342, -15.211536266083465, -10.471638831427573, -24.592663238447923, -4.060512071437223, 1.9121942685746074, -0.008340552710313531, -13.52567357239322, -164.52216559320857, -33.26533840429107, -76.1021012187948, -47.15423094036831, -38.15712863812253}
Generation 48: 313384.0 --- {51.718016363933614, -41.63808105246828, 1.6878416956023692, -17.223625364506642, -6.372049873833447, -16.812554735624474, 1.6033889467143245, -15.355261113107966, -8.156662212654645, -8.507256000814106, -150.41720592549447, -35.54294190335719, -62.708578362572815, -55.73687125344255, -30.29667688699058}
Generation 49: 472280.0 --- {40.61297640350183, -27.15140194772399, 2.2520957956999896, -18.96829156359425, -10.171345073424657, -30.580042607322717, 11.45102208065026, -13.237322940520743, -9.881451583118452, 4.643936140474736, -162.3725797210244, -20.66616461634539, -70.75284685021418, -54.64148630114887, -39.8894070404459}
AVG PERF OVER 50 TRIALS: 201980.42
Generation 50: 697618.0 --- {54.987276554386305, -39.293141418219996, 9.215289658882273, -6.22061009566352, -3.80888725417347, -8.490801947211498, 8.829604390711253, -11.334202355841464, -15.925790426457855, -5.0531446232407164, -165.56513741067468, -52.282691234375456, -50.13740353666563, -43.69782623137409, -39.43285523681961}
Generation 51: 523171.0 --- {48.5718025156007, -28.870503818706386, 5.654260582552785, -8.388452619550662, 3.02316883394952, -9.609990354532744, 13.220265933737943, -30.83534727302105, -7.620496537692766, -21.71336687182889, -159.9236057377875, -37.88651499592335, -64.88480845124455, -41.78424103902504, -41.93089069143139}
Generation 52: 394075.0 --- {52.25988260368305, -42.264951740987975, 10.045462366648932, 0.2207442413134224, -13.336581005287826, -13.16711472041077, -1.4559981289841883, -12.397738408643598, -8.836744081230485, -5.253184668080625, -146.55796527779955, -47.09069154502411, -42.90611228586203, -46.15981861110016, -31.40288699286837}
Generation 53: 532080.0 --- {45.46181586874487, -35.18519233157566, -5.158428786626995, -10.406143500438635, -12.79141066814072, -18.269742783602048, -8.305565661629359, -17.905016732294225, 2.4210468463713752, -25.428620133810643, -141.7625548625419, -29.69194756003839, -87.46516175148183, -48.00034477769347, -47.307391261864055}
Generation 54: 817183.0 --- {40.33615226913223, -33.91313588812215, -10.384666322518889, 3.3292961621882267, -0.6421625099929535, -23.379738369357185, 3.4806177424673512, -9.280660154273262, -2.971373236184637, -18.042071141398118, -185.18880262281522, -38.50120059919409, -53.89925107292883, -46.461353765590225, -36.25990640852766}
Generation 55: 511237.0 --- {44.429864012255734, -38.35514019494734, -8.903745739692642, 1.6923410391391691, -19.190090299155436, -17.56298600667978, -2.031157125725716, -10.43023085858701, -12.580844764414406, -15.887805581241853, -161.05058216406533, -36.1117753051618, -66.32061321713897, -47.30640189047597, -37.976469349337286}
Generation 56: 516283.0 --- {57.015681602601866, -38.51571871586858, 2.087857765720708, -8.09839948446462, -9.391585196132102, -25.339857887558253, 1.0148993596701683, -11.943572085871123, -14.846341515709433, -7.675520508660192, -179.26117000765325, -32.14099422203773, -43.64727411820903, -43.4964316932047, -36.42930803991739}
Generation 57: 447405.0 --- {48.52559172914408, -31.022684871139994, -3.778994773662688, -10.620873642881824, -1.758793225337314, -38.3060899074657, 7.406602535589582, -21.413499999024303, -3.490781679659566, -1.0028401798331927, -169.7955103672132, -23.459257733031052, -45.17819855762499, -36.77806671077894, -28.36163787354119}
Generation 58: 704302.0 --- {43.583291757135555, -29.070491729811337, 12.108032781766294, -11.7565778909401, -8.242219687442635, -43.64595578974268, 5.076137604331271, -20.895285173322613, -12.076087697509916, -2.6179586911133104, -179.13870511977638, -40.19936608985438, -57.58040486955226, -39.924525798244396, -44.63668691745741}
Generation 59: 999059.0 --- {49.99905680243174, -40.89508511281433, 1.9648774844876487, -11.054653040583581, -2.335578688376007, -23.89620834700533, -11.935088477594057, -17.25009767883057, -24.726483051961427, -0.09717816274298485, -185.21301713969, -21.677067185780835, -37.49993966267381, -44.89362683511878, -36.812168243249545}
AVG PERF OVER 50 TRIALS: 114304.58
Generation 60: 308873.0 --- {58.487183941597586, -35.796436159670584, 7.960397542797159, -10.546668977890075, -5.139310619552756, -20.688245824824747, -8.225830920025848, -13.872170774749756, -35.108586765811154, 9.240103240709848, -197.68203374331722, -38.9618084380438, -60.39608798974862, -44.61390951385294, -45.00742751034162}
Generation 61: 474999.0 --- {58.74920082285571, -34.13053772753225, 3.9938096945768256, 0.22653721139604155, -1.313612725892166, -33.53078876899663, -5.7924735928187445, -20.324255940391982, -9.351632635384476, -26.98361752576249, -193.380029610609, -29.253499498791463, -74.50788235641826, -60.11781819252288, -40.829249896882}
Generation 62: 587423.0 --- {64.71138409826858, -50.58049248499909, 3.5575162363969315, -4.180584412614946, 4.518016124982717, -30.030470829514627, -12.374654463589728, -21.801372116041605, -29.701624019341338, -21.93741603069221, -198.40049137336922, -42.57673083439563, -60.32708572041122, -49.510112518611415, -27.895044071821715}
Generation 63: 1081191.0 --- {68.36682511309077, -49.64548467698823, 7.93786019033027, -8.235555056308563, 4.900418641167651, -22.58611447416572, -6.515855135639885, -21.491057740895144, -21.112756907934724, -20.014683606112172, -195.37427688663928, -49.33099022441692, -80.30502342709107, -61.171185400949746, -33.46448130473147}
Generation 64: 488065.0 --- {71.0008157854906, -59.14020981754506, 3.713852328805711, -11.084895178604125, -8.702609691982186, -39.059009594423365, -16.60231474281011, -36.389663538224646, -22.4109913187088, -7.556964453787437, -192.85334644492806, -30.322893690462852, -55.81340360723799, -43.475032343047275, -32.18910318139648}
Generation 65: 686330.0 --- {52.872458665502045, -52.8716322999191, -9.341480043879795, -22.33639592160128, -11.980371106097056, -29.83532127755773, -10.256149660277503, -10.590988490059033, -23.64489680389218, -29.50892136350725, -205.88750755359223, -37.91989450798496, -72.34154549711857, -53.83749068026135, -41.17640301440292}
Generation 66: 428463.0 --- {65.95336677658425, -47.05744951351536, -14.746826590805993, 8.299338097362067, -2.2194811741820946, -23.769675287969815, -2.1594264631623243, -14.767402253920366, -7.632874210078533, -29.00314302783052, -195.60255032109458, -19.09799325286982, -68.85535314153502, -54.05734552818006, -22.82085066034393}
Generation 67: 515257.0 --- {49.463117012959906, -64.81870490085713, -7.3552449732935585, -11.960403004970182, -18.9350683491594, -29.965586179305213, -10.113276832875252, -34.85659687661375, -32.96311366180622, -12.616202293061784, -217.16103108139913, -37.509180199866826, -69.48856889208469, -62.29893396738969, -38.583631601279144}
Generation 68: 920353.0 --- {55.032070808027875, -50.49334930756628, -8.6601531590278, -7.823382430647981, -12.47772442523279, -22.68850669445147, -7.4292503919770585, -23.25420420613467, -24.67112913678625, -31.262501676703966, -201.09124607863234, -26.31189505227122, -83.59349731925265, -57.61672630974388, -58.2429605065869}
Generation 69: 783091.0 --- {63.430831020227885, -61.989272204478446, -3.100826258852649, -1.0434452851338758, -1.9097940300012386, -31.54042035747114, -11.933108827721274, -29.184997728058605, -14.714916420854657, -14.611976705134838, -218.01665018111794, -38.10758860032698, -70.62820276205618, -50.27726686683167, -24.86393328124022}
AVG PERF OVER 50 TRIALS: 179890.26
Generation 70: 727937.0 --- {56.21296501818299, -49.201823102583866, 1.5579333619217315, -7.63496486343607, -15.598959252370845, -23.44047386602449, -7.996572148341339, -40.31353572910747, -2.506417143076783, -18.599022381708195, -202.83602284113422, -37.0996755837753, -69.86971900416222, -46.71230281527234, -35.979764141962214}
Generation 71: 371489.0 --- {54.63011276818453, -54.417823316714944, -3.3241925924407236, 2.7169880479992985, -21.869455203421992, -39.33929005602897, -19.86444387457215, -28.57575260026161, -24.539210020556446, -16.612317860364797, -242.47116865191074, -57.10866515948142, -70.53741014413004, -45.29775259958227, -45.34333452606393}
Generation 72: 781746.0 --- {67.54555498597881, -48.33329421972453, -13.684552231984734, -6.921150034012543, -13.859709805273035, -33.61518963695728, -7.864371322240406, -23.90704272795941, -2.026800829263296, -20.290432975603267, -206.866471311475, -33.787454828985695, -63.751687872196854, -50.444226097137935, -23.506746614652915}
Generation 73: 1181978.0 --- {64.93814857260554, -56.01120978996536, -12.580902014439243, 3.603870725041612, -10.14469091126411, -23.550667263913496, -17.71416727402068, -43.08577950272571, -15.894443567264483, -27.156321898461545, -233.943713018437, -43.594755990907665, -63.5229356046655, -42.501880074780104, -43.408679762603015}
Generation 74: 617103.0 --- {64.93814857260554, -56.01120978996536, -12.580902014439243, 3.603870725041612, -10.14469091126411, -23.550667263913496, -17.71416727402068, -43.08577950272571, -15.894443567264483, -27.156321898461545, -233.943713018437, -43.594755990907665, -63.5229356046655, -42.501880074780104, -43.408679762603015}
Generation 75: 779672.0 --- {60.88289687148793, -53.723948526523316, -8.525868022423873, -7.18210060536192, 3.672122414564951, -38.45061796995379, -9.403723070090717, -32.30284750272867, -8.52412080912147, -16.179263158444925, -234.72481228517498, -45.67667788910052, -76.41213397701465, -42.6501044394116, -38.86691922145904}
Generation 76: 1212731.0 --- {64.81051644549555, -53.13065920810356, -8.387012772824335, 1.459853711780636, -12.172316816428488, -27.310889473490853, -21.612396365702246, -30.442332507116124, -25.599696008541663, -29.55273899182984, -257.89211512535826, -60.02029626905745, -63.98162028259499, -58.0904328844223, -34.92081472006757}
Generation 77: 692308.0 --- {59.92149761088139, -53.94160842360142, -2.0343503829661396, -15.039276135145474, -14.414261480858322, -23.63593353240237, -13.02457557001373, -31.747997699940626, -8.593993843937373, -14.503700481351324, -238.0726527451658, -38.267991001788324, -61.98438387356744, -60.73291925193887, -32.763185105994836}
Generation 78: 1705271.0 --- {69.37008408366412, -38.82161097015337, -10.77348926602658, -9.406854540924941, -10.43003692248391, -30.950171546655593, -23.385944130964837, -32.767718701784766, -38.59299263970975, -27.01497672974025, -249.95586792014015, -33.93713335448535, -76.64206163290442, -47.34299705084517, -48.92798597490697}
Generation 79: 705507.0 --- {55.26573569550307, -42.743828760531336, 4.086797462847073, -10.801745183307773, -4.077920287586324, -49.967890054134706, -17.91669477166478, -39.16280255494421, -40.19803607390815, -30.164517113311938, -253.66498581028762, -30.697856229441285, -85.71883748547084, -49.02510009193369, -42.07488252525824}
AVG PERF OVER 50 TRIALS: 282455.86
Generation 80: 1210484.0 --- {63.40964683300597, -53.849902368292724, 8.407669619165425, -10.65251677568498, -22.08432526519762, -56.19944128032053, -14.448494044956798, -36.59865444742407, -14.842239956538856, -24.308354217905976, -220.31545894037149, -44.10925927039907, -78.0566852177908, -37.323472009900264, -40.23900305849087}
Generation 81: 1081790.0 --- {62.219101374581435, -57.14736074048048, -3.7025988470601927, 1.8157002219435725, -5.715790145743958, -50.42825643156027, -13.77822435727286, -28.53212496106793, -40.99084811953525, -27.95407886763662, -242.25216867784968, -45.20030525226414, -76.85041337577272, -53.828417957855436, -42.43563198586658}
Generation 82: 772098.0 --- {63.62389828543866, -61.50855547718396, 0.45414760733093873, -7.940495837929607, -10.894589549620706, -52.74161005050989, -6.2776674183065975, -24.160985763900978, -16.123115551064487, -44.33365757045605, -228.51953307967148, -51.207919275834016, -68.21410063223803, -46.53932555671583, -43.465082845931484}
Generation 83: 1521481.0 --- {63.62389828543866, -61.50855547718396, 0.45414760733093873, -7.940495837929607, -10.894589549620706, -52.74161005050989, -6.2776674183065975, -24.160985763900978, -16.123115551064487, -44.33365757045605, -228.51953307967148, -51.207919275834016, -68.21410063223803, -46.53932555671583, -43.465082845931484}
Generation 84: 1121081.0 --- {72.44341844218555, -46.64454666971464, 2.0367793841111848, 7.841993340502796, -19.56691245356553, -35.02708279291638, 3.469994195133914, -20.269348904143737, -27.765410785139355, -28.91656851971991, -217.50310914767283, -46.09630538397897, -75.80780596270593, -52.009206602464374, -42.11957524202839}
Generation 85: 1269705.0 --- {64.89482676499155, -57.03801471851213, 10.200138420132399, -6.608323809285655, -15.920724858029299, -42.137096742569966, -10.869814437699995, -28.683623819254368, -10.781374891357721, -18.171705769863, -224.4398773219063, -45.81235518000402, -71.91968420260753, -43.1404507605831, -59.45681652480756}
Generation 86: 806479.0 --- {64.89482676499155, -57.03801471851213, 10.200138420132399, -6.608323809285655, -15.920724858029299, -42.137096742569966, -10.869814437699995, -28.683623819254368, -10.781374891357721, -18.171705769863, -224.4398773219063, -45.81235518000402, -71.91968420260753, -43.1404507605831, -59.45681652480756}
Generation 87: 878319.0 --- {48.57053098836777, -49.04216883870937, -3.8721017290116873, -20.818687514200633, -4.668910836090558, -37.15327111316758, -5.574055328690936, -24.457062853146425, -28.152779240331043, -25.870884527219054, -240.6331779714968, -30.01283791096138, -83.3835376285054, -62.80998129275477, -55.51523909065885}
Generation 88: 544838.0 --- {48.16598755824714, -48.25052065993796, 13.562557348553645, -3.267819442663072, -21.82304090118255, -59.20287642365837, -25.907282734199235, -23.314069739541083, -20.228524794775026, -27.55073706545433, -241.2218386408216, -44.78434903694804, -54.5465860076404, -33.55982519710639, -34.14854619999751}
Generation 89: 785747.0 --- {83.74189641893153, -55.19234409691706, 12.043401268949435, -14.319646990462296, -0.3432992548753777, -51.920491354876226, -23.97308678801556, -25.31914338516179, -33.258299662553476, -29.816592500116336, -239.2508869707723, -59.270138004337426, -79.3413598806365, -39.416325076461504, -49.32070124137396}
AVG PERF OVER 50 TRIALS: 384941.72
Generation 90: 1319396.0 --- {75.7754364541737, -70.27801503806886, 6.562448377803442, -20.328398314817488, 3.1103066269430615, -51.76982829504979, -32.01053754793713, -30.130862958227066, -36.28729421448006, -35.17235955192632, -244.93625257742033, -46.73390499598079, -64.60994297220199, -36.06172818136431, -33.47949146515285}
Generation 91: 592985.0 --- {65.81364758596943, -46.139361698340466, 20.195611828843226, -18.377226898956298, -4.4517255426368925, -40.830668157504356, -23.54975212111245, -36.17032702187317, -27.769367717650365, -33.54843482248271, -238.775091340753, -44.87996129820809, -62.06066137551704, -43.912302856975586, -36.66496570204195}
Generation 92: 1071429.0 --- {68.80290013024491, -62.45512124917288, 1.9785974069821357, -12.020573125344262, -9.307479886312734, -39.677020071975775, -17.124995866484852, -30.89811440906461, -22.966007106233416, -37.69123353944153, -249.41955846652618, -52.17783041930042, -69.2288643094201, -33.11754225291405, -54.94735551810555}
Generation 93: 1749491.0 --- {87.90505386248184, -58.06825915607753, 1.5952834872663482, -9.807433682923858, 4.179870271510113, -52.29977064546264, -23.78912051530252, -36.33717952909126, -35.7468182771811, -38.3453109912234, -263.6641681962316, -41.510841016849035, -66.66087551384774, -34.74290794239205, -52.89045444756486}
Generation 94: 1514139.0 --- {80.76123084028993, -59.18087039592504, -13.709668379118177, -10.33150019999718, -0.6985980471804512, -52.38327552512687, -19.21103841088632, -39.904055477327105, -31.413755863450977, -36.20539566961813, -277.0131371304301, -41.90865527512985, -56.77068947567674, -45.71026959435844, -45.65556141351547}
Generation 95: 1011553.0 --- {75.49082493574832, -67.32555649682976, 18.58134514015468, -11.016642700876051, -18.29108083654372, -59.44182717322233, -18.34903880435088, -35.830610871885746, -12.778709052270628, -26.212294442754533, -253.0200086410563, -59.44022503862239, -63.97432216585433, -31.75603586508449, -58.5481787612304}
Generation 96: 1437773.0 --- {76.51154147223451, -63.00139567733472, -4.011867050941994, -14.42809047937084, -22.727242837724027, -56.63746348213495, -12.291530587888534, -41.50089162349769, -23.767387430309842, -38.57890375218343, -268.5311045936117, -57.481332887563134, -74.40133891275843, -37.99141323818265, -49.922298408625714}
Generation 97: 1589677.0 --- {71.75751212714844, -48.0860095768989, 11.806073345488638, -3.4474126757236263, -11.409243124867922, -52.58537320385964, -16.608103638603623, -34.655830218728006, -24.94045514539963, -30.37122946403062, -263.2585388610762, -58.494584337686774, -68.27503830383613, -38.85913403059197, -51.06733440776802}
Generation 98: 2763085.0 --- {59.73003880589026, -52.76845638947787, 1.574386469359585, -16.750184854206925, -7.19928972265457, -55.728874480638716, -4.54360978035505, -35.18174102167349, -24.697415765378555, -47.22278014339123, -267.9061358319942, -58.599093972709774, -64.0975838346187, -29.067383293846596, -53.08526221540372}
Generation 99: 1406191.0 --- {71.7705668660996, -64.14476287336068, 1.824113550435958, -14.132228081450648, -7.909607591902166, -48.827626197487135, -11.540070059539445, -29.286363574570963, -39.95928023747254, -49.26567165630668, -267.49442694834096, -65.56948885833037, -63.49295326676742, -41.347883292477974, -41.56346168259213}
AVG PERF OVER 50 TRIALS: 237570.2
Generation 100: 1612803.0 --- {64.69531941642786, -54.04809248182689, 11.023976453316244, -8.203390416920529, -5.0806793028436035, -62.03608843640809, -19.07060265676793, -25.1277364103689, -27.12122362898208, -36.09622540639301, -274.4231801450928, -56.285105490592365, -39.71586308517899, -30.377103687828072, -49.83700245715343}
Generation 101: 862334.0 --- {86.85559768842656, -65.90809823560669, 6.239046926555468, -12.064134557642006, -13.436543494747532, -40.249701115034945, -8.616738251109018, -32.59956448627603, -15.550119265445428, -48.48265607611338, -231.019691820784, -59.98652107648235, -79.69900887893958, -40.73591556388202, -54.60512342697339}
Generation 102: 931975.0 --- {86.85559768842656, -65.90809823560669, 6.239046926555468, -12.064134557642006, -13.436543494747532, -40.249701115034945, -8.616738251109018, -32.59956448627603, -15.550119265445428, -48.48265607611338, -231.019691820784, -59.98652107648235, -79.69900887893958, -40.73591556388202, -54.60512342697339}
Generation 103: 722431.0 --- {67.81745075509403, -50.43260789744336, 14.099909333402374, -19.646719775918516, -5.195363697456385, -55.77589094577526, -6.817143190493838, -13.475430564897135, -29.006260687477436, -50.82158988119882, -270.28205331391405, -52.78302888597887, -72.0296926210949, -49.66771346482475, -59.309825056715084}
Generation 104: 920292.0 --- {67.78248570335282, -57.45767740682057, 6.025299859840748, -10.13614860839246, -14.248686132621387, -64.89826885579264, -16.627324488810878, -27.992796779717466, -2.7412732276647365, -52.14099536568701, -249.00662649366475, -56.48440916458521, -77.97015418679104, -34.97993406986463, -62.22421822318352}
Generation 105: 1419337.0 --- {75.80195098863261, -56.09271515575329, 4.004784666089358, -21.760831305991466, -1.8387724596297446, -37.620223191493196, -6.383824332866148, -22.907938288013053, -29.00186752476406, -31.204784587116784, -267.7123458562209, -45.97261059307658, -61.27670505870536, -61.640843400906505, -51.919610819474805}
Generation 106: 825536.0 --- {71.98635290654897, -64.37113178592155, 1.8124776557616782, -10.211224855317871, -6.891001938876597, -72.8082806823484, -32.18507074954702, -25.96868481212479, -17.955327270600236, -44.15241885116556, -255.53668490383632, -51.3535567652954, -73.232635670443, -35.722396483255885, -55.8274230574926}
Generation 107: 1082215.0 --- {71.78198964437584, -73.24429128260373, 13.797738375087507, -37.04200491289262, -3.0875109085337398, -61.61635064075535, -17.17083845880627, -36.669198235759765, -17.54344412050551, -29.48193833777353, -260.99651107638937, -52.84659875320613, -70.34188921978374, -45.12927192067976, -58.60547205398392}
Generation 108: 789620.0 --- {74.10986390355545, -50.45971963774225, -4.084984162396893, -13.15209950294159, -7.861555455430114, -33.05076011957207, -9.181294324712777, -17.411407740965245, -25.799418427343742, -32.06436199200584, -259.6777964748281, -47.62302423576503, -77.84592808070988, -63.24788043929428, -55.11202838203782}
Generation 109: 969041.0 --- {79.48968655338201, -59.055150367498015, -4.114371118307664, -11.584852766465586, -2.92923766858088, -32.41737017450758, -1.6070391818790917, -43.97707997530304, -21.3013714588932, -18.914128000470235, -251.27974485092423, -40.43104361257248, -79.57130041569337, -61.279577586314474, -39.83535233752444}
AVG PERF OVER 50 TRIALS: 334743.06
Generation 110: 1654526.0 --- {79.95878211809728, -58.113070104007356, 11.888444398758777, -1.3155667250961436, -18.577301069371487, -49.528208748105385, -7.604482917149644, -21.778550019553382, -26.2702013929116, -33.195188538465885, -260.89019669734364, -64.3173398058284, -65.55069625124447, -46.424067269481995, -42.7461920855434}
Generation 111: 1389076.0 --- {79.26603459333606, -56.86575833546128, 7.740490725585318, -6.20818771880073, -8.807782721689208, -55.55254119934813, -14.49692224420535, -26.662996372272467, -27.4624357635413, -40.3199594356642, -255.42331192894923, -69.98778559546523, -73.22183045461172, -43.88081400192729, -48.60485770787714}
Generation 112: 1140874.0 --- {80.41620109958862, -55.39556681043118, 5.176900425546212, -3.4905137885177773, 0.70997231336505, -50.634766098523635, -8.222995071843602, -26.572896082174097, -28.03252150803723, -35.749890409712215, -253.18186524213206, -70.64303694722099, -72.4511103518265, -42.34171062717332, -48.381892508136595}
Generation 113: 922422.0 --- {73.44005488172748, -82.51181218161182, -0.4471224769378046, -1.5461223123902474, -14.88247601800435, -44.91994437572537, -6.159957940962252, -46.56911963213028, -15.618360024601937, -41.84842639403465, -258.36239522453695, -65.42894108705701, -85.08592451067847, -50.54027051668607, -38.134721980922635}
Generation 114: 1259308.0 --- {79.55148426037854, -56.861910191257635, -1.45682152783743, -14.682695273141743, -13.176525668643771, -41.47282691513374, -12.612861278336673, -17.78074807246988, -9.91700510210969, -28.61847235594626, -260.0187898750509, -54.221118427583775, -55.65212967772575, -40.44941556642734, -74.69900987318604}
Generation 115: 890346.0 --- {74.96327939371834, -56.70127395071036, 7.810968993984833, -2.0121911643017762, -6.113755015442884, -58.729212305561646, -3.5821786215595592, -46.8576033073556, -17.735093017989442, -35.12231338768438, -265.3411892420977, -71.20729538511581, -68.4014172388817, -43.037622405680594, -49.94218031312801}
Generation 116: 1006130.0 --- {74.17677930206735, -74.58365717220587, 8.978346056684495, -19.174501197063755, -4.096153216323106, -48.98946272429905, -14.993966347638036, -42.05486313770502, -40.50410250891931, -32.803570514037034, -256.8138446283994, -64.88374209674504, -81.61119107039111, -50.24345274693743, -33.11767564099168}
Generation 117: 1104095.0 --- {70.8077703299928, -66.34297955490672, -4.571141367014681, -9.715688126133916, -9.782441655698998, -56.46199677197324, -10.626341739198935, -49.85997812542779, -18.44739096597134, -28.637048216148692, -253.32784981261142, -57.12606754711302, -74.92577688460958, -45.90304845359431, -46.026378216764805}
Generation 118: 1426857.0 --- {63.93587900547712, -53.417130342997446, -8.927566986438679, -13.893998348749989, -11.87955360833243, -28.545900878899023, 4.777274536675272, -32.449402361641866, -22.53570930059159, -28.209113626045443, -259.36674110341147, -60.3181673518169, -51.486645549095655, -53.89587529182872, -56.85616339470804}
Generation 119: 1436556.0 --- {77.04949950822748, -66.42972952495248, -7.606003319683277, -7.584122699218866, 1.8400526312190042, -38.07189385845067, -2.9361861964837903, -40.114186662986135, -14.153247290119367, -36.14354307406914, -259.54646577762617, -59.068433789434415, -55.900469090675244, -51.27188693602485, -48.906443659117535}
AVG PERF OVER 50 TRIALS: 245256.7
Generation 120: 1074734.0 --- {81.55137868260141, -71.88930333128975, 11.793890943591604, -17.141006488890888, -26.66678172081961, -49.894489532785926, -31.790824674201126, -40.44060537694611, -27.00836010919983, -39.731409294949984, -271.4279571606317, -54.28894977392046, -92.99497865007321, -44.67491010658744, -56.5105587020641}
Generation 121: 751171.0 --- {70.61478351638176, -60.58243483459737, -3.2586752148115896, 7.433493863129044, -10.965886368782352, -48.6427983319723, -11.597986978006235, -28.63735773756402, -3.495751734145159, -32.5016083467369, -261.3046056549643, -41.85636268025634, -86.00570333104054, -47.42230043132698, -56.67208813123715}
Generation 122: 784671.0 --- {66.26905107888935, -63.800041045956334, 7.096211059078197, -8.567543738308487, -5.60182085822332, -42.93890860146202, -8.889493036010272, -40.764073619324215, -18.056135190240134, -33.95601217577409, -261.44367024032283, -48.45299846369081, -70.81315982225621, -45.412728449367435, -59.062331794181915}
Generation 123: 1723695.0 --- {69.82665318913844, -58.686487802390346, 2.7644516798242895, -16.687207726793716, -10.112092654232939, -43.01753327472558, -15.064120381291676, -38.439331820715466, -28.061803809554437, -54.17280876358747, -268.7933854891019, -60.42469348544142, -71.52114493979165, -41.04574531452997, -59.96713555116227}
Generation 124: 1610781.0 --- {75.36724796304607, -54.71308552066971, -7.41635346733408, -9.135723434392117, -12.532654460704585, -45.938786613498294, -5.070623375692872, -33.74864221826656, -23.353012971634513, -38.06270955656258, -262.2003466135356, -47.286000922902446, -77.16447575816379, -49.24114641290689, -63.97509459310222}
Generation 125: 1475914.0 --- {80.88655415653174, -45.27465765097871, -4.583056652702598, -9.366619348687538, -7.895342094165069, -41.8702137867619, -13.007677732204082, -32.97125724802201, -22.435485471846132, -35.865654928358595, -271.4729341593915, -62.009208003201444, -77.96376440668406, -44.75984706732616, -59.846079710120485}
Generation 126: 1432098.0 --- {79.15827335714295, -49.069301398191676, -11.14556039392637, -7.273035624859739, -13.276015254879105, -42.573370888153505, -5.827112628309807, -23.369688690232916, -20.829387890251386, -44.63325693906485, -267.02034421164683, -52.61256749302324, -89.68173859039831, -50.91179341070864, -61.810233080174456}
Generation 127: 1181391.0 --- {73.95536850350766, -46.12693985180921, 9.329597188578312, -6.866294838419956, -18.26690394213859, -46.986889348713106, -19.24504910708095, -42.6529058739556, -19.688816355223395, -48.92168729657023, -272.85445127505915, -69.30485783405265, -88.46211161551778, -47.21622357062023, -51.23313226410263}
Generation 128: 833418.0 --- {72.33504255074043, -62.51472899922304, 11.61504537429269, 0.34097070896259485, -13.701768352886182, -43.50447889355237, -0.9317758980518143, -43.02384927147883, -14.357724730408531, -43.79541550032649, -271.0565226587711, -56.18830216980789, -87.58400764661717, -47.41798936052944, -57.8798740661234}
Generation 129: 1445239.0 --- {75.89782271595878, -59.842637427323105, 6.809283164845329, -8.430626129518146, -5.681411579471235, -41.55887268062769, 2.1297533178603647, -51.83502132845471, -26.861869886001884, -33.01160687013412, -281.6102264812002, -62.31264235003583, -89.64171741618107, -52.840244550449626, -59.94939287340964}
AVG PERF OVER 50 TRIALS: 252663.78
Generation 130: 1959123.0 --- {79.7543719222178, -62.21550054104668, 2.8467918292084438, -21.13101455724444, -9.70119054202453, -48.63143942445636, -21.06288038671328, -43.735778400003085, -12.356188502977624, -41.66894549702456, -276.44618570301316, -65.49458357125322, -83.22777592173874, -43.915817692323536, -52.798625307354726}
Generation 131: 959651.0 --- {81.9364272463114, -67.60237762581848, -1.2453486209868085, -8.415484408367542, -7.218490315231644, -40.771059565925874, -21.213047045687826, -55.71646348392508, -34.564210973567334, -50.0081566516741, -270.75943253039657, -69.77757926434778, -83.28186063232437, -42.12749527797264, -55.56868258811882}
Generation 132: 1826197.0 --- {84.19896815784001, -64.42355039240483, -4.783558737214998, -12.581610404842447, -11.338214243418854, -59.31135084619859, -16.780089151821283, -42.68765283004548, -31.218056396737175, -41.85996639241647, -274.19394051278243, -69.31039717945174, -91.2752337459807, -39.7070628608705, -50.72452271950618}
Generation 133: 1216424.0 --- {76.35868708305459, -55.10704508498544, -0.9733525422640437, -8.397901131905867, -20.30350145394751, -66.28809832240586, -26.484387828773194, -36.00054439300439, -32.263383545069985, -37.82382936655869, -262.4397388377812, -70.49722703295694, -81.05089633830337, -26.42088520322496, -52.85136828945248}
Generation 134: 1420509.0 --- {94.40198287954496, -56.296312765939525, -24.217837970981492, -9.387595649057864, 9.128445506575698, -60.79987351245277, -15.866425612529987, -47.353626897099886, -36.99221166664782, -49.00555779408033, -266.0809591620425, -58.89487096446997, -77.4162782249976, -44.365607649205856, -45.23589475045978}
Generation 135: 1306146.0 --- {80.94967751573526, -59.311902073551565, -6.019348521108468, -0.08386956937709389, -3.4169808002564523, -37.019201132049844, -1.647845616234516, -32.51553109814256, -37.70267079648228, -27.2953856505601, -267.389984205574, -59.182750994970824, -70.90467694402342, -50.507087615648565, -61.388260701360906}
Generation 136: 872685.0 --- {97.91504239891795, -56.35666334095956, -25.10394638768862, 0.6627215921041119, -13.355333251259417, -59.55531212771578, -20.215843528253185, -53.26680516221133, -15.384181637488233, -48.37417912876608, -264.8208585664744, -62.72492405286499, -88.81675506595423, -43.12635894721558, -47.48393855664071}
Generation 137: 1636217.0 --- {87.56758996667818, -52.43472996913503, 11.591548405877099, -3.7168838188953237, -12.106750759263143, -34.376742123937035, -6.62503077655089, -31.553136838482498, -24.017045848925186, -29.38932290440723, -281.8878993416336, -67.50719304107942, -80.93067170696212, -54.95001041009996, -55.886907821619644}
Generation 138: 1018603.0 --- {82.57915284993473, -63.36658046299075, -9.183063536809215, 7.292310300759999, 0.02562741019924175, -41.076100694964175, -8.350419146000215, -39.14995959183524, -28.541727404082785, -28.279276386070407, -272.8253925804725, -70.2459979625877, -79.91394212523143, -51.71655548372085, -53.791670350862276}
Generation 139: 1132777.0 --- {72.02541083064521, -66.65564456705044, -0.19528506909440813, -16.35272413369881, -19.94600511432604, -57.31512172047579, -7.629517518384805, -25.08053157394805, -25.700870590760534, -30.574747495422177, -286.8892896648327, -71.49868397815955, -86.42413144694878, -57.17449044549083, -40.84918808562283}
AVG PERF OVER 50 TRIALS: 262183.7
Generation 140: 1250207.0 --- {89.85214665542827, -63.768436513237454, 12.189405474875333, -9.800805916239735, -6.998054986320728, -62.14291010293387, -11.066627397320659, -29.040891392760933, -28.304532038279028, -30.01579145183137, -265.1092791709482, -71.7749566979934, -83.79163363859962, -47.1285913326346, -71.41892081584368}
Generation 141: 1470517.0 --- {90.72925139694084, -59.573608628405296, 13.589324590061736, -20.139397493278736, -1.3652863069298489, -48.32782811343621, -15.839281268551195, -29.781808503243894, -31.241292710892395, -30.408411501218158, -254.70987827322116, -72.6659680375524, -79.69199412173015, -35.49470413439794, -57.46204890381487}
Generation 142: 954530.0 --- {78.65471808535065, -48.77352704016723, 0.9857028218025203, -13.771362867527403, -12.098701917558682, -35.23411651976826, -31.731541375740996, -21.072528909094082, -24.232548406214505, -40.52943877772309, -266.67367868697227, -64.42837689344886, -95.37285717893889, -51.91593447804351, -48.12212552743647}
Generation 143: 2162965.0 --- {86.41783950161839, -54.19992627487749, 1.0669291593098382, -18.151194617982533, 1.4495241302990083, -48.764514154570136, -5.647441974168305, -33.87607482668355, -17.46433357203667, -28.995091971949318, -268.1448795155985, -56.73789183672276, -84.14596278124853, -60.71282823915669, -42.64649486510897}
Generation 144: 1506233.0 --- {76.88345152328297, -69.36418384594496, 9.691679207958561, -3.745653456297841, -6.009013740086483, -42.975380505129515, -14.926238070873676, -13.830018043755983, -16.962328944929762, -13.839324853420035, -277.7466815376265, -55.17291777239898, -83.15793637295619, -60.139523037813106, -68.52675711334152}
Generation 145: 1147177.0 --- {94.62781340076381, -66.4481084147126, 16.759024691760004, -16.922703506451455, -5.850842167786311, -54.74147577732991, -4.281774298926027, -33.54122542298171, -24.696258869521838, -36.922414754550985, -279.7545062433028, -67.84626256672416, -82.88761013855112, -43.2583619650184, -66.53131092429291}
Generation 146: 1297924.0 --- {81.66234023463052, -79.45407696384432, 9.435650499338399, -19.004431893705423, -14.338870531535731, -49.46106281642883, -13.8757874766791, -14.722185908838703, -13.42949352838567, -34.651412490516734, -282.6380415725281, -46.09643374306237, -95.67573365381122, -64.8266663720158, -57.881093273915674}
Generation 147: 1189629.0 --- {64.52640233367381, -64.69929294107601, 5.1926273693924365, -22.348858560467214, -14.111703390677405, -45.53403790988507, -10.942819922652625, -0.4497772765994874, -10.623134147884937, -11.951377684747381, -280.26473936859844, -54.69051281807506, -84.73078119824227, -68.26060405560523, -54.86880441266848}
Generation 148: 1515664.0 --- {87.66277522435745, -66.13757401184988, 12.489592668982294, -19.750202049422157, -15.286764211971864, -47.450521600235966, -5.076812992582013, -20.223617940379853, -26.046111463506406, -47.313692689909914, -279.61585882138013, -58.768334287988296, -116.3224757751143, -63.06293856821358, -74.31474356032656}
Generation 149: 796046.0 --- {74.82710484716604, -54.5737469595839, 23.382408975216766, -16.087005950941872, -5.987940086384586, -55.3903186071, -13.653269420127407, -21.63512803827657, -17.627478481146472, -27.521833206614915, -252.9444262668526, -65.94105265831051, -99.56433144072946, -47.60914019500788, -72.90822171544177}
AVG PERF OVER 50 TRIALS: 288862.58
Generation 150: 1444901.0 --- {99.4684017847142, -63.44518301830776, 5.175921932501015, -8.320501187593155, -6.533556004164035, -52.92478954248856, -4.88795174866056, -17.808042910689085, -5.248883780602499, -51.7117330589203, -266.42225492237577, -78.32494689115119, -118.16623586493535, -55.89867962139614, -69.69193689074112}
