TETRIS: height 20, width 10. Noise: (50.0, -0.1)
Generation 1: 36.0 --- {-17.175544186012818, -5.208966833040249, -6.837140999304068, -13.288757625134828, -5.483132272435593, -8.49970875115121, -11.327137918265608, -3.0634786339796256, -10.10476076040109, -4.383059895856282, -8.67783300011501, -4.290489869200493, -22.657896354731214, -5.987188893306339, 8.440948556606548}
Generation 2: 178.0 --- {4.0623875836126, -4.9126200036344505, -18.85573875239068, -2.943996156103924, -0.8492634494975116, 1.6937405494944144, -29.88934295945788, -4.904120704627413, -16.791663097639457, -0.9996804297310329, -4.993365790340436, -11.926088369138624, -24.79592392261793, -19.96973018212033, 8.510359828892135}
Generation 3: 393.0 --- {11.72217145442052, -24.217493323108183, -34.257160381152396, -4.637674885192804, -20.938271694661587, -0.9811230238752193, -33.19777227352291, -4.968115410524277, -4.6821390771939555, -7.136125867794384, -20.561329693773008, -14.624157492770165, -37.002319873446886, -25.45203517305907, 18.973534464156018}
Generation 4: 623.0 --- {-1.58977352370243, -27.085784586502893, -25.74126610467267, -18.44292857006623, -11.50090225483757, -9.239435021905287, -17.663948995937968, -11.133350696124166, -10.870290339781178, 5.9395954682374414, -4.57316748380256, -16.091397907342902, -40.33048581430417, -25.744075095437537, 6.540588152825329}
Generation 5: 1102.0 --- {13.612915617979933, -20.62391722409678, -11.073137434512795, -25.929378767960245, -20.871282758746602, -9.68341254921373, 4.306681440248681, -8.652142859191613, -2.255942089436214, 2.991058263126936, -33.58107978745387, -27.118893087096925, -23.51808140574853, -26.51462816680094, 9.798753246545607}
Generation 6: 2883.0 --- {-0.07806164182607378, -36.326634877964096, -29.23296694279369, -30.655197247856943, -20.52042174364437, -6.271005331556741, -5.695760961920698, -8.656104332354024, 0.13767952540731265, 4.279750892208474, -28.431867642032294, -31.85720435881142, -27.08521723940486, -23.72133715946051, 1.3517836642994974}
Generation 7: 2425.0 --- {7.6495667203524675, -16.282400504586594, -22.12015638058867, 17.80905256874339, -3.6233423464546988, -12.257066080670592, -7.763278441951963, -6.32081649992365, 9.559639287525968, -0.05898011282736798, -33.45852330529227, -4.611101176677915, -42.341024794130036, -27.12871204067689, -6.5421689779499275}
Generation 8: 7950.0 --- {18.812129861358336, -24.885971281272454, -8.415455053575316, -2.698263620922787, -6.109289261155601, -4.44813384690872, -8.81250199980505, -3.882647968168474, -7.102027929126146, 8.41300878981527, -39.46383801119876, -8.701434106529556, -27.810692640400568, -28.916418112423386, -1.0655984113436248}
Generation 9: 19977.0 --- {13.713044678206089, -18.154852394696185, -10.013376218309356, -13.919067014023362, 1.5582965944795237, 0.4039467539566237, 10.965943468568412, 11.709830528026426, -1.3047714498918974, 12.174986594101284, -28.874439387236986, 2.773330276942321, -44.14367388581853, -29.280905639450694, -16.100223039580992}
AVG PERF OVER 50 TRIALS: 7759.96
Generation 10: 16578.0 --- {18.85904311754806, -19.32960919445559, -9.27834825222872, -1.6948974786288353, -9.960236296922758, -4.680410151789095, 6.983150259967782, 12.973147969076779, 14.423045822640121, 6.173232858812796, -34.392422726248306, -25.252402621641984, -35.94706729814261, -33.677420017327684, -12.845136032375668}
Generation 11: 50849.0 --- {16.61993180801808, -9.648768001291627, -6.439771369525476, -3.1455042206907677, -2.763012735197867, 0.1717071489514801, -0.28396764615515213, 3.4327244693247416, 8.188708886502226, 4.905963961799854, -51.83771548422556, -5.867182341572439, -27.692496832138513, -27.808038581347628, -14.353484938384025}
Generation 12: 61323.0 --- {16.61993180801808, -9.648768001291627, -6.439771369525476, -3.1455042206907677, -2.763012735197867, 0.1717071489514801, -0.28396764615515213, 3.4327244693247416, 8.188708886502226, 4.905963961799854, -51.83771548422556, -5.867182341572439, -27.692496832138513, -27.808038581347628, -14.353484938384025}
Generation 13: 44012.0 --- {20.81557469580501, -18.559285806581336, -4.919454825493083, -12.405583532985972, -7.914952932576209, 13.357862682617466, 6.12712818014125, 8.9896079493635, 8.047944775532248, 8.248696295611568, -37.520632942693666, -17.886064566313856, -30.50602508187943, -34.47736877529354, -14.323396249009315}
Generation 14: 22560.0 --- {16.018268167633302, -32.533289933242855, 0.17853019060227826, -25.98327155108661, -12.360254689634655, -3.0780095970302863, 12.618328710167123, -2.475281706035883, -3.0405360230103944, 10.607830286385749, -55.7791239654443, -10.032182252462881, -59.665531542905136, -35.02518417577447, -13.571191286075805}
Generation 15: 32196.0 --- {12.050763486673405, -19.2198925504849, -7.393682046997222, -22.346793974924644, -4.50458144390419, -8.855204811558433, 1.144855300197427, -17.259252673227092, -3.946084548094511, -7.866701742589084, -56.836915140059126, -34.23644972470089, -57.15186291611687, -25.618190976915013, -5.258636544603695}
Generation 16: 25006.0 --- {16.268506381344924, -25.672895123518963, -10.104868318294116, -16.33529634221974, 3.1998523321374623, -5.496088446212124, 4.662150143956397, 0.04146731949601845, 2.1068306807469344, 14.235224045277317, -51.99682062330778, -15.173817035911572, -63.08912404582985, -30.218476194966016, -21.39465519061504}
Generation 17: 37862.0 --- {15.251471578576087, -24.202871689798837, -11.510684823903855, -18.89590846580179, -10.72775658016041, 16.11684219987317, 3.591640338222595, -2.1516063188489127, 3.6158106747818626, 2.4426206723426747, -47.33429266298056, -12.070619225940936, -44.9608176415492, -35.351481489470885, -11.00771716347528}
Generation 18: 43422.0 --- {28.698627354890164, -15.466331476077164, -3.208949722614468, -2.6274520963023225, 3.5845316377875935, -3.950118782691615, -3.9957852530508653, 4.1829061674387455, 0.1202543930635418, 3.4886541578280763, -61.14775693638012, -9.854320443192996, -45.84745487844443, -29.642219575247935, -20.4243771151037}
Generation 19: 175208.0 --- {23.30631875918739, -35.78732482516827, 5.4952132369466105, -9.942222834956832, -2.782995371394909, -0.14640804928745332, 8.272704086227536, 4.473258587044207, -0.20122143049988628, 4.591010098950222, -67.56332469964761, -28.658332144566884, -59.36004392931194, -40.430430362317274, -17.400467939218238}
AVG PERF OVER 50 TRIALS: 40648.78
Generation 20: 111710.0 --- {36.39315721497831, -29.060074109618423, 11.387296821009183, -5.268047580636479, -0.8363835534148443, 3.7150060575272823, -6.797388317800011, -8.253535008111156, -15.35917375966416, -9.198691857422686, -76.88345090685107, -46.34515200535246, -68.74025018053716, -45.55383656134233, -15.27364314102347}
Generation 21: 236914.0 --- {27.631486478915114, -21.025451430938748, -0.0506162868484239, -9.708070088746274, -2.397703096331897, 6.7054557872273515, 7.302199215414106, -5.670255946131357, 1.5880117304333865, 3.8335795669945334, -72.68121681054889, -22.145763333046876, -52.43388322793727, -38.07346726492589, -31.079075696207756}
Generation 22: 121385.0 --- {30.262163179980114, -19.727332186380572, -5.555540713355258, -11.112829533409121, -6.810123572683355, -2.8689252908349907, -1.0314225372090373, -1.6953261398005992, -6.277713612700315, -11.807203853325996, -64.75821258642463, -18.007368988554095, -52.92786579678259, -39.943256244683745, -16.080900448705968}
Generation 23: 82866.0 --- {34.28603901284746, -38.96963278697547, -6.95460354829934, -22.769474938749298, -9.43365938653869, 4.1636188107533, 11.61288452164587, -7.171956742580733, 3.8823621655431495, -2.5869623956002856, -77.84715526860964, -19.286211099069213, -72.25881630220806, -43.94077248799795, -30.41177091442129}
Generation 24: 143436.0 --- {28.2787531071452, -27.49714604317047, 3.4481278230860406, -5.884747862189563, -3.8988530851410865, -3.9634520784709077, -0.25316814508066643, -3.6220661756821717, -9.74900254541143, -19.508519033525737, -83.21917710960909, -23.348613011695075, -45.503826608015, -31.025499758805253, -26.68387870448458}
Generation 25: 255562.0 --- {38.189649591153376, -34.656842406751025, -10.647076995238187, -8.686478767409174, -12.858211452888476, -6.9966076994249375, -0.20096784168199644, 1.606042524354864, -3.0059682530880094, -6.619951642441711, -80.35188181877176, -28.635552482675017, -59.072867940792186, -41.095971717776465, -27.30439587956917}
Generation 26: 572375.0 --- {37.39982718797706, -14.312884342684283, -1.2337610992921433, -8.45038022150316, -6.969784673865358, -30.154764586615247, -0.5783235542888754, -11.639207824762243, -6.6629001127154455, -11.545973739533016, -135.7153036584296, -38.185922444650686, -58.424261409937664, -30.452503839995128, -43.946033855613955}
Generation 27: 1145253.0 --- {37.39982718797706, -14.312884342684283, -1.2337610992921433, -8.45038022150316, -6.969784673865358, -30.154764586615247, -0.5783235542888754, -11.639207824762243, -6.6629001127154455, -11.545973739533016, -135.7153036584296, -38.185922444650686, -58.424261409937664, -30.452503839995128, -43.946033855613955}
Generation 28: 336663.0 --- {38.08201611399569, -20.339896349059913, 6.580480109672045, -6.575749132416484, -7.175952589509415, -23.83851993317219, 1.819109348240515, -14.499804443778896, -11.182674110329273, -16.340011095401522, -117.53785739333824, -41.27643916677813, -65.43218773635077, -37.534692373171666, -46.65375259452209}
Generation 29: 1130744.0 --- {42.62725532597741, -27.609684711661806, 2.1541707569767654, -1.6448541274805013, -7.357764377478828, -17.797184078681724, 5.019115532150128, -11.384213810002842, 1.675712431399412, 1.1984022307912081, -116.03213098911833, -38.477150511852464, -45.97711086789255, -30.262615979717236, -40.33328368291408}
AVG PERF OVER 50 TRIALS: 85257.62
Generation 30: 310133.0 --- {32.24771635915643, -21.599630790145532, -0.616144739285349, -6.579545852788925, 3.8442394953749623, -24.468405010024682, 10.741717079212687, -1.9970728954137034, -3.102582330931655, -6.587077236726616, -120.83814597498137, -24.11266512372308, -44.838707852620836, -35.22707846860694, -25.945405200683233}
Generation 31: 584068.0 --- {41.93882432305002, -29.565281158841035, 3.232306003032988, 1.2448350664292303, -9.48588718857905, -21.75958638306729, 3.186309704625588, 5.11771664049329, -11.630785008286592, -10.841924986738054, -122.61521651496896, -46.04783277439975, -51.52475121003071, -27.758094720515263, -41.25934948595309}
Generation 32: 524649.0 --- {33.48260553606661, -17.46669664743621, 3.50973959783514, 0.1709962600748316, -3.473687019400616, -12.513712365027562, -0.6229812646211887, -12.338227571885763, -3.378298139306467, -6.053044555970781, -125.11881911668766, -44.94030879284393, -43.3052285630991, -34.41754984250605, -20.242161799391077}
Generation 33: 305223.0 --- {33.570861766541796, -18.83637172556684, -5.181818180259179, -4.835967718210232, -6.631286833558731, -4.578926039351462, -2.3233776673519433, -4.392753125854385, 1.8987069753491026, -11.916732678733812, -112.07545170726834, -50.20762509920494, -46.36205384310495, -39.13927355246344, -19.269052860310413}
Generation 34: 401232.0 --- {36.12028540954092, -22.774176348239685, -8.037991041197877, -10.094889534656488, 1.3968947948696178, -20.34348891311439, 3.4487893647515113, -17.136236830453303, -11.330752063834623, -1.9619989959490625, -123.02179921045382, -38.383352116317226, -78.32938766556151, -51.89807899911762, -33.83516316874545}
Generation 35: 366530.0 --- {40.01433871685103, -31.601716010758548, -3.4436818084355245, 0.33966160324246975, -18.257352009351756, -12.33689902690259, 8.501416932175255, -20.273974937048138, -1.6272128571465272, -4.24761851868135, -115.28984336568183, -37.64242101580049, -69.73640660267218, -49.09929367497985, -33.764106773407875}
Generation 36: 193474.0 --- {52.50622502255378, -38.08736042248642, 5.940703110512057, -10.811943490441372, 3.678314293210419, -9.249993744191961, 3.428988053583932, -5.391459068387968, -9.50475788928855, -18.297207036208203, -119.71873957822069, -42.46636250459938, -64.54253061159163, -25.261840816956752, -59.43767867194593}
Generation 37: 392747.0 --- {44.638829698347266, -39.21421130338166, -11.40751132867717, -1.1408311648050962, -18.01402674208223, -12.516287535186008, 4.22011406480321, -7.859692003855111, 3.365388258579262, 4.388595101049191, -122.02741433177111, -48.8509839036141, -78.0060307728744, -32.442998148996196, -50.25819081000809}
Generation 38: 281045.0 --- {43.96021402514201, -34.77293821705891, -22.24835163223846, -3.424139249431315, -1.5355238168744445, -5.807009582735475, -3.377906411397817, -21.448853479061633, -3.5602328755381767, -5.872399788901359, -118.83643240190577, -55.02104616590738, -81.23261817510844, -36.815284263788215, -43.896951037012094}
Generation 39: 466640.0 --- {52.77677708292258, -44.08629357773117, 10.003685968716303, -14.624632117523483, 1.0965531214862745, -15.025434312644778, 1.2458410484364548, -15.332232639438597, -13.075963708369267, -14.482086577581091, -134.22894595873908, -54.55560962119088, -65.54481526905127, -42.170320496608504, -33.367136645926365}
AVG PERF OVER 50 TRIALS: 90318.76
Generation 40: 222164.0 --- {58.5985683258138, -44.614656196604834, 5.66647916070826, -12.446759311630998, -7.052038547528793, -20.21957133416168, 7.859260018104192, -11.593154430013996, -23.89960998864797, -12.829245944239435, -138.8713383623313, -60.138574850560104, -94.20989782323838, -35.41254181970016, -29.45027677905192}
Generation 41: 603424.0 --- {66.81004849842002, -36.04281805498106, 0.7824635047881627, -15.340487902503464, 13.625515887786337, -12.463511624122471, 7.271208356066941, -6.3467049445032, -11.635393362138002, 5.666058623798323, -137.35715679258192, -60.78129387468212, -68.4296202699049, -48.581776144316635, -51.58573092455566}
Generation 42: 268137.0 --- {49.07554542914255, -33.19485633848064, -18.658617134155634, -2.3353648535044655, -1.7065868407107492, -1.1022767864035163, -6.036578683584007, -5.110222166476732, -6.949092036806978, -3.590344968344408, -114.79619933404796, -56.28022421477732, -71.1323056498354, -40.91505085511599, -42.01967663773898}
Generation 43: 459493.0 --- {49.07554542914255, -33.19485633848064, -18.658617134155634, -2.3353648535044655, -1.7065868407107492, -1.1022767864035163, -6.036578683584007, -5.110222166476732, -6.949092036806978, -3.590344968344408, -114.79619933404796, -56.28022421477732, -71.1323056498354, -40.91505085511599, -42.01967663773898}
Generation 44: 280939.0 --- {57.1939915677659, -34.268487026169765, -19.21475536073649, -2.8286744169813876, 1.9103221149089231, -7.15444450470228, 6.144640595949882, -10.887136453972055, 4.953511838391238, -17.302606589892562, -123.65885221375603, -50.03157429610003, -78.6161107292897, -45.688404639333825, -44.37462499668892}
Generation 45: 291730.0 --- {69.12922629028208, -40.83270854547, 5.868234623783199, -5.097521729348493, -4.176708036028488, -14.805916486467954, -10.344739898296861, -9.849154526490025, -15.45011310950543, -17.204806088822885, -112.83265799983667, -67.61624858682045, -88.41398813082688, -40.97878028171174, -42.296267359214575}
Generation 46: 268828.0 --- {60.005970035920754, -37.90756076286446, -2.014455010584185, -15.080164850210021, 5.511979640662832, -21.289844311735052, -1.15711939529338, -10.08467004947719, -13.337907145110467, -8.293157162931333, -150.05516870698946, -54.07897255685784, -89.06321506858825, -41.611389708661626, -39.03997359022835}
Generation 47: 471463.0 --- {64.24848011272559, -36.07262946990853, -17.015001492851983, -2.4030906041240563, 2.0604350669928446, -22.157487689324686, 1.7278657425243407, -9.987988320562385, -7.549267377063185, -6.775164430121509, -152.6491023491586, -41.319347708422335, -84.6523278283271, -50.10921458945535, -41.02299183024169}
Generation 48: 679882.0 --- {56.61954622700242, -34.1108945072387, -9.219979314405926, -13.53428167076693, -6.250894533701607, -14.312097391883988, -5.606624940937711, -11.008788271256499, -4.793516074763428, -16.168601860025014, -130.9493256290802, -54.23819830937059, -89.84995743484077, -42.95132950875188, -26.646808989533}
Generation 49: 291009.0 --- {53.08568511588622, -24.6847097689435, 12.33031510557668, -18.29207264091137, 2.626292105791637, -10.52274595028425, -3.6234237485600707, -16.988060893767724, -16.38650963972777, -3.4196977866640763, -155.83919640099217, -84.66505774739973, -84.80507345991005, -41.56516604765744, -29.620596309933926}
AVG PERF OVER 50 TRIALS: 113550.52
Generation 50: 587937.0 --- {59.40754503661777, -28.113510945452372, 0.8743322413708716, 2.2982869003512985, -5.035439564696999, -17.366510229462104, -5.778969238254782, -10.610092297225247, -2.582694885621745, -1.5807034297211775, -142.09062690880825, -60.17951360880703, -70.92395181097164, -36.97754655169487, -58.04964579857118}
Generation 51: 593476.0 --- {65.21394775512448, -43.5431735824201, 0.03032990207898223, 2.3953676601137914, -2.9079572558887405, -24.722670270034047, -13.00980407949251, -20.54130852048205, -3.759608654921635, -18.33283299537139, -156.7417495970097, -61.90736787489453, -95.48112617124109, -41.30487572499494, -31.54000441028679}
Generation 52: 442226.0 --- {48.537199916319906, -37.57116616008191, 4.2992125530779735, -2.1930406083839205, -2.2908650711985414, -29.52065589385309, -13.566974309486413, -12.437983574927701, -10.335695591694812, -13.358394425914199, -143.0900026794961, -57.900835455037544, -78.57203519935801, -38.9202920331812, -20.528476306702824}
Generation 53: 579681.0 --- {46.77686095440565, -40.43275052802494, -2.0419028197057614, -4.537370573315233, -5.320502395002714, -30.234677151937927, 3.7994276466699928, -18.89974054094695, 3.3905914253954705, -13.266604613613774, -162.15532172648307, -58.82605415570211, -79.73549922983395, -49.33182521444767, -26.54677506082131}
Generation 54: 732648.0 --- {60.11067006108725, -29.149799027250037, -11.933031822341977, -2.2051920622930288, 3.4856742047062212, -22.010441015395955, -3.1807358783528135, -9.357710130212826, -2.773563284848688, -11.440946660605398, -150.13772501740712, -57.19419438630393, -64.99607431278599, -46.69733252174575, -33.564484558769564}
Generation 55: 502317.0 --- {72.49480785106482, -44.15648301799189, -8.223011766767883, -12.214490209992416, 5.558507201843316, -28.734659386286108, -7.331733393208914, -24.49631324344662, -17.575338391156382, -13.383722125307333, -160.99250502288328, -47.411273308535, -67.44540546826572, -49.2369676375305, -32.102622364410976}
Generation 56: 396944.0 --- {60.086151774530386, -36.036482525777444, 0.6522639657721871, 1.3686323481461242, 3.5636252971323206, -26.847727659956398, -6.168960105299392, -26.699847809937097, -21.24069543618733, -12.751935222098757, -143.06506872825057, -49.62579304217468, -75.93049698740951, -34.319620967383926, -23.651771624561107}
Generation 57: 257971.0 --- {63.484655481799265, -46.1066966519841, 2.563591377991572, -13.789526632983563, 8.625306509040387, -22.292385047712294, 11.904629574661126, -28.48030026617571, 8.352869990353911, -2.6705245299365847, -146.5764853727205, -54.153970634953026, -77.23875441615681, -56.847120136767934, -20.698514661990885}
Generation 58: 658374.0 --- {48.52575318437591, -26.036362399976678, -5.828561702828969, -18.531117939272086, 5.71464798481822, -15.418476831227906, -2.007170526496883, -11.035164144680413, -5.075440398510915, 5.353303226517236, -141.60801351446273, -58.55192349441593, -76.22700512602721, -36.127145808262355, -48.55322058093699}
Generation 59: 301325.0 --- {53.098885284173775, -33.78238044013482, -14.683088339799317, -18.522970895471257, -1.4716755136565554, -14.487852875519815, -0.19701477299064118, -6.6434766575739825, 1.2779491322402272, 17.700868325220704, -136.08672724174377, -56.96333848181776, -76.22438673242401, -32.64582446628231, -57.68902352466857}
AVG PERF OVER 50 TRIALS: 183682.48
Generation 60: 644795.0 --- {54.816520698279966, -36.72176118628727, 11.07068280307294, -16.323824494199346, -2.37389491773774, -36.3210800156382, 4.421732784692859, -21.82532174460296, -6.189402730327162, -17.484243728772466, -148.0686159044985, -42.980449740558285, -66.3928149015935, -33.44533794138425, -36.686830561456645}
Generation 61: 578907.0 --- {61.87469549533996, -36.772107563123775, -11.363820293506954, -12.065424403436822, -4.969655645654429, -22.566859362052053, -4.795870231009889, -30.489025419592252, -13.193009384338172, -17.69135736396401, -149.20235851065397, -35.81444057691522, -77.73985728450667, -41.33052172670124, -33.407571518128876}
Generation 62: 291294.0 --- {70.61019789322705, -36.7470029969254, -16.91879316829223, -17.841058000503757, -3.431186078810451, -29.430047840999457, -17.954846709556374, -36.85760264251462, -8.538994871231921, -15.586629707556341, -154.69986265447437, -33.36432752120986, -85.64084468225076, -33.128029167390594, -33.36990613627153}
Generation 63: 524627.0 --- {38.5952427701048, -35.462723175061406, -4.989622945902541, -24.77711561918741, -2.7373244986472414, -24.597112412121138, 14.230336123110977, -9.270918830300156, -13.468643728651584, -3.7739276119781877, -162.63099659371102, -42.23251054803478, -90.60510447266796, -50.694410496442295, -39.22895325545027}
Generation 64: 544300.0 --- {47.70644310343243, -33.5867512201995, 9.987085321401375, -23.923103096807544, -3.091846865788727, -24.04557697833109, -5.35865612408364, -20.64125789346202, -12.459583139511096, -5.484027080504798, -151.72437874609813, -42.04936340444337, -69.1616169608552, -40.29797066228577, -36.20261585368132}
Generation 65: 376130.0 --- {52.19786641072746, -32.75128968286367, 8.796448522588456, -19.292885381110374, -2.952063118609562, -38.02609563923569, 11.704423958667897, -15.502001844416665, -6.938102040223122, -7.144900150381211, -153.64060895142103, -34.459940747366424, -71.69290886824011, -50.19665292683854, -52.72903616341708}
Generation 66: 667485.0 --- {46.98543336908477, -30.561094590862474, -15.247089069015267, 0.7634526420042231, 5.695387869369837, -35.248924230838576, -5.311766642445722, -31.974984014728445, -12.156426729185217, -9.549934705417634, -166.22677093364393, -43.48465558606691, -60.663049056331715, -29.432045475772192, -43.45658253871838}
Generation 67: 739938.0 --- {51.29992947047882, -49.96705623859768, -8.697927869679628, -7.575922588555963, -10.164095475906892, -20.382307211311563, -8.72095892629219, -19.567699359696963, -13.04233093710321, -16.272725329637453, -155.35385378698874, -38.1492706704862, -76.3229688750605, -39.67755033216963, -43.85098141735874}
Generation 68: 723197.0 --- {39.93304096046765, -32.65215986908441, -13.944684489880188, -17.443730636578586, 11.161200646718772, -31.773660560080472, -5.012047626151608, -20.242832566620663, -22.737586070124685, -9.297887178826628, -150.36981515745114, -43.43247335265825, -62.991569191317645, -16.328279708674234, -48.67966476461117}
Generation 69: 938389.0 --- {34.995541428727606, -35.964588078292834, -3.9219584594638164, -12.901736457639858, -11.558611731783408, -23.81466266812323, 3.0872056987369616, -9.622671261165461, -1.8716370535375457, -17.015726572714186, -170.61655306472505, -39.86472719816683, -66.708177976341, -42.62583177386053, -52.44357011028143}
AVG PERF OVER 50 TRIALS: 260341.68
Generation 70: 1298906.0 --- {47.58017428315547, -36.02167628562482, 0.6410385902751145, -2.260725967025347, -8.598516192496882, -19.7191531768314, -5.2501375410050874, -12.319060095645373, -8.755332894315732, -8.907098473087395, -173.39075042232622, -24.661622327336808, -55.62266020608654, -45.04538358136002, -51.00252989652205}
Generation 71: 1110370.0 --- {55.08246249748703, -42.49837409381964, -0.33620521277913046, -8.69049349355526, 9.34660207116617, -4.470176623206424, 19.736292377309685, -11.363267132400459, -2.4079829384765032, 2.2186059920763768, -154.6655878523834, -41.990467496982234, -67.78086852731448, -58.26447749425634, -33.55005069857174}
Generation 72: 1040896.0 --- {50.84769982849368, -40.77347117584719, -2.1002762316446266, -7.447149503494779, -7.286849361635673, -23.095115703989897, 8.34935079752148, -12.464157066216938, -9.726296889078899, -22.4605668990558, -161.5383416486477, -32.33545414532371, -70.37495940089718, -57.8585562649119, -25.639472740646234}
Generation 73: 657292.0 --- {50.84769982849368, -40.77347117584719, -2.1002762316446266, -7.447149503494779, -7.286849361635673, -23.095115703989897, 8.34935079752148, -12.464157066216938, -9.726296889078899, -22.4605668990558, -161.5383416486477, -32.33545414532371, -70.37495940089718, -57.8585562649119, -25.639472740646234}
Generation 74: 543214.0 --- {66.54356413870589, -39.997197932370604, -4.212682694621718, -1.8756433082821315, -5.014489967529222, -11.602328895859348, 2.3088344871494977, -5.7283348579857485, -5.283181748939562, -26.584259726473295, -150.48028680496876, -32.300088705057306, -83.03553260044922, -61.7063569177949, -40.17769258159818}
Generation 75: 681119.0 --- {64.62300624825076, -41.43193501744318, -11.133703092305392, 0.4692230339729626, -9.221132701556765, -23.352112520697368, -16.16080451607806, -24.201084455798636, 6.25973352564532, -20.665734090881074, -162.9580103053296, -38.62041386109151, -78.65693346973059, -54.2940831621544, -30.04547827825661}
Generation 76: 505858.0 --- {57.523732295429895, -35.16766515856311, -9.53140644034832, 6.658702022783224, 2.1910574428104006, -35.87915684118348, 9.310609423492386, -8.76936407514084, 8.318245700963137, -15.76083062478779, -166.38525085672478, -45.305596539037275, -79.15555689091171, -56.02723978406332, -39.22558633326419}
Generation 77: 403831.0 --- {57.49458722159241, -46.54755035824031, 19.822948609275446, -10.702066588036015, -5.277190267884062, -13.185358838168343, 9.515635842661895, -26.31068818275476, 0.6337499783487046, -18.091847128182835, -176.52099673741722, -50.13367786301761, -64.0042689932933, -50.62203445678289, -49.65266037782533}
Generation 78: 376639.0 --- {49.64608399317797, -42.980327627739356, 4.639957381501036, -3.7629517003413557, 2.306135820749599, -6.32604494473463, 6.807501680750542, -17.93138099990482, 6.07883441903175, -15.0111262364074, -158.72410042474533, -39.60959864578935, -75.53109602606627, -57.12361627543361, -35.67276300130671}
Generation 79: 1290122.0 --- {68.29636159619511, -48.93141255839201, -6.071364184457003, -6.148313567994275, 7.000147889031249, -12.676809202071329, 3.9547173144305754, -9.07555831380215, -12.014412406885288, -6.131343853266049, -154.94636354562326, -61.87320391438422, -90.49509540944757, -47.89354135174577, -50.00170604596104}
AVG PERF OVER 50 TRIALS: 323955.96
Generation 80: 532537.0 --- {59.32026772527137, -44.25311696184374, 4.85690714287703, -6.644832459439509, -4.790203792247786, -20.122824021577866, -9.876061398907146, -13.083485005518108, -13.463665844866902, -23.23417788244025, -176.4182243016857, -47.74427351438569, -76.63610188009795, -46.45875972130835, -45.392571283094284}
Generation 81: 720445.0 --- {70.64021377809507, -54.688355390010315, 0.9696991236214743, -7.948230130711052, -10.382314890544233, -25.06002785134373, 1.1005834278767421, -8.939153623014814, -9.700646366702742, -14.779982256816126, -183.99011958482072, -64.62403076271164, -75.21385472763731, -60.80691456014927, -43.143356456702534}
Generation 82: 754251.0 --- {67.3133529244787, -46.416351329269645, 17.99248469520478, 0.7277067462528501, -7.504584786224565, -22.205094600203456, 0.11956641804757573, -12.08235621958248, -8.729919112131956, -24.34072065287789, -176.9027035674119, -54.43361868268183, -73.69953674858769, -49.53649515679967, -53.562131954539055}
Generation 83: 830638.0 --- {76.09955968060169, -42.43654435049281, -2.008353718290257, -12.21143383542892, -3.310985308732995, -18.54560230855481, -1.1533288900027892, 3.6867657495235804, -3.5851047692326983, -0.0608232194008842, -181.66355286854153, -62.791989856630906, -70.08974269480645, -60.15295069415432, -39.72414701656076}
Generation 84: 955899.0 --- {76.05075887373947, -48.05829866868401, 11.37170623852684, -13.60263667051597, 4.0324931710927565, -17.219283199201204, 4.858030494483108, -6.908430393462142, 1.9274953332506666, -36.41804575410485, -182.01864621872096, -69.19200713759449, -78.47863271295623, -49.27195157776073, -48.964258235676475}
Generation 85: 1329586.0 --- {63.76212774758259, -50.50061290497979, 0.5815965011935162, -2.3184292376798443, -6.76280649513618, -27.537159818071487, 0.1276179235193624, -16.482494330278335, -3.0828461560851155, -21.446127956955387, -184.50720567634292, -55.011993146237536, -78.47053369804611, -48.561251476291545, -43.972460285750905}
Generation 86: 629444.0 --- {63.76212774758259, -50.50061290497979, 0.5815965011935162, -2.3184292376798443, -6.76280649513618, -27.537159818071487, 0.1276179235193624, -16.482494330278335, -3.0828461560851155, -21.446127956955387, -184.50720567634292, -55.011993146237536, -78.47053369804611, -48.561251476291545, -43.972460285750905}
Generation 87: 701492.0 --- {63.76212774758259, -50.50061290497979, 0.5815965011935162, -2.3184292376798443, -6.76280649513618, -27.537159818071487, 0.1276179235193624, -16.482494330278335, -3.0828461560851155, -21.446127956955387, -184.50720567634292, -55.011993146237536, -78.47053369804611, -48.561251476291545, -43.972460285750905}
Generation 88: 1177577.0 --- {53.873817954731656, -45.72891667411794, 5.671008880819943, -2.3458713762832875, 3.0650137631987944, -26.001956771334854, 2.8253584460191012, -24.451159669702417, -9.927459320167472, -21.8313802746011, -178.41972203731177, -50.53563978280143, -84.24064739027769, -47.524003832938696, -41.16205161488342}
Generation 89: 814903.0 --- {69.07708171832313, -40.14034745806623, -13.554213807776417, -6.560685358300045, -0.13243914763774356, -30.486556195867173, -1.1060035645151642, -8.544687414316687, -6.363466155277692, -8.390388494139739, -187.10347076850442, -53.59351060306617, -66.74801946150058, -46.3295606560957, -44.187655497836595}
AVG PERF OVER 50 TRIALS: 216742.02
Generation 90: 468986.0 --- {59.64675530115825, -49.36122218196993, -3.8010013051786693, -18.563256674128777, 14.263861936964162, -24.140637151106873, -8.605194481519575, -7.831128218326498, -11.581282089330061, -4.853089739752523, -172.37889315499174, -52.897423054521724, -75.95939735230411, -47.494312794648984, -46.353554617158046}
Generation 91: 512468.0 --- {61.20495326290885, -39.71963970515956, -5.283896097564927, -3.6427463684708687, -0.5057058262192492, -24.538660560783583, -13.765392034476136, -22.07577196841197, -16.804140736270426, -18.08207584547614, -203.27302491406377, -72.24416411863835, -71.0303005075821, -42.45805786760259, -40.55668474063698}
Generation 92: 1497038.0 --- {67.78290268144674, -45.07750757069685, -9.243815204545278, -3.96784989606478, -9.643757421551465, -30.96051659881095, -10.53893971747805, -22.009591479276704, -8.141910222135994, -31.477604551664086, -197.25307192588215, -56.43449778229987, -81.13280386694494, -49.96913463761338, -44.15474552526071}
Generation 93: 533972.0 --- {54.7661620808884, -24.11070362847129, -0.8813171622295553, -8.692846564546205, 1.9477887803694287, -19.82375840148702, -6.970478102691192, -24.82845648698655, -22.609888411501288, -34.31039943027113, -197.6028493026417, -43.66103962784561, -68.55679623169644, -50.44670243555062, -50.31505876268562}
Generation 94: 600687.0 --- {70.83021585536105, -38.189169445246236, -7.683209352902217, 12.451584643892724, -10.255620328654482, -30.47818773469684, -20.814033932025943, -35.76583908417513, -3.422596388545122, -41.760275089602814, -190.41791319909967, -51.941478009600814, -67.74259733300971, -35.34880439713729, -33.361962542095185}
Generation 95: 1830878.0 --- {54.77026394596466, -35.66536384208517, -1.3289697197453947, -11.337078742128535, 0.4916999652050409, -27.391529864008042, -3.4100881950615474, -11.834445858638155, -13.857984538040043, -12.052665707673736, -186.4567594215032, -46.0384629666797, -65.59383359828662, -40.64738304661623, -50.24751337716285}
Generation 96: 603579.0 --- {69.74344869586665, -35.46355148014469, -3.64566640500696, -6.898372301072278, -4.029049009813129, -25.493021776698303, -6.334439541316455, -6.812796429973741, -9.772965153483, -22.235684539938198, -203.27966008982247, -60.195104891783515, -77.67256971280402, -48.94547374431921, -48.10565703818726}
Generation 97: 578833.0 --- {64.48026529012407, -31.620368083344445, 9.444816595262202, -1.4884830271809149, -20.904402636672, -35.55978377956398, -13.14790377390321, -12.20272526166606, -3.443881585441499, -9.952247513021454, -203.71435893341882, -65.67042929254286, -72.53049466391025, -44.55843679267596, -47.39753730286693}
Generation 98: 874916.0 --- {60.3561916627781, -44.10573920339074, -0.12291103551047522, 6.823409855927219, -10.65548327306221, -22.360029977685773, -3.833432504246459, -17.96810111480919, -11.551186089153834, -21.236455297505312, -195.25753214742508, -51.689968302484225, -69.40920207309787, -42.71211968750887, -52.15509706095409}
Generation 99: 745174.0 --- {60.08905303208107, -35.936195571458384, 15.848081399125476, 2.411335795430286, -14.143124271333667, -18.1715577741057, 7.705616152858523, -11.709799322220404, -12.808433126484772, -30.14600071750046, -199.64482272586176, -62.09115366937837, -67.02565340507857, -49.51542936632136, -37.327563358967}
AVG PERF OVER 50 TRIALS: 226596.86
Generation 100: 942674.0 --- {52.65380801885008, -31.5645526386851, 8.269210154460355, -7.950824222176771, -1.132559095140985, -37.009888162605684, -10.814831476320393, -31.321782724685598, -16.25998389582987, -25.851151255157188, -192.02778742367292, -64.61654674074579, -77.612603727043, -40.810534422530594, -29.247117431949363}
Generation 101: 852818.0 --- {64.79316482236585, -33.80227655475544, 4.545584078598045, -4.362429288373647, 5.63617783490844, -35.913124430134225, 0.1673386915822701, -18.591619408875175, -0.9699530439010058, -4.6173344607340265, -199.4727750805595, -55.487063203018124, -71.47026651802135, -45.985519185106995, -54.771253139205285}
Generation 102: 627361.0 --- {64.57073448774794, -37.906125613856666, -15.768267068423523, -9.025330873497536, -11.574762385841751, -45.1338052343536, -0.6048972873074592, -20.42994463692209, -13.532932292755582, -24.006211851179202, -201.56228809879536, -61.544882140255694, -73.36323855770044, -44.63696394687116, -56.254998870237515}
Generation 103: 1539754.0 --- {57.59885638759975, -44.4421869139255, 16.98008457455156, -21.14541160902467, -7.830800727835446, -28.60879296612593, 5.903930619505136, -21.632784460573696, -11.489058995738276, -3.788132412449688, -183.31938693277843, -52.47278559766759, -55.59005883115856, -38.41742235513499, -36.24425375564788}
Generation 104: 771109.0 --- {55.88131890436293, -36.11809241609862, 0.31604893005355306, -17.306644631504636, 1.4697833075571722, -30.450909686155633, 8.206461337400427, -22.631412835753927, -13.92434833900683, -11.823672207195761, -190.80315377415525, -49.52469372859834, -57.062480856389556, -38.83276223237371, -47.70967799608529}
Generation 105: 1007717.0 --- {55.88131890436293, -36.11809241609862, 0.31604893005355306, -17.306644631504636, 1.4697833075571722, -30.450909686155633, 8.206461337400427, -22.631412835753927, -13.92434833900683, -11.823672207195761, -190.80315377415525, -49.52469372859834, -57.062480856389556, -38.83276223237371, -47.70967799608529}
Generation 106: 1040954.0 --- {75.70099669138955, -38.7182554594923, -17.765002169767072, -7.962061767429826, -2.8676624542020397, -41.261111041890956, 0.24366801166175778, -17.28933673363464, -4.926249084721802, -9.827281447598118, -211.63421882358426, -48.98077338395013, -68.61769403145485, -46.694592580801995, -49.75152650922591}
Generation 107: 788798.0 --- {75.09120524665165, -38.64976201118155, -11.345479541460811, -2.5069841615439428, -2.7930178231851785, -48.2173753441911, -6.68332315081771, -30.22997562172584, -3.456710591138693, -27.36618446897517, -196.16097253685527, -68.17062309391751, -84.76895047525684, -40.48073968949063, -60.05103024568312}
Generation 108: 926207.0 --- {75.28627316294335, -45.396481637145115, -19.288791417421994, -5.365969994706914, 12.015390417160688, -34.87593953662769, -4.579687362643168, -18.671565773104145, -11.948619960675511, -14.5042600119826, -205.75591747447223, -57.70339483355642, -86.04029903300953, -51.48148152056378, -57.744518764198844}
Generation 109: 999487.0 --- {62.42391846014989, -34.53100522529613, -8.148760215978575, -2.4580410785147895, -8.709380979449309, -30.682071947570297, 2.167675271920108, -22.888034753706563, -7.968876651456244, -13.670336877312849, -219.65949535934197, -65.92694555794077, -72.03002015772527, -50.653689250148474, -50.14215955672856}
AVG PERF OVER 50 TRIALS: 262430.24
Generation 110: 1033215.0 --- {75.70726016272721, -41.378262169012245, -18.32752979842646, 0.6108994698889498, 3.4154453890842746, -35.45125826099832, -2.7385732264320497, -21.03185249206541, -13.586751874008094, -21.54191972308034, -212.6534224946261, -61.40294487503048, -81.0732374036284, -49.41953463101988, -55.786101763191766}
Generation 111: 871640.0 --- {65.80910767254984, -48.05879776220959, 5.802958625821507, -0.16022392715368938, -2.7371512295219604, -35.82631921841778, -5.6555134443319615, -19.848701686783322, -16.234854553935918, -22.155746361290248, -220.62405187952595, -50.444430364894366, -59.6876127961775, -35.492290436926304, -51.2773979645999}
Generation 112: 843291.0 --- {69.17108112140919, -51.451665315067544, 2.1768935260587607, 1.9979040621334168, -12.413822359993311, -31.13657710003642, 0.8469256558896205, -31.652055197276958, -9.040193335641218, -28.464383470797188, -223.20255975078618, -52.633933828381544, -61.92188149924098, -42.43497352684245, -60.275015399153226}
Generation 113: 1416870.0 --- {54.71316622600801, -44.707578047610845, -19.825384461146896, -9.275049560667703, -9.821546368368937, -33.2500773512973, -3.2868803490226632, -14.472130732094646, -19.52223759977506, -19.63196928573209, -197.01192074947667, -49.92548019838565, -65.28180525217005, -38.49565634367477, -53.5222995426346}
Generation 114: 1208145.0 --- {68.61857621175552, -50.07917004699909, 1.0262059470273037, -6.202807245780715, -3.020501599839519, -25.705546316855525, 6.091934383092538, -20.300939908503594, -18.486099519461533, -17.56098349872549, -216.53793620439012, -61.34106796186578, -55.21384162283384, -47.45592180002168, -58.51281810352467}
Generation 115: 1426010.0 --- {78.73245935730976, -62.77495789080531, -2.503396249841707, -2.677993259862923, -6.080614857516904, -47.27353986593523, -11.787734700999547, -15.005645108168105, -9.440518854052629, -16.35750705159463, -229.47429941584366, -57.0783156476029, -65.5197553950078, -40.202825924967634, -61.77215019992573}
Generation 116: 1028580.0 --- {74.41993111609906, -50.79066512890526, 2.474507671627453, 3.8032996080728347, -5.944406044725378, -45.57289660643832, -15.86917274870817, -11.958880361910088, -13.212912077871561, -9.741059615262124, -211.57781514382566, -56.804866613580856, -60.3465566270892, -29.6104513669304, -62.365611553548476}
Generation 117: 1142874.0 --- {68.6983404261438, -58.51507744290468, -1.2726398698239088, -6.866496204914597, -8.809944026575701, -40.66623498852008, -19.361332875377986, -21.144345640758246, -9.621717827834384, -11.653986002761634, -230.69474970006485, -56.11977621303893, -55.437180980272416, -40.70650970348069, -55.81476823890422}
Generation 118: 1218536.0 --- {71.54902415285738, -43.96972041661725, 1.994524900202503, -6.658882038004343, -2.3735694062598447, -46.60708399817929, -17.569656619556127, -24.71559444554629, -14.928105498343477, -8.989664896999297, -240.84968495882813, -56.90236926432712, -50.93109903114684, -27.632187428511266, -52.54216163454428}
Generation 119: 1433263.0 --- {77.47048582291242, -49.603175905821786, -4.333340175370198, -11.438693901923873, 4.349498581867172, -42.63509651748846, -12.399974072031196, -13.29126703779926, -25.09842261911012, -9.840430831119829, -217.57241430204164, -56.164818685148596, -70.87719740576729, -44.67888691682185, -57.184748257007755}
AVG PERF OVER 50 TRIALS: 243838.2
Generation 120: 564036.0 --- {73.70652053510773, -58.75477481455656, 5.126820388994616, -6.334231649589588, -9.02310691543098, -40.00077017779074, -11.096380821092446, -19.698879253746906, -25.310373931870622, -20.25637212632406, -225.72038683602435, -55.708687529524205, -59.49931544403474, -43.38680279324426, -60.2410761476303}
Generation 121: 780353.0 --- {74.65216838506609, -44.52012531469943, 4.254015476660461, -0.5727900499230287, -2.0790068458940376, -41.717503144948026, -16.044948660742044, -8.94860744249016, -15.72288853529365, -22.19562392685863, -234.66637750471162, -57.58670745577642, -45.70004928298681, -30.519506128580097, -55.49468130482002}
Generation 122: 1576247.0 --- {73.20888310350732, -56.713005543325416, 5.000645689658618, 9.279359791608389, -19.113061839152557, -39.67807713946726, -18.091339362726796, -16.13879614856276, -20.86285898681053, -23.213463513043102, -237.200369268011, -61.299796265019445, -54.59038180324617, -28.20908786548972, -64.61886002466477}
Generation 123: 758720.0 --- {66.22208490156123, -53.84149744794334, -3.7120184047650806, -0.3233548611344812, -23.452831772097916, -43.25392482816863, -18.633315861278223, -32.11486121209646, -22.583997271197077, -19.692154930603895, -235.82112311752115, -67.42109644309633, -62.537643894555764, -31.916843203922248, -68.80330184449123}
Generation 124: 1513728.0 --- {73.64234491671463, -51.00761836532352, -1.6471544025458005, -11.33087943485279, 14.118131345721899, -44.0839900440969, -26.9379851487787, -16.59379533690059, -22.765191056120642, -33.08204029799287, -236.84503395209012, -60.75478775948003, -71.85773147232014, -46.579347456338034, -62.37938119079019}
Generation 125: 1534775.0 --- {73.80326196106742, -60.14939782947331, 4.540517164525175, 2.611302883333287, -2.9083069238109163, -46.82797363419883, -5.858059436952248, -14.959399250227197, -13.461818457476983, -33.17363032469828, -248.52063205704218, -52.35291156055882, -70.33541745146496, -49.40845461957856, -63.55316791103851}
Generation 126: 1234047.0 --- {77.01022463598376, -48.89557454098799, 3.116465447584075, -7.629766681446868, -2.868796077332964, -39.979125884150164, -12.546568985093797, -20.563541864118832, -23.08424082219291, -33.24181759611642, -235.28901244868828, -59.19742411176723, -71.3944566385218, -34.68334952087327, -72.39256327270594}
Generation 127: 920305.0 --- {81.20040256914633, -48.804390309133076, 12.897260153589267, -9.057128871515584, 6.762594131487688, -60.74376399253118, -29.951423099543035, -27.51824885335139, -31.379473451879534, -19.791680401277922, -245.26060185483615, -59.35732545435859, -65.32391938003683, -29.857736166370817, -58.81968242730194}
Generation 128: 917093.0 --- {71.56682038717274, -46.732620387258976, 16.12459672990955, -12.054616382680429, -3.3209302739099096, -45.416119665174605, -25.256822563139558, -35.965984817080816, -30.406881386617492, -28.62374682380655, -233.96505825834655, -55.36197960615068, -65.63182654769746, -31.78168310384502, -61.9446624888498}
Generation 129: 859561.0 --- {67.06098541863484, -48.43825607823903, 5.850052070044858, -5.9713100982144605, -5.476360150020169, -44.65462287056302, -1.8631145641919389, -15.665470967854068, -14.26258923691746, -10.473306305471688, -243.96072326720062, -54.44363132377417, -55.70490494575759, -44.26362998743921, -45.68738618304894}
AVG PERF OVER 50 TRIALS: 375703.64
Generation 130: 1146348.0 --- {69.48455716238666, -47.30290643728676, -1.267749160925458, -10.781758295485488, -1.5269757238571624, -43.85399566222773, -3.421942646446956, -31.265164677809246, -6.738506630246679, -44.28910911571938, -226.107093819441, -52.489692028755705, -65.38361701809043, -30.597999367535053, -52.70875525131384}
Generation 131: 1166356.0 --- {71.67034792794131, -42.94393314439351, 0.8623245797023324, 2.4820552727086014, -5.69011092990209, -35.044885972617905, -15.89782541844124, -10.374763271878496, -24.351375149788954, -16.646232764526005, -237.22496996133805, -35.65150389071281, -63.97517343107068, -48.01047300965034, -63.41339404487674}
Generation 132: 1145845.0 --- {76.03561943984752, -59.60670060436648, -5.426074585657311, -27.009376223565198, -0.14973675372736617, -55.793574285243636, -11.67730737231492, -29.61273900702598, -16.051484219201882, -26.690249638716427, -234.16217956676712, -44.36709991126572, -56.78413552508978, -32.09991665101089, -57.26019977799427}
Generation 133: 1091793.0 --- {70.08961120483222, -58.95095675146417, 5.9585671405355, 1.804789090389237, -8.984653827694954, -33.14504119101718, 2.3599444678504646, -14.290180143157826, -27.14893603245269, -15.942222249722098, -245.1419127151297, -47.6545581500441, -59.586888741965836, -42.53645701917732, -44.893978320184914}
Generation 134: 1376463.0 --- {67.92000130486369, -53.734208985802496, 7.91545465182681, 3.9484353506460437, -0.38001577143151, -45.12568386662321, -9.8324084549127, -8.97117183076241, -29.586533973663084, -22.117850399246223, -263.6019359862696, -44.55674479147648, -55.802496528256114, -72.09499241323029, -42.4558211446718}
Generation 135: 1076247.0 --- {69.05448070647232, -63.09360607958152, 6.83797245359812, -3.9029712029206145, -7.184800244823778, -43.19997210767831, -15.473927328624635, -27.489751177672268, -30.69971736971278, -30.14738464112606, -238.34958735534215, -33.41260631651595, -70.67872150050773, -47.10064346315471, -42.31044577364452}
Generation 136: 777157.0 --- {70.09600283049906, -56.906093039564, 5.764346213307035, -13.725375692897295, -4.216317483711714, -36.39593426077986, -13.431344168093052, -24.689757731634177, -26.688690379089863, -32.32888254352605, -230.2374796775154, -45.503395067546286, -67.18901203067121, -49.236833614701986, -41.69923100212168}
Generation 137: 772877.0 --- {69.14651792628096, -62.112980967286134, 3.566102286166874, -10.453279923981118, -7.670871442462563, -36.992047765931645, 3.735274690668401, -31.625581113692768, -10.179048844836544, -20.607988106600516, -231.81974743996693, -46.6872579065122, -75.70446896814894, -61.14299943578074, -47.74332205355185}
Generation 138: 1501760.0 --- {66.13039325017522, -69.80715271814992, -0.0499689944738238, -1.4561782508640224, -7.493833352070796, -28.332542707801963, -4.350117907295782, -19.562564592588288, -14.019101672817326, -8.610902945179525, -251.6824866849155, -50.34119452433054, -87.89580928731377, -70.1994500442648, -51.92092153186483}
Generation 139: 918957.0 --- {65.86113313367754, -56.615646634600616, -7.110665415602952, 2.2773773968210236, -12.883043226782808, -47.88103148085363, -4.309883797297966, -25.822578702911887, -17.718399438724433, -11.714132012676597, -261.76810191884056, -47.73297528848143, -62.105116571953225, -54.62815052230663, -52.19892110384364}
AVG PERF OVER 50 TRIALS: 288181.32
Generation 140: 1062163.0 --- {79.18518525205016, -55.17128030060327, 6.617145522139042, 2.9769108588481483, -16.437793743005074, -53.046098573141535, 2.0876776706323588, -25.84116878522761, -18.235816811890285, -13.909439627127119, -250.7317867300844, -49.43953851129155, -72.0795808659635, -50.73815856591711, -54.5861579951253}
Generation 141: 1137578.0 --- {68.0079191425791, -55.877574950622744, 10.142183473142232, -2.852120920036537, -17.121904500007652, -42.19905962811505, -0.7266660721276033, -19.293500460537818, -32.20528406414656, -9.406189221002203, -253.7440436707292, -49.48526422486861, -79.2822963865254, -72.51394110206618, -42.5886146514116}
Generation 142: 891295.0 --- {69.70368939420018, -65.7859996240761, -5.084205231826659, -19.096838280400576, -8.422696199667525, -34.72218911226733, -16.268732417811385, -26.511856007601416, -16.799052602556856, -29.141082309494244, -238.74822394307336, -43.553638964678974, -69.92215461553907, -47.94970497066596, -53.84863765430239}
Generation 143: 1189520.0 --- {81.54549741073515, -54.164260128360624, 12.063814700208155, -1.3523244606954066, -13.64351858876663, -47.04691000274183, -8.674638323580611, -26.104121369894486, -13.798332228357456, -17.979603766238675, -243.06618402036605, -60.30152010350877, -72.52442510492341, -41.45097359791575, -67.86397468229393}
Generation 144: 1635993.0 --- {90.67455344861528, -69.4017527452343, 15.739183391775505, -6.0115868523105735, -10.118294432930405, -49.70555369527477, -3.328264565290274, -19.057349254474108, -20.65164704938133, -27.720900687587175, -233.64851255274382, -51.02151467483586, -82.85175367511158, -58.32770351182668, -46.993803984661064}
Generation 145: 656636.0 --- {58.752281940745476, -56.4702306230482, -0.9476914666510297, -13.512436489525065, -9.86769328772664, -47.22039444435502, -7.679450549096, -23.343814308238926, -13.041114497357018, -15.821379738996805, -214.5285221138806, -48.978081251185806, -60.73784452969639, -27.451918298048476, -55.02317725744422}
Generation 146: 1154004.0 --- {71.74105276843532, -51.00794645716173, 1.8162203887992627, -16.5682172564563, -9.357131016748106, -48.84421654254177, -11.394878213480233, -29.759473175811316, -16.264076327068867, -22.25598734066268, -223.53845004616812, -52.84021228189136, -61.91692066077138, -30.35452573873691, -60.725811599613465}
Generation 147: 1565968.0 --- {67.94501948189719, -62.700159512106026, 3.786824243883614, -13.071427800042024, -17.662513007254347, -47.96061542029521, -10.679219319612528, -32.26987227289189, -13.967994999734616, -23.21935861586967, -253.55251734280824, -59.73427463912784, -62.70471878757927, -47.87269253733027, -44.97503778736845}
Generation 148: 1397408.0 --- {72.79118978658491, -56.56437016870562, 3.6517995019349154, -12.883416450796023, -14.027447558143706, -43.98423563522, -4.447691444326893, -27.73290930209091, -29.341187053079747, -15.589398711519662, -258.8080497269198, -47.685045958668496, -76.72867528523494, -49.40143642582266, -49.33416865929222}
Generation 149: 780403.0 --- {79.9416578565295, -51.18487123226845, 3.2248421501177797, -25.88857727595866, 2.671803018011696, -34.46855825113438, -5.434220556973524, -31.212258702537106, -14.19339056780388, -11.606880340272701, -246.17999919167684, -56.76745647087537, -73.91802010113308, -42.910653022801014, -56.72670594235802}
AVG PERF OVER 50 TRIALS: 225558.44
Generation 150: 999235.0 --- {74.54085718201972, -52.231107787290874, 5.830564384621273, -11.70517254444961, -5.406822376455203, -45.66927058045434, 4.432470917387747, -17.017886785106434, 6.0568592357345, -27.022207144557605, -270.34179410115206, -100.64139118616126, -82.58121180498375, -67.26126058679154, -52.59944343165581}
