TETRIS: height 20, width 10. Noise: (50.0, -0.1)
Generation 1: 60.0 --- {8.88398409718204, -6.596641186829526, -2.2993673396558685, 0.642680980636, -5.32582922142518, 9.964618800124455, 3.921791160104125, -12.67924737029999, -3.4339837682699588, -3.9938086635452703, -14.746178791778242, -7.209158004700107, -7.561595886613642, -12.195940813904434, -10.29057310307406}
Generation 2: 213.0 --- {3.8461700807477306, -18.16246684947233, -14.95850297302527, -5.923302719769703, -6.5791013101510005, 2.380160267986532, 12.485360822300208, -20.541842221444682, -3.6375552398388327, -4.627372024422927, -25.458639457766274, -3.524823365476169, -19.88575793894566, -26.676951042688962, -11.949016539836165}
Generation 3: 1142.0 --- {0.34180180446227393, -27.03882759232388, -5.606112924120942, -4.730576124937814, -16.063128309832983, -7.727713869110871, 7.169395583649486, -22.352926912063833, -7.4570187943745285, 9.561051577967717, -35.48822037404054, -10.246591542636812, -27.390766884637266, -35.39974927143747, 1.8942405453605495}
Generation 4: 2447.0 --- {11.794296351054781, -23.435740746753467, -14.999314545630464, 10.043882133152897, -16.424537138214113, -23.969260638613953, 6.360578006764552, -26.396345988544695, -4.203322090171126, 4.55799587269665, -42.348288902591264, -21.802564690353357, -46.280922361291, -29.91916869597988, 4.511770214928205}
Generation 5: 2653.0 --- {11.794296351054781, -23.435740746753467, -14.999314545630464, 10.043882133152897, -16.424537138214113, -23.969260638613953, 6.360578006764552, -26.396345988544695, -4.203322090171126, 4.55799587269665, -42.348288902591264, -21.802564690353357, -46.280922361291, -29.91916869597988, 4.511770214928205}
Generation 6: 11276.0 --- {10.576121235942404, -20.40693527200563, 9.12943088118723, -9.858897600806497, -21.013340854362507, 2.417361151819547, 10.524613953225568, 0.6258787393424505, -6.804693470221147, 0.14166957836078625, -62.78014582260907, -12.377243929604347, -43.14543556842699, -54.576725330081445, -0.36987943965370373}
Generation 7: 12632.0 --- {19.480529934524192, -41.41238463432349, 5.293621999329474, -9.94368949253534, -31.529490275757176, 7.198919002551964, 6.256580038110043, -7.49321678588074, -0.03476636046575621, 9.017127875482723, -100.03834541277745, -13.034089659629359, -72.50071960168047, -69.60521552344889, -23.112274200621663}
Generation 8: 42250.0 --- {0.23450725714460052, -24.86400413913223, -27.613960848465915, 2.921830006156476, -22.441886790126887, 15.793275614272474, 6.4323762219094505, -7.325614476079953, 2.216509049904858, -3.57707743307843, -110.86829129122675, -5.5851775144387075, -75.06676218136487, -79.25951511295453, -34.57773097600939}
Generation 9: 61282.0 --- {20.470863929558, -53.187074122167914, -21.265360231866705, -14.640218190075366, -25.298498051941515, 7.620289475520326, 4.587610908222187, -5.56891111630562, 8.51430152490001, 13.307602030485024, -123.61214563810886, -13.316999104424205, -62.927108068772355, -79.00314208899351, -14.455687117746454}
AVG PERF OVER 50 TRIALS: 18650.52
Generation 10: 77300.0 --- {33.72709616414845, -40.687453410356525, -14.771705247031308, -21.027643927012484, -15.041953936021734, 1.9006712198874864, 5.506237669260982, 1.4129480102066907, 5.167678040684033, 15.620882270375418, -94.74977481823045, -43.09397537681302, -61.66074006557451, -58.32385898765057, -9.917892508223662}
Generation 11: 67528.0 --- {36.579487063112595, -47.04039038668418, -13.511675340698421, -9.11642969240468, -11.91194323102257, -8.141932643146848, 3.5407438751244333, -4.591802408361232, -5.9389649985640895, 5.149082492308628, -98.09055846792084, -40.54679438803663, -67.69845393997052, -50.827419515579315, -24.682318357948436}
Generation 12: 101452.0 --- {37.68782939506738, -24.911611561305868, -12.504144605664512, -20.216389780910227, -11.480415468263985, -7.0125620183110575, 1.378581668770623, -4.771309074202624, -17.985479130272992, 7.177275981701222, -113.7967203601713, -10.205309453933628, -81.45222255793138, -63.69055643729547, -12.503747544555218}
Generation 13: 97024.0 --- {23.185159290107165, -19.700637867536056, -5.430881960063854, -8.314317017750202, -11.150329323440003, 0.9597187469872617, 5.398584875006259, -13.229674631271772, 4.427431078861195, -8.572727739800712, -129.83377285930501, -2.2775086318635633, -94.47513722526236, -65.03218563910619, -32.80219496777131}
Generation 14: 180672.0 --- {28.82795604867059, -42.82060483277695, -0.6878487011753389, -16.204471502565706, -17.012719298765532, -9.52214023176902, 25.129018127643263, -5.615076564947135, -2.837165808043567, -12.926308803807471, -131.09547212201815, -24.56220331293533, -64.39642612734777, -66.88450265795996, -15.206706546817152}
Generation 15: 225422.0 --- {43.53333582017708, -21.63343824614009, -3.0907847370973363, -17.28591460750862, -0.639633530479891, -18.9536139699901, 3.4016870185156174, -15.435092911681757, -4.1763115879813455, -2.6960829772907142, -131.76924720543857, -37.08093520386026, -57.529864843800354, -63.8883165438839, -10.507379129535742}
Generation 16: 114618.0 --- {45.55421507321455, -57.19628175828703, 5.071556642602939, -13.788283342038401, -8.079636937175785, -22.02391666986324, 8.21273147521991, -43.750709732911446, 4.505372075857854, -28.975250690780868, -179.9572943532726, -35.990673690568215, -43.76701831888378, -50.98163090825511, -10.280672728968447}
Generation 17: 211046.0 --- {45.55421507321455, -57.19628175828703, 5.071556642602939, -13.788283342038401, -8.079636937175785, -22.02391666986324, 8.21273147521991, -43.750709732911446, 4.505372075857854, -28.975250690780868, -179.9572943532726, -35.990673690568215, -43.76701831888378, -50.98163090825511, -10.280672728968447}
Generation 18: 264013.0 --- {60.97187351474747, -37.362177943186204, -10.59444028709039, -11.802508339116986, -1.6720727082633768, 3.348083671753397, 1.695951981051211, -24.783269232651826, -10.713127996089737, -11.576479132253581, -158.75966441674456, -34.24435482943765, -93.57007882541278, -71.40210865766251, -33.451140946899756}
Generation 19: 112898.0 --- {45.48417188878586, -28.34289788582913, 11.350984503110016, -28.313469161173913, 3.8478650242005017, -16.77055749328112, 10.227746188936031, -21.747468778066256, -7.598589738071626, -22.306165614507982, -153.8135363486609, -33.747356940748794, -61.771091482533116, -46.51616710829109, -6.223577163488237}
AVG PERF OVER 50 TRIALS: 50507.92
Generation 20: 203404.0 --- {31.47831765754611, -44.894829283100805, -8.849263953640236, -26.42688078041852, -24.08967277196697, -40.72214078506312, 10.845788084367554, -24.939132173310995, 7.239942723986426, -22.10324526329094, -163.82474036361788, -23.072483385925203, -93.389759406612, -62.02343436401136, -26.195963983641008}
Generation 21: 239821.0 --- {67.63334095114939, -47.830440279049256, -2.0162309435609043, 10.791852827011432, -5.933883891678445, -9.52789191031546, -4.691066297498159, -21.038975125582777, -19.600976274499722, -17.396579583010652, -182.74464266719852, -31.402987411436328, -75.52504588212999, -55.24292947622809, -47.965025647508355}
Generation 22: 536643.0 --- {67.63334095114939, -47.830440279049256, -2.0162309435609043, 10.791852827011432, -5.933883891678445, -9.52789191031546, -4.691066297498159, -21.038975125582777, -19.600976274499722, -17.396579583010652, -182.74464266719852, -31.402987411436328, -75.52504588212999, -55.24292947622809, -47.965025647508355}
Generation 23: 234866.0 --- {50.93293360476034, -34.539267850504594, -7.485947064409702, -17.816691598584057, 3.5607835904050074, -30.200439870264205, 5.893374657900333, -13.76490022501095, -1.2704488344480511, -8.139366446436869, -151.51114069860634, -36.46387558503533, -95.09009087562485, -57.51470246283175, -41.95567966369192}
Generation 24: 441196.0 --- {49.86505428191453, -35.223214693584964, -6.2021744338898355, -1.407317145546962, -13.907484536154383, -18.64044399665598, -6.144297406847544, -28.377289617493282, -3.953392840408295, -22.950635850464472, -156.11530181691978, -33.340237223436894, -68.37664441638546, -42.59201360061876, -21.343402248059444}
Generation 25: 291408.0 --- {66.56356594788176, -42.544387443227436, -25.667261682701913, 1.4412246251713219, -1.0662886697765135, -31.582662035626768, -0.6422836228793742, -27.251612968873943, -2.9364449827499097, -20.849076503061127, -179.76730147989906, -48.15526818649356, -62.31722029405843, -36.660489699571386, -42.98739726212955}
Generation 26: 619104.0 --- {83.76465856624044, -66.9835793905697, 2.2161095827841635, -4.100543930029787, 14.178632177687037, -21.312285839476242, -2.972583092511208, -25.00685035735665, -8.19625364235454, -17.30366905227242, -207.3094246872184, -61.277884379817166, -83.00917064303624, -50.49850256478888, -45.75124284960689}
Generation 27: 469781.0 --- {78.8707782535858, -62.56138361896335, -2.6303748538686973, -18.53851511281627, -9.989321727876295, -22.638418747708442, -9.521935236748748, -26.88851622820866, -15.977656911698617, -33.502322862321925, -197.67712897103695, -51.079378976540006, -85.6324101992543, -50.32412614146659, -36.32629939882426}
Generation 28: 327978.0 --- {66.56356594788176, -42.544387443227436, -25.667261682701913, 1.4412246251713219, -1.0662886697765135, -31.582662035626768, -0.6422836228793742, -27.251612968873943, -2.9364449827499097, -20.849076503061127, -179.76730147989906, -48.15526818649356, -62.31722029405843, -36.660489699571386, -42.98739726212955}
Generation 29: 550678.0 --- {66.56356594788176, -42.544387443227436, -25.667261682701913, 1.4412246251713219, -1.0662886697765135, -31.582662035626768, -0.6422836228793742, -27.251612968873943, -2.9364449827499097, -20.849076503061127, -179.76730147989906, -48.15526818649356, -62.31722029405843, -36.660489699571386, -42.98739726212955}
AVG PERF OVER 50 TRIALS: 143837.52
Generation 30: 401496.0 --- {60.89484278593137, -49.5410009656868, 0.31103310204398404, -8.193398990927903, -17.259169949282064, -22.94011428675389, -3.459718869251935, -32.00452441139137, -23.73216229159062, -26.39283368012929, -208.02030257915945, -63.773998178347725, -98.56265057310279, -63.879781716312955, -51.25473366505805}
Generation 31: 1053222.0 --- {69.90164573415129, -70.82563905171556, -5.216139139168972, -7.187766624263592, -6.803813434656396, -20.935058882378232, 6.81521573103697, -25.353923422287863, -7.112817143947027, -42.723419588242606, -207.47689649803223, -54.867858826137045, -99.51073720769963, -65.78003719534877, -46.17615650644553}
Generation 32: 424971.0 --- {79.12346649068736, -67.0876875313089, 14.707043250269733, -38.81669149383036, -22.14566493213539, -22.963648258052913, 16.600980194136806, -9.603843484580413, -7.2870467398673355, -4.223446615258638, -236.47108073715657, -79.00028818658333, -114.06160498945812, -108.10050210137373, -11.60155190680711}
Generation 33: 728607.0 --- {73.20559923213523, -71.97445868649382, -5.151142551753405, -8.243046281342728, -18.710332160294858, -31.198439439123376, -1.3178414139985688, -10.654997494583238, 4.508296278786908, -15.041686998021348, -224.36224874599264, -37.04871872644719, -83.983318576118, -78.33489565209146, -24.89932957656663}
Generation 34: 337316.0 --- {91.2309873671201, -58.809752878493725, 16.272098467128806, -10.95345098540027, -3.2100968130730063, -29.5006575473289, 11.69210824299568, -24.611499317452658, -11.881716577650247, -23.732767191597972, -210.0696447864251, -86.90430018966086, -119.48475064321303, -73.81566848571497, -35.14342214214291}
Generation 35: 314526.0 --- {74.87087636888702, -48.39710758367469, 9.649331971379343, -22.38160165685661, 1.9544291312626978, -37.219647165618824, -2.9238227954503175, -6.3047910180977675, -37.39035468046499, -30.289234105368706, -217.59433480407847, -78.14786973322663, -96.12092595763512, -62.506997532570225, -43.28800123700931}
Generation 36: 387623.0 --- {78.23093704847523, -64.37347852058056, 5.865585078244491, -14.334233567781125, -15.104027771212142, -35.0902089923765, 4.23213185949967, -29.063026856838377, -30.709245718871628, -17.569497338838715, -217.58206091510084, -52.21519511329904, -109.89028332600626, -55.486397345092364, -64.96468337345385}
Generation 37: 732095.0 --- {82.8350647063142, -66.38608959700267, -1.5517894311819043, -22.478317018630356, 5.195987773257652, -29.930082249317685, 11.808782533615618, -21.739128718662627, 16.30015815602085, 3.1548915001256184, -275.7208286092365, -49.665877171251054, -75.0309724845479, -93.08910685998481, -47.34166172977708}
Generation 38: 824651.0 --- {86.93620599475355, -50.30968222238426, 0.24908454645651967, 6.630654989946828, 0.2447053863292865, -13.571466838209531, -5.68851328662328, -33.73784135018414, 5.577051417682771, -8.850112873069927, -252.48142799842066, -73.38123039482514, -80.41882123846034, -68.48483415186367, -45.15739794077501}
Generation 39: 482842.0 --- {83.57246770736451, -43.212691890839565, 10.242783983821813, -9.72085038423124, -9.640244364107724, -40.170985648409236, -16.727932048749942, -12.810338079991014, -29.490247705790054, -16.461549472700874, -235.7579927419808, -61.432750815898245, -96.10694033289711, -64.28108697660215, -46.572466070498976}
AVG PERF OVER 50 TRIALS: 181006.18
Generation 40: 849464.0 --- {83.57246770736451, -43.212691890839565, 10.242783983821813, -9.72085038423124, -9.640244364107724, -40.170985648409236, -16.727932048749942, -12.810338079991014, -29.490247705790054, -16.461549472700874, -235.7579927419808, -61.432750815898245, -96.10694033289711, -64.28108697660215, -46.572466070498976}
Generation 41: 1124722.0 --- {83.50835245233492, -63.69411440428081, -0.17242725353794164, 9.14492570014204, -4.521754838783295, -37.249517781265695, -6.73628588929283, -15.12193375673742, 4.720356952873448, -9.393559479002889, -265.06648380227773, -64.22084498520773, -83.34354892010782, -75.31044027963955, -70.887504102065}
Generation 42: 763426.0 --- {83.50835245233492, -63.69411440428081, -0.17242725353794164, 9.14492570014204, -4.521754838783295, -37.249517781265695, -6.73628588929283, -15.12193375673742, 4.720356952873448, -9.393559479002889, -265.06648380227773, -64.22084498520773, -83.34354892010782, -75.31044027963955, -70.887504102065}
Generation 43: 424492.0 --- {77.30824951930114, -55.28070626021974, 3.5161401410004274, -33.30978955963083, -12.76961420304536, -39.52214192789669, -9.537901709875582, -6.3383220741834005, -25.342043807928995, -12.512634619601865, -246.01000974861321, -49.39472253650671, -131.03730514845313, -71.75120481866938, -56.718351256052685}
Generation 44: 1403655.0 --- {79.4133707130959, -70.90210390867273, -6.378318647105447, -3.029724493958872, -3.701920439257875, -47.365175971445325, 7.441111508464703, -26.2508771841912, -18.256562661049564, -43.36419946267413, -266.7193537010589, -51.582085504103134, -122.11460111461642, -60.10621109034326, -73.18346986374038}
Generation 45: 729385.0 --- {85.53116961657229, -45.33439892194728, -11.945326180534934, -10.429630310257414, -8.329471382426409, -35.61439558874962, -1.9306464939599985, -44.77168732873567, -8.739079631528728, -17.191722157740905, -253.8077758817756, -77.71736035952128, -117.09313158569044, -66.74751163408158, -71.97463839808154}
Generation 46: 963608.0 --- {104.11112364073324, -70.34296524281163, -15.192931938388325, -2.4115201903846355, -10.612895755987992, -56.518733307968034, 0.13856568195693297, -28.04680841022641, -24.09667868614, -23.246479237839733, -284.80145974619086, -73.32494705705024, -84.35868302352233, -47.48155167526521, -66.80430425455003}
Generation 47: 726385.0 --- {90.64628508405019, -72.06264449783657, -2.509581358114519, -11.792060747277567, -11.784219485866938, -38.72165639822094, -7.382293534837853, -16.265809637212598, -25.39333782260212, -24.213381678892116, -287.86131174131657, -67.5892768919432, -83.1147427745964, -55.106195896735066, -67.7141200597822}
Generation 48: 542320.0 --- {101.43712474461205, -87.17963628013138, -3.1630385960906144, -19.45842770783984, 3.330945721362692, -40.914563388517905, -10.577890744551842, -12.420510608858994, -15.626226641314085, 13.908331835474812, -255.31020715095542, -45.92595799345223, -102.5166818577218, -76.29198886967428, -40.03202888445091}
Generation 49: 568591.0 --- {92.72304155130426, -59.93889964109546, 4.503057671987238, -10.781331985932983, -14.142862994193413, -35.015484813301164, 17.08520563714443, -33.04164315545132, 1.959406157219945, -14.87849113176061, -251.61719352046282, -65.60810286368275, -86.54347059692228, -71.7613904306054, -48.42211961201055}
AVG PERF OVER 50 TRIALS: 227903.6
Generation 50: 406512.0 --- {70.78546615954073, -63.78022292180092, -12.69957936894891, -15.910482610397134, -12.779960058455131, -36.691040304650855, -5.298082471722823, -21.109093720850236, -14.593108860544167, -25.99836165932813, -268.2878130379131, -54.74996747156575, -47.440871421401596, -58.696605294323625, -49.93580793174169}
Generation 51: 826969.0 --- {78.64577089892008, -73.23424635777182, -4.367748379074533, -17.11635604337628, -19.417036242960116, -41.049139850928945, -20.257172463329354, -27.907803808513123, -27.111224222409145, -15.744503089098524, -295.7896392421678, -63.819676749198464, -71.39294927647289, -44.5797465348884, -87.26025753720886}
Generation 52: 943945.0 --- {78.64577089892008, -73.23424635777182, -4.367748379074533, -17.11635604337628, -19.417036242960116, -41.049139850928945, -20.257172463329354, -27.907803808513123, -27.111224222409145, -15.744503089098524, -295.7896392421678, -63.819676749198464, -71.39294927647289, -44.5797465348884, -87.26025753720886}
Generation 53: 771630.0 --- {74.97937589376176, -61.891547689296935, -0.23828769181960224, -22.086126444818852, -21.037642112766477, -39.250985189677955, -23.46433892628268, -38.935789338303316, -12.339380870246575, -2.54519068517995, -296.5141080968031, -53.974360692120854, -69.49330801395969, -43.3766904711423, -87.11458887789422}
Generation 54: 451659.0 --- {71.48607223457952, -64.94614787592768, -2.346203434636325, -6.8223934463555125, -15.420781266244834, -50.20958157350224, -17.070664631887915, -12.778895888722605, -25.165534318393302, -43.26380420097027, -273.0374040572732, -71.04654853701226, -108.28638268557911, -58.57713140404452, -52.23417651917992}
Generation 55: 529590.0 --- {75.560117109974, -73.9964273360629, -0.5917354408401398, -25.88054614341927, 10.748380852366047, -24.05310387806542, -9.392683406997731, -26.50621983903948, -29.164411199046334, -15.247590587807254, -266.1486175782602, -71.42718712335771, -108.67817016832754, -59.337571686729795, -65.35192897436836}
Generation 56: 897834.0 --- {94.272797867105, -76.57097510328202, 2.839044017656007, -31.206685828962502, -5.366574410478876, -65.14942194921686, -9.092561148996577, -15.581301820319972, -22.89225888017604, -13.032292532045894, -308.7060677908571, -71.32091736989707, -82.99465847077687, -40.50127189069803, -98.18160058189835}
Generation 57: 699858.0 --- {76.40359502166856, -48.34633545436112, -8.457955749548182, -21.12225859987288, -10.688923936855822, -27.154117485104344, 6.643879361111279, -35.69038154185413, -25.004439257200527, -40.78103230882398, -274.1493947851742, -64.84391534896213, -110.83173402143358, -59.974725807015936, -67.73707208310205}
Generation 58: 486210.0 --- {100.57219112838158, -72.83103456346585, -0.22864182622153045, 1.4567787176141316, -10.598372079409335, -46.935275575343674, -2.493866098675528, -22.253467728680928, -1.45434657883969, -16.69420062379976, -282.91399122510643, -91.09132887524734, -92.24412881136793, -67.27247974123347, -64.30266667821626}
Generation 59: 720933.0 --- {82.84416383286165, -78.09859792832589, 5.332209861207832, -33.756069184974244, -11.75937060192363, -71.55299119572973, -1.2952035708597491, -41.415362651625074, -34.7711191016556, -21.715774381623337, -267.05637291041455, -44.76402659481481, -110.02933547381656, -53.657994818970764, -54.130733647010956}
AVG PERF OVER 50 TRIALS: 202778.28
Generation 60: 573061.0 --- {105.89870001096287, -79.46039642456859, 10.828845994734133, -20.013532364517083, -16.8508346117169, -51.92547009521069, -8.791487225121044, -9.436500353880696, -10.252043795400057, -15.488865589311462, -284.6339139930042, -77.35825762229271, -104.12477270241328, -52.32618951192924, -69.19296722456382}
Generation 61: 785030.0 --- {91.89739971204686, -55.8821511767284, 8.843979099036371, -15.283335827630987, -10.539850170184605, -41.27130496435993, -4.835897025193972, -27.335710727705113, -26.297847833105685, -47.17008739832714, -256.5758896755253, -78.8156673103819, -102.06548195032818, -51.49474744304675, -68.371393450141}
Generation 62: 1017047.0 --- {114.6391049883856, -87.34525660644951, 14.290696288286174, -16.073996329764732, -13.19336828929845, -55.247950678853144, -8.043690967160115, -13.170320079194456, -12.897576420917183, -39.10491178013614, -272.5347076008143, -76.0833915156062, -101.25633452622954, -66.88331786680035, -51.29674182783873}
Generation 63: 1252464.0 --- {74.12729928483525, -66.12559198606314, 3.6231576970572483, -24.546408949385015, -13.278307132989593, -57.74700726145701, 7.446495987491204, -18.762047550380668, 0.37147318210944036, -18.904016973008176, -253.07375065657578, -79.8283825029045, -107.33289447597771, -70.23161635872117, -58.72932147971042}
Generation 64: 604098.0 --- {99.49954335520846, -66.84692313185874, 10.333172863445464, -14.110645822430385, -4.697407475118206, -39.94998429113781, -26.595187488659164, -22.949026067840485, -22.262162395822138, -21.672184875042042, -303.1890316584223, -51.864300375516024, -91.41868906755028, -55.95517486723162, -54.952603039004394}
Generation 65: 706882.0 --- {106.71474163032981, -62.515941637398015, 3.2148086369161515, -16.623460143706364, -3.8728447888140423, -34.840416383441806, -8.433379691730048, -32.21849855438985, -18.844676542530387, -36.11937444519936, -289.9393512457973, -61.82689938883952, -84.31773588852505, -71.46014310665166, -34.10504517428048}
Generation 66: 788436.0 --- {106.62518413347114, -58.12426314561507, -22.851733343483257, 2.7473429296283136, -9.050730093174806, -25.66857170190526, -6.991506768665763, -7.254676990229074, 7.626028130070695, 10.235672472547666, -291.6141187160702, -87.7527157892949, -107.40812479853743, -82.9961695254224, -79.96240703153077}
Generation 67: 1025166.0 --- {95.36243095224292, -93.8743641457202, 0.07670649608618074, -36.69973044218517, -19.1857227222362, -41.86233867157014, 0.6818762930146214, -27.82344379758482, -6.14131566675354, -15.941099259718964, -279.0622314131463, -86.09542887759986, -106.77146559086476, -71.23401675620572, -59.29136388889824}
Generation 68: 714437.0 --- {96.65500575798524, -54.90220741184225, 10.682586064751028, -11.336203539538811, -7.152035993758925, -33.905946668094494, 20.484719292036793, -19.190295719268825, -10.519481892836858, -20.274103805560188, -288.1911730139104, -51.44513448042569, -106.41907558509207, -85.25484675533582, -72.55588136746401}
Generation 69: 698909.0 --- {87.0578769363967, -70.89781626305866, 5.2179744715502245, -13.644686510315289, -11.102884398211838, -32.88673387030041, -41.94854404939982, -27.784147246945434, -34.93393527008098, -28.5161735785044, -260.03994124567794, -72.15756716989111, -99.56702925553766, -48.95219927194259, -46.24999585900587}
AVG PERF OVER 50 TRIALS: 107529.36
Generation 70: 618361.0 --- {77.39490562519325, -88.68741407829526, -28.8004684571369, -23.0275590037477, -5.649849681928565, -25.173703127298342, 15.760924152641131, -4.761797030353339, 16.048290896437454, -20.133647348790173, -283.74924007471424, -84.78365037882, -129.16551995707246, -81.99997001259055, -88.48275037892364}
Generation 71: 613108.0 --- {104.48291300715007, -69.68158916467539, -9.039015461393376, -23.920674852677394, 0.3900867903308356, -32.26000009840327, -9.443096866476978, -15.862541885418706, -17.14113111059661, -35.64518917797602, -288.1349461495864, -79.08421523189469, -103.96613306348353, -52.08460029032988, -81.22616341639554}
Generation 72: 651167.0 --- {82.71052717034982, -73.71962917909615, 0.6814409836624575, -20.92778969186277, 0.5538459640635995, -70.51568064830475, -38.25740834616443, -39.786194199263946, -40.38809471262411, -59.03237176285504, -305.11980397574405, -69.34815368608096, -78.20858285570347, -25.357052284913543, -48.15616969680018}
Generation 73: 563425.0 --- {101.61735311662409, -71.02966805105027, -1.9828235163992605, -6.372674989468974, -5.1071727562308595, -45.49925264174019, -49.12758039222356, -28.510328824491193, -12.587126345932361, -31.972378042089098, -336.4962985058125, -99.89172861670922, -93.56869490248704, -60.57759904304555, -57.75155542993893}
Generation 74: 901860.0 --- {89.71982138742861, -71.43130108046859, 9.02926226260531, -23.125942478361175, -19.163941698095364, -38.798193270420526, -32.75075437877252, -24.670983089252744, -29.58067690500056, -16.06564196888189, -302.5604504507386, -77.89659760609314, -100.00630909898918, -66.23898504167731, -60.37521591614161}
Generation 75: 1301711.0 --- {72.67394949997605, -80.64874479739441, 0.900999928021256, -3.6770178667561417, -22.253881999908252, -31.634158637716062, 10.049134473724113, -22.533858688956116, -8.599087491026234, -7.375954863502656, -290.7471851000169, -91.84340821689932, -96.04747417321664, -81.85516842143659, -67.24295689188037}
Generation 76: 876292.0 --- {88.72169915990948, -71.53626725914411, -0.15366342248321951, -10.63872162320815, -12.154695342890157, -52.82676280370044, -29.020391084798497, -15.138041944036255, -12.965413859429264, -36.71148932088868, -308.230352149364, -90.76656028218792, -102.20674760724255, -51.640803724231205, -72.01587593844087}
Generation 77: 686712.0 --- {99.26755630639764, -73.80198661831194, -24.477778340837503, -9.847176843184625, -12.259053784381909, -63.86781378992882, -13.99828781648253, -21.463109750782586, -13.341810614173607, -38.41323216736822, -290.2121094030898, -60.45459648492235, -109.06542416649134, -64.31548991464444, -60.69897997479042}
Generation 78: 564905.0 --- {95.06430146688174, -74.36504343710004, 9.036492748950565, -15.974201108245154, -4.183428355123274, -61.075153158010124, -15.446949290096441, -36.35366252244479, -13.081124222979398, -18.223883565023183, -280.5150196367801, -76.60981804714444, -99.50486969807898, -55.85335723617947, -66.85054955654292}
Generation 79: 797135.0 --- {91.64593916789639, -70.57931337167716, 4.308332536887362, -3.4699106411155114, -9.300864626030501, -60.536405127210934, -1.786723051091247, -49.65133934817855, -30.683029879308716, -37.369917164194625, -341.1416427522487, -70.69549501777783, -72.38193761113438, -55.58820645111666, -82.82869666736151}
AVG PERF OVER 50 TRIALS: 143116.96
Generation 80: 1073128.0 --- {119.53444282754614, -65.23422246081017, 22.118017441334608, -16.138340191578646, -0.968429493311926, -54.922973174990844, -6.562289961997745, -25.15275763694905, -38.96769355035993, -39.30843113814608, -302.93129225889595, -75.57263733345529, -126.31068246632896, -62.33780030371647, -69.20122099349426}
Generation 81: 1003389.0 --- {98.40119485195576, -81.34870666148494, 2.7955833459363135, 3.806740045837481, 5.361656334046806, -37.16681448478396, 13.787389167904845, -31.635316129860797, -2.1443994682411542, -31.692210810881008, -299.7262354831187, -72.14567615088866, -89.86038395272543, -89.02920787116612, -44.87577369009166}
Generation 82: 1018936.0 --- {78.14576229724885, -45.408556399198105, 8.411200160244018, -8.438220771244673, -7.701634637101709, -73.58104904861689, -30.628951293092737, -72.63264892537764, -36.75356290455069, -45.370217886321726, -343.96223097640853, -81.29360828860963, -63.56089930545162, -11.615747773855723, -64.95852520260398}
Generation 83: 1369125.0 --- {78.14576229724885, -45.408556399198105, 8.411200160244018, -8.438220771244673, -7.701634637101709, -73.58104904861689, -30.628951293092737, -72.63264892537764, -36.75356290455069, -45.370217886321726, -343.96223097640853, -81.29360828860963, -63.56089930545162, -11.615747773855723, -64.95852520260398}
Generation 84: 977758.0 --- {78.14576229724885, -45.408556399198105, 8.411200160244018, -8.438220771244673, -7.701634637101709, -73.58104904861689, -30.628951293092737, -72.63264892537764, -36.75356290455069, -45.370217886321726, -343.96223097640853, -81.29360828860963, -63.56089930545162, -11.615747773855723, -64.95852520260398}
Generation 85: 1078280.0 --- {95.73721886018791, -83.13767504077173, 16.923653577890683, -23.11166806263205, -15.24288855304173, -47.9467027436639, 17.175590755452866, -31.84236933094006, 0.9583862094603539, -25.173657402806462, -287.6466104964053, -68.69854875026738, -99.6392037001974, -75.61753984842882, -62.11851275599447}
Generation 86: 1163067.0 --- {108.64740679878129, -85.94726010413189, 6.04531920541184, -18.517352197959458, -18.723363616284864, -55.62005177878868, -15.81358561029199, -26.14030033169322, -30.76202517409995, -31.58457415815631, -312.904894701823, -52.2760209286288, -78.70961456065926, -60.05550660748207, -57.76442068316841}
Generation 87: 614525.0 --- {85.29809857352836, -57.175876695965606, -8.561689503774982, 16.105358470398848, -17.826563858002675, -53.900652667887, -24.09579403084569, -37.527384814460305, -42.63734405606259, -38.61363610539427, -338.8844211032964, -85.94903087037329, -65.68917795478825, -25.89002697573448, -75.25202597455068}
Generation 88: 1390892.0 --- {78.37458479421703, -67.34859252998264, -13.257581876426073, -11.236474694140147, -26.885191365859576, -94.65953710068737, -50.230560398383545, -53.900090369057956, -32.512448245357334, -60.95167157069852, -373.8947209876014, -55.77257627294482, -42.88727847909283, -13.80666261859131, -59.86261178925231}
Generation 89: 873734.0 --- {92.29039625668942, -42.17660688493653, -5.883004308616281, -13.907402212176383, -20.627792757535964, -79.10927409253958, -49.90121388941658, -62.6218733941152, -39.812446486431114, -50.09926182150614, -364.7658287224634, -55.36698751934394, -54.537073528009316, -13.1685724644828, -79.47907970938058}
AVG PERF OVER 50 TRIALS: 238417.72
Generation 90: 891660.0 --- {80.67971730123953, -78.88214395841658, -2.935962365337925, -22.342516069742054, 3.580908745035968, -46.487200010060974, -5.574309858619795, -42.17686758560943, -31.43241860792093, -37.00866317527776, -332.62193246591096, -76.30690944044142, -81.7173902293063, -57.27189273236509, -49.211853224350826}
Generation 91: 697645.0 --- {84.76967423753085, -64.00529514561289, -23.88471243345343, -3.512577197200889, 2.4371279159995307, -51.230957452437515, -34.24969215491686, -31.282094155784158, -43.43285320429456, -11.461765644746258, -336.65842744889693, -37.99360112773734, -71.99325928519183, -64.17379367874462, -74.12004467129165}
Generation 92: 796172.0 --- {84.46624041698765, -71.74066310462213, -7.126540081306801, -1.3910865100815926, -27.24475364184022, -50.37615915865365, -11.23260763416066, -44.16256199649735, -33.00784593530102, -35.94814562945354, -317.6305273094421, -62.66224847789752, -92.15259702984551, -44.62169837297362, -76.5216358213926}
Generation 93: 1037381.0 --- {90.91612288578736, -52.54681356827312, -1.8713341102838377, -13.816778916357306, -6.785064148705161, -52.1227017175961, -5.810652919449714, -37.74920532090253, -38.33928628937963, -33.907808386637576, -329.9131139007501, -57.99190449389072, -90.14788262818577, -61.77051097693414, -96.10527489995758}
Generation 94: 826656.0 --- {76.47929800458184, -70.94379831132673, 23.317094700543194, -30.44524349672578, -20.831296457475037, -61.81055992454533, -42.32098019753144, -54.76424948158427, -46.11688847227186, -22.90434535904769, -358.6575217058141, -61.37358722184828, -82.1940527038569, -39.61332166554018, -55.29812075717035}
Generation 95: 746868.0 --- {76.45177143035056, -64.96929665296278, 8.007276283656987, -23.696883762241995, 1.4615281707117163, -73.10990544488317, -18.940174473242376, -51.03550543620467, -38.766788316966235, -28.484239426160357, -352.41893394405867, -42.72240258084644, -80.30841160386039, -56.57016062526856, -55.49596697453495}
Generation 96: 1454193.0 --- {75.55893243636642, -74.20821762714421, -18.944374951733717, -4.442390253859559, -21.928948088784033, -45.9092216857329, -8.174006815371381, -41.26587994961415, -24.201115069869964, -54.01195696019258, -316.5539659205289, -47.78719152481985, -82.04178408465873, -73.68487159796919, -55.025610327883555}
Generation 97: 940348.0 --- {99.342282315807, -68.69522546144633, 11.215268810476681, -19.326791591059035, 11.028078229451527, -66.60367989186257, -42.33342590035002, -52.00445021340387, -68.37568489374102, -38.80941273116891, -380.94336583996443, -67.99647701819838, -85.32743902015548, -41.319584208019435, -77.19500716505333}
Generation 98: 1078692.0 --- {79.51045484685473, -63.10300977038941, 6.385305941792323, -29.474669478734334, 4.534774352635559, -84.49297860406296, -48.507418618475334, -66.71748248468336, -73.38077639593112, -70.36698915978603, -354.91119184169986, -57.51478852739345, -111.41960429606794, -36.76417668052851, -50.79290280144988}
Generation 99: 831392.0 --- {94.76817538071259, -73.28212094817604, 11.78000704303795, -31.668221047878113, -8.523268549324829, -61.17535411123287, -52.64090877506014, -42.46897551487906, -38.44914396376784, -61.886106449152614, -380.7642142297293, -78.8007070264863, -59.891569948164914, -20.543408080588527, -85.91956579007883}
AVG PERF OVER 50 TRIALS: 301293.38
Generation 100: 1327128.0 --- {72.59711379967953, -69.96958347664014, -14.033456985641871, -36.33812098048238, -8.240457765018684, -69.76676918650635, -8.986766374048308, -60.321482128563325, -44.71402087204061, -23.11655631993007, -373.1885769827062, -46.7841091003649, -79.48204834357654, -67.48904913141345, -66.77333621635346}
Generation 101: 1135293.0 --- {77.87784170985665, -72.22997267398856, -3.59216520848583, -23.700444969157154, -17.540980343501317, -91.95650499359593, -14.372735451204974, -40.83756654661622, -39.54247278962473, -24.552103957948432, -353.2288787675823, -30.75392340721901, -99.0945562640313, -81.57019729901572, -56.40294934179721}
Generation 102: 1212983.0 --- {99.90369420254432, -70.58275033168374, 15.725856222538624, -0.2648915767218796, -20.210963935414256, -69.85486384246384, -34.98978242363681, -50.551197867877555, -42.82834658477376, -54.855255751480165, -349.9855880684219, -41.34290396259168, -79.59963107869191, -43.77188297495374, -70.49813544810014}
Generation 103: 777178.0 --- {78.1773678081802, -52.9339912443165, 1.2130987304696355, -21.25419683931676, -6.714577879274373, -88.78497411630158, -21.13572247784099, -53.03774557338841, -29.757258984337856, -46.046980817702945, -348.25748711938905, -27.380844171654555, -106.30074686807617, -58.167736844772534, -67.3244697775379}
Generation 104: 988016.0 --- {84.31275217091417, -72.62922331920322, -2.734811604101598, -19.96223315281514, -21.631888353336972, -70.90422956934503, -15.43917298765396, -59.638539451834035, -27.55470279133338, -25.750067889215515, -343.5413028404364, -32.70490217886839, -72.21294643119322, -49.883783503636565, -78.01950218945564}
Generation 105: 806415.0 --- {94.55048401261999, -65.21008633915633, -8.60808334428423, -11.44924363483018, -11.449447973334976, -77.71149889804794, -48.02233145256564, -43.966535917631106, -40.015313208282095, -41.44721697676709, -331.9206961071376, -37.320288768204776, -74.52126818057612, -44.342834488137186, -63.55140222928766}
Generation 106: 757619.0 --- {81.565946043353, -76.60231289143428, -1.8652814527469195, -41.091342453025206, -15.838362904949946, -72.08693296969092, -20.623262810702137, -45.02230293122485, -34.254437713869535, -39.23751074611029, -384.35180980950634, -59.72491994706414, -75.19098149832928, -59.65244508725249, -41.20020122636197}
Generation 107: 540998.0 --- {90.06092217024013, -96.19873499832521, -11.518975611839293, 4.26868045229725, -24.498093550104777, -90.22277304008111, -23.450388816666308, -53.16668572210993, -49.90271672928178, -24.503011934850605, -307.77386804168003, -36.173675145268476, -89.31446522575271, -33.67381358284496, -83.63667410168554}
Generation 108: 757710.0 --- {88.3540398330104, -74.26538606703667, -16.35407564679004, -16.253335567316128, 0.024242949491483756, -81.54129700763811, -8.102593942949824, -69.83894736929668, -48.83075494671718, -47.48579773680108, -393.8944274464609, -31.05619521450124, -80.4257308851797, -51.80138797443525, -62.63978144253055}
Generation 109: 1649674.0 --- {94.60495135088337, -66.05027797674924, -4.865058508991341, -41.85664288596256, -0.6995773168149775, -72.97021423466205, -59.230453804963574, -59.40176318615463, -51.410338832755954, -40.66816496127186, -348.69206625473686, -75.95212232316067, -66.71224379913782, -30.485065283410965, -58.00811949079372}
AVG PERF OVER 50 TRIALS: 330362.1
Generation 110: 1449880.0 --- {77.25486079910706, -72.76298026037318, -6.401455803006882, -37.10355117044892, -1.7392066485838082, -82.03246238375773, -17.362071881852344, -51.29442546310877, -37.69533280999245, -33.6416211734002, -361.6222410040173, -45.84336293254004, -63.261987057689296, -37.43078536238001, -55.15598792599324}
Generation 111: 1775325.0 --- {89.02978471405915, -53.34863180570534, -14.412953422996459, -23.335171461501947, -15.06679704451572, -71.23464838992915, -31.153843910755334, -51.112516875823886, -40.261277461819226, -45.88304289585533, -338.49657244279143, -66.34751664966763, -83.7904978369879, -41.780757955602034, -62.9950761264084}
Generation 112: 1529876.0 --- {70.83189144795524, -63.52931517142712, 5.735694915412132, -49.07213426503776, -11.700710433830722, -79.24547085165729, -39.10337104722342, -76.43324310845875, -67.26710495428648, -48.832731116528855, -348.13676012380967, -57.098811377299825, -93.065997423842, -18.016387191055337, -62.79967978128821}
Generation 113: 1671548.0 --- {92.1240723923725, -86.96310720946877, -16.269166426693733, -15.425795489409305, -11.199684864697371, -63.51531805800128, -19.53501159012826, -44.664090209849164, -0.933207027422803, -32.22873933929024, -384.0769521546689, -41.07321144726431, -83.84651383342423, -79.9077301399866, -66.42331308324408}
Generation 114: 1960642.0 --- {93.91170490643506, -90.04642429955084, 9.839484185435325, -30.223978931411427, -12.629809906512827, -80.26389315862895, -34.793345496084015, -43.76583590906836, -39.885072415789814, -49.4098864460869, -343.45822184994205, -39.25995188242498, -75.90043938595173, -54.89866825172124, -47.24258372204872}
Generation 115: 672037.0 --- {65.13020727350036, -63.030246432889854, 2.9727927866440145, -12.263599594699338, -22.394364699502624, -60.217076155447394, -58.126304070521854, -57.386678219399776, -47.199482944153516, -26.0836888077391, -357.7784640634044, -62.86803217178222, -76.56816152675106, -50.485156395113265, -58.368851213184}
Generation 116: 1668640.0 --- {86.18107431304988, -57.16877895504159, 5.485797285987346, -30.94085423387959, -11.786186056785365, -74.58186825826598, -17.091145670712535, -60.836682580493814, -47.523110976791344, -23.702181816513644, -365.4508289516233, -71.40017920399134, -77.63000059252408, -51.94044454432874, -46.126744874662585}
Generation 117: 1060194.0 --- {88.12327495892507, -74.94380672598392, -14.749946635120049, 3.203113458605582, 9.246593559520388, -70.31276926731582, -31.623727019456393, -48.6372189302773, -55.39379318298106, -48.805017018840545, -359.25558371161526, -45.22036286728472, -75.72910087318397, -38.02941305000623, -66.1249388292083}
Generation 118: 2396175.0 --- {88.05313197872677, -72.96723627637891, -5.767994832280609, -46.22700522016759, -12.20246283900258, -91.51722595488715, -11.513124790874823, -50.48488172794642, -48.91758297988258, -42.15083584536704, -365.3857134314128, -74.65674387076206, -106.44787812359374, -47.542374794260205, -55.18369955608458}
Generation 119: 1380740.0 --- {111.40136133123423, -79.47607993088073, -12.39935106535684, -20.190585157945996, 6.068726396279054, -85.46233194461976, -18.728944313124025, -45.01954722978763, -45.87867469111125, -27.57684558617892, -390.27803267353426, -79.73291120993905, -86.83435510052624, -73.66726317590295, -65.17157544195135}
AVG PERF OVER 50 TRIALS: 300240.38
Generation 120: 1491862.0 --- {97.96746096772067, -65.46313696642673, -6.442021302659027, -18.508713825810265, -17.46328414350025, -88.58458028432378, -17.339954926329348, -63.99666464892113, -34.56169679760647, -33.230094000841774, -404.8748115280263, -64.10342280015765, -70.78175252466635, -61.65277026768948, -62.52490273150533}
Generation 121: 929307.0 --- {75.99477637171968, -63.37389767700962, 2.900188693672314, -24.015962663855632, -4.092338146960631, -80.94834194216487, -51.19717491048906, -70.51961000441281, -47.97562030532226, -33.578772510447685, -363.15468920626023, -57.62239214406477, -98.34649314428356, -37.538991275785214, -64.51355232049711}
Generation 122: 1125028.0 --- {103.75968531060904, -66.71415522521364, -1.5914440591322156, -42.24370580861422, -0.8302624399253551, -77.07253683664904, -34.443635780679756, -53.11881757207439, -49.6017685065967, -28.397043973193828, -388.54977339332106, -81.08404628643422, -94.76667978599805, -72.71139264083173, -41.73330614763896}
Generation 123: 1450887.0 --- {98.46195713167322, -58.19895822999819, -3.106478127747272, -12.661074035807374, -14.576341639198137, -85.22265753927994, -34.874548886846355, -59.62058278526693, -48.117582232795925, -71.93121419944052, -351.2498435144812, -58.852623713766775, -105.57960692437555, -45.85604366655341, -54.389316307007135}
Generation 124: 1306347.0 --- {96.75686252540216, -87.03345875702695, 4.420429346245185, -14.526104971781029, -3.7303620565019275, -77.40158356191263, -61.357744051779534, -62.922781227350946, -58.78013705414593, -43.435182740396186, -372.6859123919116, -67.94766710539777, -82.21519435509633, -33.80208155445921, -66.4838956607145}
Generation 125: 893200.0 --- {83.44715328805079, -69.90750082000716, -11.68448474340544, -19.22596904561754, -10.890688679450303, -93.89578140862412, -39.06596633147918, -67.27636066053708, -57.09406871807351, -50.47449338834902, -368.0358756089499, -55.52068761389588, -80.74283379376655, -49.4733878819871, -36.55202378805697}
Generation 126: 1359442.0 --- {74.48456028172667, -53.53781403252186, 2.7398712086550505, -8.434097415823452, -18.28001708387385, -74.86110916862808, -46.419844069539586, -55.73907970123095, -66.8553350923924, -83.74974432946188, -351.2228925543619, -41.16659000366799, -132.91962595394034, -42.61488037997275, -71.00523710802975}
Generation 127: 1141697.0 --- {65.12383886892047, -73.21203557259896, 13.217963080283273, -14.604035674181691, -34.30329083037248, -84.22655765597294, -36.601371074698626, -88.76240911736019, -63.584154391579844, -77.9462586789258, -347.6257018583228, -29.660266563648403, -99.8735705041742, -32.49357866900955, -47.615788797104656}
Generation 128: 1115207.0 --- {88.29705521741101, -96.05779242853282, -9.572641242303627, -9.518093031022188, -21.244462258024605, -92.51452380878385, -32.057838343784695, -39.880890504584144, -54.37511749951213, -78.39362161755592, -362.793200052514, -33.568045227475665, -113.53996843766811, -55.139647721161424, -71.35272688207203}
Generation 129: 1152597.0 --- {94.55465684977803, -80.67253266122638, 9.930057213544028, -49.03107480430934, -2.74709410311453, -88.19050050481302, -37.81441526253274, -60.75111172896578, -56.05610059261683, -76.43422970765475, -353.6349405117569, -42.04626539294865, -108.87994795070244, -42.47163290701811, -40.08886016768075}
AVG PERF OVER 50 TRIALS: 253291.06
Generation 130: 687598.0 --- {82.74842324891414, -73.24590115848646, -10.919168572961796, -36.55834079855545, -11.747488004112538, -67.25729183732753, -23.82411894317842, -58.58917639061117, -37.38748172219138, -66.68819057291641, -346.5749621981204, -69.07077953365417, -106.07328216093428, -53.56637911786744, -49.87315885100678}
Generation 131: 1061604.0 --- {93.72134947345278, -67.46634187342755, 9.300860953146433, -14.639290059592925, 17.19848034733187, -83.28883734107687, -45.31838326768793, -78.97072292141567, -69.6728924211371, -48.267406139675586, -379.1619625277152, -76.07804335696093, -120.78300342897532, -51.06777574869058, -89.29605905520657}
Generation 132: 1931455.0 --- {91.14042725549616, -80.8847540895702, 10.038261700549286, -32.86674469186042, -1.5294847143755024, -87.96440851877955, -36.65257992632562, -74.35292422073377, -69.07216676573249, -69.51572374970421, -377.6210402425519, -59.30125721888265, -109.06183918647706, -53.72336602391373, -36.908880041576055}
Generation 133: 881885.0 --- {115.48846443988131, -89.0409671084758, -13.524861422160443, -28.601459035177896, 3.2091817449615876, -82.1699615879974, -36.290832300450866, -58.17230096385982, -55.032475990831614, -53.48545105211613, -375.4339329610323, -59.33319068421008, -135.68187065563754, -59.031700730124605, -82.06793059685586}
Generation 134: 992619.0 --- {84.53835703100101, -70.57663529456104, 7.65249251137137, -30.032307411743748, -4.090993916361356, -93.39284843949807, -29.98199237653043, -86.59320382804879, -46.37508961527736, -74.58557037217788, -344.45912304854414, -54.78039997788892, -133.74829187302342, -40.813237051251214, -48.92590943544526}
Generation 135: 694769.0 --- {99.48754005435983, -65.67370241081346, -17.80205610665392, 0.6312533673703307, -17.344599495611014, -70.27238307948431, -34.9204337190323, -70.40260198927614, -44.18922514807203, -46.12501119911916, -383.4278444239718, -47.51812061706456, -101.93250292353335, -61.645851836799814, -51.54711156370915}
Generation 136: 1141998.0 --- {124.62041531607984, -66.87069018901141, -12.613415333395732, -19.425382982411854, -11.281595022758887, -87.91225003596566, -34.96648786649095, -63.56367350101138, -42.3196791783231, -46.592858778478394, -408.9142884960509, -69.97163531811115, -83.41275296809349, -52.06565599464827, -60.93537582142747}
Generation 137: 1151219.0 --- {113.68865533453196, -82.6993000423464, 1.2944691770360595, -14.461270208888871, -31.061529147860274, -83.94679882125752, -27.335752532456468, -71.91514836113882, -45.12466798356224, -77.87059501493432, -419.48563347226883, -58.92883848264351, -103.27325792448686, -59.29780888554534, -73.47133691587001}
Generation 138: 1222297.0 --- {95.78357063922486, -50.39693415782376, -7.340635744086193, -40.03262346197498, 20.8945888792462, -82.99043595836262, -33.1790171022172, -67.27758505819835, -48.95809711587045, -30.618502701650627, -341.80303103523113, -91.42615405491136, -90.26837484579242, -37.4290225367767, -48.691991372073815}
Generation 139: 4375971.0 --- {126.10592147632676, -96.06988849818512, -6.331702811542631, 2.6932322959819395, -7.786429359502177, -81.62663905123394, -51.403034856769395, -56.750576155573356, -34.49626815964271, -51.47140944278443, -380.2231126960252, -91.22168426752634, -108.17366057161318, -59.39175871301617, -69.66827837347856}
AVG PERF OVER 50 TRIALS: 356169.88
Generation 140: 1181079.0 --- {100.2341854857351, -86.56352718987637, -6.815979881313842, -14.63845950427697, -1.632160610426945, -98.25954018670606, -20.869582634128346, -75.22161255300192, -41.86256238970526, -68.60527358133213, -367.4570675673069, -44.82065100759012, -109.25175189325385, -50.12684325160301, -65.63602295068608}
Generation 141: 1021324.0 --- {128.86898023933855, -88.44844320473851, -3.283902592545659, -0.37617276901162455, -0.8972928177039883, -74.37806785902887, -43.377264708338366, -44.50903941188683, -48.629638543819205, -86.43243597872988, -433.48863033792964, -99.82549374703515, -113.5236961032264, -75.34527128137873, -68.70630036707512}
Generation 142: 1780759.0 --- {87.49277671379548, -64.69996702389406, 4.723156505746668, -39.873141171877215, -6.289549736891912, -95.28010288020846, -53.3479175081197, -64.27770816635199, -59.06693092667411, -60.790731158014395, -351.1000279972286, -73.90332034836653, -106.91539261024977, -28.64213262163121, -55.960377889762206}
Generation 143: 1876654.0 --- {111.39503939788916, -81.56692749492622, -0.5450090914149852, -10.254993072856163, 0.9577832625619811, -76.72889381178227, -35.288956370091604, -55.974569777809485, -58.68154097903951, -71.13740532546328, -410.5354004024251, -59.91605812407431, -120.12844809543385, -69.38257052179988, -70.85594788638512}
Generation 144: 1404025.0 --- {102.40041592619198, -86.82088839028818, -0.9668370084388958, -13.448643491735174, -13.83923504076925, -98.0086102534137, -42.42873614398652, -73.41944999520346, -34.97682477154481, -29.64261514973417, -369.52151994653207, -69.75045750203063, -80.02664152919542, -29.698968504855767, -49.34986024096045}
Generation 145: 1214994.0 --- {108.41296978878604, -93.13250445659645, -11.210688618669145, -14.871085933508386, -18.564796450259138, -79.69658319235164, -55.38542642071552, -69.45258670872147, -39.65619191497665, -60.22103817462651, -374.28547186282026, -69.45715683768782, -107.52068519223864, -42.844819629801094, -61.94455005917909}
Generation 146: 1238351.0 --- {89.74789081955723, -78.5164934048301, 4.29264113441998, -31.6959573052955, 1.0582314628527287, -81.95273689527562, -47.69711073083087, -53.956903286616416, -54.50550860918735, -69.53949043139295, -381.0089935690047, -73.4248984122911, -108.95282453474314, -39.216560365037985, -78.9608773453244}
Generation 147: 1680537.0 --- {117.83876289399595, -96.51231999654715, -9.067965370797776, -10.787159372364073, -12.120270833388005, -102.13541852136026, -28.61611326078676, -46.054080625796274, -42.76393097350534, -59.23565851083021, -406.9425008454546, -60.579148663429805, -112.04704169527446, -65.08282997670902, -67.59351919819922}
Generation 148: 1338129.0 --- {88.14417319401426, -59.08798211329182, 9.472260791392573, -1.8966953529031443, -10.913397723274564, -93.67624224244847, -48.32981835130808, -82.66887436198425, -48.86919988074566, -84.32415347381588, -398.0692242218248, -58.283894908618585, -98.57181731467874, -26.282304842560674, -56.443278298268254}
Generation 149: 1121575.0 --- {101.06859273222463, -61.11336471595513, 6.158802023255582, -6.544955242089458, -3.8350612023061093, -86.60740223174544, -27.286575884742696, -69.6102142051324, -52.38883580651636, -89.66924928191379, -422.79774607062853, -56.08224079079126, -116.65016458491095, -47.69264230136316, -67.52790694598745}
AVG PERF OVER 50 TRIALS: 318941.8
Generation 150: 1121519.0 --- {83.68071606585143, -78.0684912858277, -3.4626711212072805, 0.6042090216871614, -9.175000570816103, -89.2986513348576, -46.00202050261973, -69.37386113611846, -80.47348092295674, -109.91251577917107, -366.5519156850025, -53.9991414035579, -101.5271061809176, -13.802373026122673, -79.58957755852336}
