TETRIS: height 20, width 10. Noise: (50.0, -0.1)
Generation 1: 144.0 --- {11.244098659945296, -2.4990243177222062, -21.847127783294905, 7.003836153085255, 13.531615068859917, -2.471106876580677, -12.030936111258349, -14.260260401496085, -12.525866708722031, 2.628197544094875, -3.673992218505278, -7.235618843883297, -21.02895066955359, -12.030519420636278, -3.793196103501044}
Generation 2: 1966.0 --- {24.930883125567615, -10.609635007185982, -30.60174983635857, 1.0749867271260385, 7.3942535240671425, -15.00817591205165, -13.720984964480193, -17.09209581258711, -14.886556624196935, 0.5599148801390146, -18.525373801232018, -15.797411618427228, -44.19747831093047, -17.222525062873668, -3.6252528382031968}
Generation 3: 1349.0 --- {37.0786719562348, -5.705810092344804, -62.97122446555093, 27.038851007087686, 8.109165470976562, -8.604798437243229, -16.83926812704643, -33.112933974637244, -43.420673375824606, 3.3493412548590396, -46.74167568861101, -18.93173284974341, -97.02451393749477, -50.398646304193704, -33.44744652722596}
Generation 4: 3099.0 --- {29.929406707357202, -27.525412158324745, -62.64686842506284, 20.923266736869344, 11.105111927450164, -16.801903127499035, -27.84757558410139, -40.138200700933176, -19.934110181028416, 3.588420370910161, -64.31627215969569, -15.253659211505148, -100.18059481805345, -41.561448152650485, -0.12955428597943985}
Generation 5: 7103.0 --- {69.75990988259781, -31.209078738789742, -93.22402716856197, 20.09510147558374, 11.415834226784082, -37.856428694133854, -33.50936884491432, -54.54991225620363, -40.65249373745298, 12.066935223406809, -71.69547505590846, -40.35495566949102, -153.59591351172062, -64.95400538562511, -14.512017633293798}
Generation 6: 7979.0 --- {57.57273581224555, -35.546234036064924, -55.339717927774835, -10.188334371935671, -15.721094976012031, -19.69046632377287, -29.123706729809445, -33.044544122672924, -21.25956722222119, 4.86680674729684, -70.90909007755917, -21.666150163288847, -103.50557483223702, -52.9249493855683, -7.14686729589091}
Generation 7: 19971.0 --- {52.28212719705342, -29.757405372583356, -75.89834307458125, 2.8779468772112042, 1.973662855548481, -29.100082616511003, -47.88572147162088, -72.43032209450683, -21.641658069377932, 8.545594178076637, -119.74104503075354, -39.403935617857194, -168.1330946603735, -64.25003174414061, -10.630996516059305}
Generation 8: 14890.0 --- {37.44828155618579, -33.93971910030609, -54.47876873454178, -8.247677960776354, -9.58419364167106, -37.945412181901006, -22.505951322257467, -55.39215160746147, -17.386262305518823, 6.913306627359587, -83.46380923398767, -32.79656504190568, -121.90302409184896, -44.25659167869754, -12.458421329491351}
Generation 9: 21553.0 --- {47.58366404632571, -20.81542485209501, -67.98678459641698, -20.186080669889947, -13.16317641402111, -28.4178927789602, -35.420024574020175, -60.52154906551105, -10.634033225314909, 16.416950847618818, -112.51768587591845, -41.86844257337303, -142.9299095163281, -50.7871956824542, -3.11266223921608}
AVG PERF OVER 50 TRIALS: 19225.92
Generation 10: 38058.0 --- {57.52812387221297, -10.460352169367196, -69.55364709909517, -12.264801481553286, 3.1569988906787514, -4.433634285638858, -26.159352277494065, -58.12207333038958, -22.133894074631726, -24.51223695337259, -159.4935743508447, -54.40882969227704, -131.8343006695747, -90.97608677501101, -16.83588906039693}
Generation 11: 38466.0 --- {59.00854601378635, -10.420033104473456, -49.00212281720049, 3.993351834384821, 1.2836468225624977, -42.0759637390554, -40.59289473074133, -59.95052370677564, -29.854010397144204, -24.1809501683338, -109.66145115208275, -60.625043751250665, -171.13310000329182, -52.026250394247555, -5.714441762891952}
Generation 12: 54542.0 --- {52.13268505645101, -43.334700252049245, -53.759496054609826, -40.19005588982102, -1.277823312493303, -12.94285726065289, -23.316916250693914, -55.238717028060556, -33.0493853257377, -8.151752191767457, -154.31797673921736, -61.799107711311024, -145.49136484169307, -85.21338517642077, -31.1030415461937}
Generation 13: 106718.0 --- {34.09646122275967, -23.519779980289933, -37.30267075236797, -11.026513193642883, 5.6380028232774055, -37.57958623249565, -0.9853670468925948, -47.172416724071695, -25.41170944105913, -47.3043818287763, -163.07518906306464, -88.54399493954247, -160.64492744144243, -73.06246163816913, -21.968723816696127}
Generation 14: 52065.0 --- {44.524305971395606, -18.15964655365978, -67.08237185162196, 3.3431556809338048, 0.05386830852130409, -38.283231073431004, -30.71027411956063, -73.61758326950397, -27.9327706186177, -42.22169034258709, -170.57919259043894, -85.20402825659089, -167.72649831342122, -77.23192199720806, -7.174220590738994}
Generation 15: 61967.0 --- {63.88809274517533, -37.00393394537474, -54.48195026306684, -15.936895938702715, -0.6922896604121851, -19.958489657952757, -1.9477866481776225, -57.52664849384749, -18.549877417040218, -13.569239635270684, -139.33120588865538, -70.45311662755029, -162.25857928401382, -65.8581593836785, -21.722267552735627}
Generation 16: 204396.0 --- {56.27870205556709, -29.84234966738103, -14.479821738621332, -31.612310183792296, -25.67224169311013, -18.223362314732828, -0.29358457122036086, -62.07295109011634, -14.100175841221104, -32.74762628568788, -200.37063484946123, -101.28264775528068, -165.8020100250665, -78.2632351071927, -41.807328367878}
Generation 17: 116884.0 --- {65.37210369522361, -31.47921320783096, -42.86355768333934, -16.12614661751558, -15.10436685138229, -20.581638065949228, -12.056555227106777, -79.87811341997148, -9.269092192550556, -19.982317406829253, -201.7834654110037, -54.10621011724571, -194.23654280354333, -86.83739317061693, -26.57548505494358}
Generation 18: 111245.0 --- {34.44150691774402, -43.179456406587406, -19.711047200394376, -13.804971170741267, -26.3348802328384, -22.15583986120567, -2.564008369055113, -63.490543851214355, -20.571103390338788, -40.4184676188036, -166.6677927643177, -62.92332375607414, -188.37318916221972, -72.99108265535303, -49.390027910946074}
Generation 19: 109517.0 --- {57.918092380363255, -33.94987079542982, -51.98982681317632, -45.74352301473094, -21.021643844002583, -18.427166043497873, -3.6022599197188807, -66.7688723936922, -32.9812907453323, -20.773404691691976, -185.78648666756644, -80.42571235765053, -191.0319374726245, -86.94709593828466, -23.860636122916784}
AVG PERF OVER 50 TRIALS: 54251.86
Generation 20: 117365.0 --- {63.42214994462502, -42.74998914064729, -34.818363760394895, -14.326174107783435, -18.894043039367254, -18.800465339200656, -0.6520076277853253, -44.79382849655701, -16.774694936031224, 6.3615760218893165, -220.68771721409874, -94.95804439053903, -177.9593524816743, -79.65942325313668, -68.9537186517477}
Generation 21: 131183.0 --- {52.00332600151326, -51.22132178564351, -33.163372337930795, -5.27084894947383, -4.957275422191797, -37.89811739036132, -23.348391304323428, -44.16389535103528, -45.847639837739756, -23.349564113886657, -128.76476607693914, -51.89627259192313, -153.58524281314936, -52.059335771461875, -4.337972719005322}
Generation 22: 193417.0 --- {50.89060848964643, -50.75278196307637, -45.19317099155661, -19.968840407371435, -22.360114053994046, -39.05544936727304, -3.3296330394217373, -67.13655207552632, -42.920505795771774, -38.48725460388323, -184.828234722143, -78.00806872473385, -183.94175995589325, -84.53684076092358, -24.285189419015556}
Generation 23: 232269.0 --- {77.0183290961203, -40.28602379051485, -11.799175712214652, 13.664191409156402, -7.025941666873566, -30.94404661285405, 3.5982454146037135, -21.89822385637193, -15.396127196475316, -6.993922450284469, -173.29422442992328, -78.29511336293612, -149.70587017442145, -66.7895244347564, -70.02238322965141}
Generation 24: 306955.0 --- {61.146080507494275, -36.12902164868247, -8.06948144778364, -12.909823481703889, -15.233768657750222, -38.717407807817544, -3.9436204384653966, -26.214386805062347, -44.21966039243078, -38.879054313418706, -186.22489285119445, -71.85231450018065, -158.01102458110535, -60.714332360377206, -31.48777514859406}
Generation 25: 338808.0 --- {76.06236514959744, -31.33710036477305, -22.53585607756506, -21.837004858073882, -15.88522843559751, -63.14208541609267, -17.010602556134806, -65.69495089068887, -32.89157396757935, -15.324709700288274, -257.8885572249832, -91.24654828789332, -187.75140184223557, -72.16582170332036, -82.78797857996005}
Generation 26: 166573.0 --- {84.47957130240097, -34.76430148321303, -16.67927836263521, -11.441375373738195, -5.652483206436746, -63.58665203691845, -6.672946680970293, -23.26558853569552, -30.83559611718954, -13.10623959367853, -198.24004430265992, -87.08749664789879, -164.08620860603662, -60.90077423576615, -77.18915188436266}
Generation 27: 351744.0 --- {64.10701452554096, -49.108423366878945, -21.273713842207112, 0.43716424988214087, -27.291158210730206, -58.642832632939076, -9.553691722086086, -37.568972098056506, -21.21733798531749, -28.514358741655546, -229.9381368017663, -81.56288387907594, -172.21615860924362, -53.34465288379647, -54.18814792356014}
Generation 28: 342709.0 --- {92.76378086245785, -34.701388272213606, -24.133164032154596, 2.7277303821704866, -22.797060233132434, -49.000676350823596, -32.06876705499398, -69.35512670421033, -43.252633299866986, -42.28575865597339, -255.39976551621248, -85.51810505059463, -176.4170222279741, -62.5404772899303, -71.0424261459889}
Generation 29: 462136.0 --- {72.97881087235977, -70.13490403916126, -7.627950129137895, -28.966508925767478, -16.909640454587315, -32.327359944114896, -14.796566021123562, -28.18622924909999, -36.29759351190499, -19.005280143274543, -201.0400251700984, -97.75374326621159, -170.7353847896344, -61.399605328011155, -61.18645498296038}
AVG PERF OVER 50 TRIALS: 146377.7
Generation 30: 354714.0 --- {106.52645429919978, -62.55293724434924, -9.211554234721053, 7.502052982047573, -15.84643693446342, -50.56786373782992, -20.369207299269668, -41.133037520286145, -17.852268226911875, -27.035557084368772, -240.3661096991932, -101.69627085279211, -189.77834689492556, -70.94696453051907, -81.37894830267581}
Generation 31: 375399.0 --- {81.20227328568036, -50.546787467620454, -33.51895789192387, 9.810897156713935, -22.078433029325574, -64.3124819215795, -42.567450933658776, -62.689884247075426, -34.2105999610427, -25.633362806337516, -257.07327193773915, -91.04570740108264, -180.8337381174439, -44.18564249489262, -59.702984132327835}
Generation 32: 342474.0 --- {76.33551224822075, -53.08117214884866, -0.798197022293337, -14.64246865520801, -25.97125806383175, -70.78160284856486, 6.615327555696858, -59.52220119228875, -43.37156385555922, -46.97134083928237, -328.1941636715405, -128.8655411263094, -183.00453313397745, -58.382430250316574, -79.91560341911196}
Generation 33: 396450.0 --- {89.15664661624336, -60.16762641199243, -11.304563650630037, -0.24996314675156572, -27.806278016638267, -74.49898776305653, -18.101450026439505, -43.09340636064358, -47.189468307416405, -59.74921465231768, -304.93280533424974, -107.96397424055073, -221.03254374346247, -79.50655212230005, -83.5670584393674}
Generation 34: 680598.0 --- {97.91458616565994, -75.61495042338672, -19.77699427470397, -0.18990769937577134, 7.716762717805807, -70.2995275252953, -41.46897373808941, -70.3175410984838, -53.60341855667286, -62.92214137889239, -279.5406268032668, -58.564972587819696, -155.55250482513858, -31.375914193645016, -41.247496125990374}
Generation 35: 537803.0 --- {93.55609306418124, -45.415044522962695, 0.5605033847528187, -12.349328960514237, -13.821696946725854, -79.79899175822779, -14.309987700388247, -57.99235479891446, -50.175189319749336, -78.10900238011908, -323.82229290576424, -70.47532359824339, -170.1955929138657, -58.57357960806013, -75.84956339390011}
Generation 36: 739148.0 --- {113.7298395861126, -59.03226599210892, -7.383108006896113, 15.102199328964925, -28.729029494224527, -97.94172726152675, -37.28302409981514, -46.26726971892974, -40.70890669002647, -62.11257321806016, -324.9302033267876, -109.52078826061364, -183.72048670182343, -65.35112529355537, -83.06924194295486}
Generation 37: 764644.0 --- {85.24988507146499, -79.32276678953158, -1.3438720190287654, -30.16279194660108, -15.108303803860638, -60.94492261805035, -11.740246751646568, -56.721669300354854, -52.01127110176365, -40.35388927074065, -302.27676686326413, -83.40250779073288, -187.93574507617296, -60.11369889970202, -85.965105620696}
Generation 38: 604265.0 --- {89.05239850727524, -74.44537878304152, -19.28147315673168, 6.556515958198775, -16.281766431937243, -70.30902879474172, -48.4959009149063, -58.96921491813737, -18.243550341563843, -49.03486065139158, -319.38448795482554, -83.90880689272733, -134.22973836620054, -59.94779208556179, -53.08343900025894}
Generation 39: 699569.0 --- {106.85001412268059, -57.8322979287709, -9.252001912658494, -15.271006617527304, -15.680638454228841, -88.25123098739269, -32.45780206662739, -54.78159856101632, -51.32412578927694, -74.20475416482792, -331.2551572733282, -118.52458848618596, -206.8286656733854, -65.82086326327362, -85.83903283447889}
AVG PERF OVER 50 TRIALS: 110685.38
Generation 40: 712681.0 --- {111.0019565784902, -71.24745286618239, -35.55341420204374, -20.568569989389815, 10.012950396645989, -85.22684669942213, -13.417095223653106, -43.37337785463106, -62.05101147250319, -61.21606828785237, -293.15528297291746, -104.48159236791194, -194.9412699218522, -66.20090930370085, -87.34659580720032}
Generation 41: 917326.0 --- {82.67296700242349, -61.684304505423114, -13.576898069282977, -2.648390177733832, -16.14374890067956, -67.23704654905795, -12.706456811311835, -41.50738393544934, -34.9607187350897, -33.893098731689776, -303.93158756458985, -102.43595822160881, -157.45874649896453, -71.86329069020097, -67.01801840698417}
Generation 42: 1273783.0 --- {80.46403357270579, -63.37731596929878, 8.43949634516989, -23.449466469248417, 0.826414866130893, -74.30421131444749, -4.360244712447749, -53.75184152384963, -42.67594590215122, -50.14721478197017, -294.9333223904221, -70.86378878962987, -139.05892203656035, -71.6989425197969, -78.36235242435791}
Generation 43: 958779.0 --- {92.45169464998648, -50.52840825390665, -10.992910049153043, -5.712767534510846, 1.1651152072286663, -73.18805559603814, -19.64553442782894, -28.932751132875055, -27.451933906449014, -73.24133330988269, -308.58189194397124, -84.50751566164226, -131.48154515550885, -55.883000049952535, -65.78133427004364}
Generation 44: 659648.0 --- {103.3072890922217, -51.07571107867236, -6.736748076652829, -15.03458114030084, -1.7631546770200135, -74.94735265854959, 7.39000574735967, -45.66052917758395, -29.97407734624901, -41.22145372418223, -366.3107551955886, -114.20366264663477, -155.23882819758163, -79.03819387002702, -92.71719390848156}
Generation 45: 728311.0 --- {96.14233314991662, -83.56070205995675, 0.38902001437392997, -0.49319076018765884, -13.241776189577797, -80.71834810217392, -32.73948792230814, -68.46769002070175, -37.01146619279793, -39.757065119289614, -308.85462507026307, -94.00729539586582, -146.27276059548856, -47.378088668810435, -65.75639373003501}
Generation 46: 1431715.0 --- {101.085707219933, -64.97988902350883, 1.4272745164470129, -22.438916399442554, -17.211053217749264, -76.26345278768406, -29.133664282786853, -54.064668451921314, -34.91979136496673, -14.669775892218052, -313.9157974125361, -84.09862620671444, -165.70356611648089, -56.82403169009352, -94.86948351589021}
Generation 47: 751958.0 --- {130.02698829180542, -59.027984274561305, -10.718941041197244, -11.946830623715254, -23.092293226889815, -79.35292514106098, -43.84558993485183, -53.389657490956004, -39.04278425441736, -32.23758446299635, -329.5921181427765, -118.22592548455813, -160.2455713562489, -53.718086678501614, -89.91534159080672}
Generation 48: 912755.0 --- {101.45957792141927, -69.38660410315771, -24.931013011835013, -10.174038019051942, -26.624625320422034, -56.62940597141948, -36.50390270333219, -56.3336798913776, -33.92580189507076, -25.58663879161114, -325.7506857031088, -91.41396167746498, -184.02173475370066, -64.99251565526126, -82.89963902089005}
Generation 49: 613280.0 --- {99.95561171302381, -49.84503261974167, -28.970645665139568, -18.139720636391715, -5.695178955408778, -53.051023102307816, -14.008191439519491, -48.29205743511312, -27.16864981639823, -29.622001783488916, -292.3195538958748, -98.75087957490186, -164.39541180146892, -69.7285327686016, -88.34801870660951}
AVG PERF OVER 50 TRIALS: 233360.98
Generation 50: 1175215.0 --- {124.40234741548565, -72.16851794873003, -6.840178056623005, 18.967957446679996, -8.121224028715146, -42.665762801235275, -16.383532428162933, -52.762978797731286, -50.04248029994335, -67.45105477028234, -319.0218052022062, -124.38940892926067, -158.6290261658828, -75.56345844467445, -76.86153076935065}
Generation 51: 1193623.0 --- {101.31467208803696, -68.04976157677869, 1.3768185209644734, -9.070680075957878, -11.611955248582321, -76.84065958773868, -27.36191982196274, -42.560161231632705, -46.41427658061286, -55.113723305446385, -338.7266757160513, -111.87545000074836, -186.90600903961973, -82.55337326981878, -73.46931818363115}
Generation 52: 680169.0 --- {104.24937631291209, -78.10550516118488, -3.787800551201683, 16.94314628057881, -27.741295512814027, -72.4700451354399, -23.968513481730774, -53.104021856474915, -46.020328515610665, -36.80836501659878, -323.3514860675115, -105.99276005516772, -155.25741360968925, -68.72686159071088, -71.51636083593183}
Generation 53: 1117727.0 --- {94.86438719828202, -72.72268059798932, 11.701492242058933, -15.290024418202727, -21.795672308285777, -89.20812363658136, -14.692582298592132, -35.931712542864446, -51.371120220488564, -81.64796887847285, -313.97102106735633, -90.60351982112026, -178.85514116162298, -79.1376611962616, -78.37793656315445}
Generation 54: 1136154.0 --- {109.6116722623546, -66.37034659600803, -5.556957342439472, -1.2118022226625738, -16.55971931900198, -73.18601783417886, -19.153770345673617, -77.40756157525799, -24.011134467069606, -37.78425899275985, -342.81118120635034, -88.97076926593661, -183.21906138633352, -71.23429843682824, -88.01379041729172}
Generation 55: 474476.0 --- {123.1294067983733, -72.5013582714139, -19.11579981864944, 4.002162105585806, -7.211366940740001, -62.69148846460462, 4.953915107927827, -67.4443304316167, -3.003379763232786, -14.462382291312394, -334.95695277143864, -104.76174219375594, -183.3813975480425, -75.54037254583604, -85.2900986333816}
Generation 56: 1060067.0 --- {131.52511111289118, -93.40663606680823, 10.215508671630603, 24.400813712599977, -24.03082951883743, -91.8065173744732, -9.235203564899376, -66.89695059030286, -48.141446761966634, -50.732037312438386, -337.64232324628307, -105.8944954682679, -178.2235696713297, -73.94205839853237, -83.32336855955191}
Generation 57: 628066.0 --- {141.63180238416163, -80.47669913476759, -7.867482595141009, -0.29196863720195365, -17.23732868995502, -85.75853665138948, -16.111393263170765, -55.67451214572181, -35.12520849084213, -71.77061652679808, -337.1375430959875, -92.32219683217852, -201.60374140247043, -60.82967047391429, -115.93368479997366}
Generation 58: 536070.0 --- {98.86548386914687, -85.40020015506744, 12.026394736522986, -1.6417103751080635, -1.1854933225819, -87.06975877293554, -12.56454270163838, -61.34704334550781, -39.69082359017533, -69.42990116990177, -323.6812432573438, -112.97047049649775, -170.38007615237257, -64.8973294815872, -72.64161307447418}
Generation 59: 902650.0 --- {104.39053875876058, -117.73989725656877, -24.243976520191573, -21.677112142192524, -14.469521262705396, -108.18994534456701, -39.13466408031165, -71.46578525572859, -47.10081791451586, -47.222786228852456, -338.3690784046501, -85.16606956748261, -190.76263284084874, -69.37573707720675, -40.24558067552829}
AVG PERF OVER 50 TRIALS: 215934.72
Generation 60: 514646.0 --- {136.27883445491653, -87.02983028049351, -4.9113449750062035, -1.4337986049402591, -26.5730669838196, -73.34518530274558, -29.26903989499585, -52.74931877983296, -33.230621678604166, -32.25535781677229, -346.9767812689771, -93.72477630244931, -176.82620119070504, -84.61131312448784, -57.730937726370854}
Generation 61: 408488.0 --- {126.47314596516813, -86.86998273344504, -19.788481567396587, -2.429945224894959, -19.091572598007907, -85.5751171492778, -27.80739644905672, -48.1475665944136, -24.233172014215818, -52.36509572946037, -334.2205035756835, -84.09685896808942, -182.91432208338816, -87.2320150598378, -56.22468801890794}
Generation 62: 927080.0 --- {115.85508582893465, -100.97669216125053, 2.0255627551038655, -17.641728762603957, -20.52905235811261, -79.2998864319685, -20.74761996402737, -64.20112605517186, -41.16012105735738, -64.23502845854014, -333.8915785219267, -83.15307480476667, -161.91405493849757, -46.50348150856827, -78.81390208700482}
Generation 63: 992453.0 --- {110.89405416419486, -80.7417001988069, 4.64570014460156, -3.080693534430412, -3.1495371719182668, -74.70223730940747, -21.69078783559381, -72.17228137644994, -80.90970272301203, -30.414838457462935, -325.95889527529823, -84.89966655998003, -186.33559225008494, -65.04404732255693, -86.52785336976916}
Generation 64: 988126.0 --- {126.41454715316516, -86.97255403954848, -17.31424643198701, -18.490882246440737, -11.936405880365845, -89.44598571256253, -23.094703996652967, -52.338739904954934, -39.75069070886383, -35.89634499397069, -314.0154184230506, -90.55040612736612, -160.53859358092495, -80.52986461025908, -39.936346549318685}
Generation 65: 1154850.0 --- {116.65803405823404, -97.71118235253493, -11.512869386007516, 14.99744329784241, -34.889063575051914, -95.72236374178041, -35.641537269722264, -54.7386846774481, -34.42370393364514, -56.41824883966282, -361.2351295135784, -70.81208527872934, -194.98647854084143, -68.69138861995825, -95.88389695094448}
Generation 66: 969576.0 --- {111.28233873256336, -89.12676311083123, -12.799818324989223, -14.568926310225262, -11.143894013091703, -59.441418784499675, -42.12924933365118, -76.41501733493664, -57.45094723518636, -82.52185201394995, -323.3161515772805, -103.44775130503781, -183.35124345933792, -77.55975194177472, -70.10007987489179}
Generation 67: 749761.0 --- {126.45740184722347, -105.7038306216256, -9.46710588943072, 23.0753899380608, -43.48984070730033, -50.64381246064038, -26.23058818008497, -43.37817669739889, -38.314858192835224, -62.42877284637552, -356.42558166338176, -104.04964780117848, -148.20982609707235, -84.00936602805871, -86.20864876446834}
Generation 68: 1030343.0 --- {124.28358539957266, -102.73189672758842, -23.117317950622073, -7.166827226499277, -34.70545590081515, -67.9881849621438, -23.014267665592403, -54.25463489234443, -55.74640822821658, -57.565917072496774, -376.8831344179375, -57.916055619360755, -159.6959230675887, -66.78869873581671, -84.32831375547522}
Generation 69: 749394.0 --- {126.03474116543873, -96.12824472638832, -2.7208046274958013, -15.892120835770932, 5.091633077643337, -77.84311061656653, -19.658133033351216, -52.349388484850664, -44.15449623044628, -55.70310685463091, -329.68848746375943, -84.73108536141348, -172.09820703979852, -75.6792088573473, -79.24273859772988}
AVG PERF OVER 50 TRIALS: 159386.92
Generation 70: 880132.0 --- {115.6274916888342, -81.80310867250762, -8.241826292832814, -28.092400412745192, 10.425548292899286, -101.39178984756657, -31.347011283578848, -64.78347127677341, -40.6460445920287, -80.96953737487121, -341.022839852749, -91.0836573258898, -202.33051399803512, -81.08861704803742, -50.20740952008697}
Generation 71: 716668.0 --- {127.98549116768136, -84.08667727482629, -17.84720013943104, -4.794924041738483, -28.86066719747555, -87.97627182955415, -37.09815263114294, -63.49545769151284, -54.04186175641682, -82.50772111162134, -365.6049801671141, -83.8930264797734, -167.8414514950392, -63.340637191957114, -91.90444975618469}
Generation 72: 1426627.0 --- {98.34010613737357, -97.97655720165592, -24.031104692392564, -27.33257842445839, -10.517425861708073, -66.00908581811554, -30.897964428586256, -61.90139015964795, -34.43477971724674, -84.24905393600378, -338.5923740845174, -101.56029982714657, -162.59515703697846, -79.35111110727692, -58.3352156558648}
Generation 73: 960040.0 --- {106.0304773916462, -90.63474179362912, -0.980154108081237, -33.16056081019705, -11.245805103319393, -79.220268485197, -21.23596633516217, -45.89055047333532, -36.877337974055436, -94.58368044550053, -338.58511098109165, -67.18030049324187, -162.49686266108012, -55.78932475784434, -80.49342892071392}
Generation 74: 1030509.0 --- {106.0304773916462, -90.63474179362912, -0.980154108081237, -33.16056081019705, -11.245805103319393, -79.220268485197, -21.23596633516217, -45.89055047333532, -36.877337974055436, -94.58368044550053, -338.58511098109165, -67.18030049324187, -162.49686266108012, -55.78932475784434, -80.49342892071392}
Generation 75: 836078.0 --- {105.65451646703599, -68.46646232084802, -13.59351245199096, -22.94332338224816, -10.9504199911213, -70.9520353131112, -40.604092329653064, -65.70958399773029, -55.38363776792613, -38.39149737758399, -346.0669986967764, -68.32198736871132, -145.04991925481252, -61.94971409524166, -90.68367676332338}
Generation 76: 835571.0 --- {98.99586686205164, -86.83174050684904, -19.153943888913943, -28.513190301639824, -19.485948629328057, -100.78594225740149, -28.826589487174957, -49.102496436878575, -39.906989382470805, -98.26962412283362, -358.27038600563003, -76.09026513346836, -183.5940529405049, -61.082841809833546, -106.34228929517845}
Generation 77: 1516392.0 --- {96.09706897272882, -76.99220863446553, -7.575226074761682, -36.911076772478545, 6.3866663285951795, -78.12130662090935, -37.09589202255192, -49.39136864748106, -48.060973133173334, -41.333057612056635, -371.079771303086, -95.1908498731564, -150.59494960096757, -55.78144565938257, -82.19380521238108}
Generation 78: 643690.0 --- {120.38504158858255, -85.31252413135888, 13.564148908025967, -4.657781831698092, -19.871031342650586, -66.07762617096584, -12.673412355362336, -57.194560095673026, -68.94329271114748, -75.65721663340315, -375.13540679089715, -75.0234633519316, -156.9841860797868, -85.442270617192, -121.43549541091325}
Generation 79: 1199671.0 --- {97.72638934527293, -92.37606300093628, -7.425080700417248, -42.003174023358284, 21.053552409620764, -52.38005317375226, -9.994794062686793, -42.32571928789932, -63.52170901622243, -45.39291039510295, -358.9630917432015, -78.19427069406872, -150.94175550272462, -95.31824398101469, -90.31162199428859}
AVG PERF OVER 50 TRIALS: 201175.74
Generation 80: 1237488.0 --- {107.62809867179143, -90.7524545686286, -0.055525067794912175, -14.023028915374779, -4.831869619962906, -65.77814906655895, -5.603618920687239, -69.95898202021428, -55.53818339049002, -67.0767825794151, -386.56817674534767, -68.11601988739719, -157.41983777502284, -83.80530711934153, -121.2775078624579}
Generation 81: 766702.0 --- {113.68245743743373, -79.75354696345315, -6.185977269095284, -27.679851507609214, 5.541027220992543, -54.827322019452, -29.34474342269528, -33.559677607197344, -62.14926655279364, -52.30124437468275, -395.3362338501579, -75.58281117545377, -130.87658764478687, -61.57587172637368, -120.27498078860582}
Generation 82: 1142294.0 --- {112.21923768370104, -92.94400710714449, -2.336995270567718, -34.031339814429415, 3.7117564835103796, -63.34770587220349, -0.5109814676096001, -28.40939428717283, -36.646459844709426, -94.03950179953418, -350.39449716558784, -73.70758772605087, -150.71413679241832, -62.34424912949982, -90.93983095252203}
Generation 83: 1188978.0 --- {108.43986275998381, -72.56330202062519, -10.192663064330802, -2.643573119288206, 3.1280178525656996, -53.13124174575965, -1.53228868494487, -69.8478756853831, -67.93957056627582, -49.20106795854524, -384.4658699771012, -71.17976672056929, -142.91700793751139, -86.99389675138195, -76.28740734986246}
Generation 84: 1585531.0 --- {113.09756299202802, -88.76940543539605, -10.738788129985762, -13.237843286507523, -27.44822299290658, -80.08191561834337, -18.46359058479037, -82.00398302318257, -50.65510022837847, -75.49146941813216, -380.9652687057249, -79.53122758981405, -138.3386759571233, -54.918306593770524, -85.29272288680878}
Generation 85: 1235724.0 --- {128.7777459027745, -113.88637815928887, -11.653149205718522, -25.864269062898103, -29.353704174204466, -72.52253117683419, -12.191606271686208, -76.94101520311024, -52.417066192084285, -56.703795400249874, -407.35537952114123, -94.02761964712559, -171.488389957692, -85.86684744445208, -102.92568596289527}
Generation 86: 1587550.0 --- {123.18173307129022, -84.23966137011202, -5.5403727333245625, -28.498214835384182, 4.358867971191652, -62.0942984581873, -37.6695663131117, -45.038723270261855, -47.66404944250681, -46.487532316106225, -397.85267744443075, -90.22288653625728, -138.74029895192808, -51.57077079825621, -104.89061231175052}
Generation 87: 1100385.0 --- {93.91541399406225, -102.98508368076332, 0.5772927938009653, -22.280165675120205, -28.28209498861583, -98.62332339416892, -36.166232166761866, -64.83269422084311, -47.53420647265902, -65.8476423174948, -374.5932458255773, -74.6870307540271, -160.3861245861107, -52.503637514159934, -84.45298536973576}
Generation 88: 1034562.0 --- {105.56952059931349, -87.37692490860309, -17.26671991220619, -14.29579585345866, -19.35343029833941, -92.28746878036702, -29.79035611745043, -62.09181752892407, -65.54522220571795, -62.55518847532004, -372.3504480214033, -71.55685982194346, -122.96196327260506, -38.56706393803513, -94.57811235205463}
Generation 89: 1217837.0 --- {109.54749678165686, -89.736537331993, 6.731153982602304, -7.330499666000771, -26.543385092046904, -88.16691153333703, -41.41573613560285, -50.60835398030683, -50.13891748449453, -58.62931224933317, -398.5134924371022, -68.01338798224435, -141.00934128765402, -70.8335732022068, -102.53433758001819}
AVG PERF OVER 50 TRIALS: 325290.74
Generation 90: 958397.0 --- {125.59346596693078, -101.44081202628536, -1.744054440760765, -43.15516100628932, 6.564646407646789, -78.4712368774039, -21.3820588002329, -48.25221026430567, -37.45799155205743, -56.95152001736837, -388.73960163875216, -92.71283920468507, -140.52263594268774, -72.9972998045102, -97.71636742379819}
Generation 91: 716561.0 --- {126.96528733615966, -84.64378268358197, 24.76114498101331, -10.767317557415133, 6.981417634129377, -76.17574565174492, -21.454195142400756, -57.22365083459943, -47.23830056908441, -62.461074439014816, -399.2382609835611, -61.474430590027836, -92.29395734287337, -51.277144309549726, -65.34947573761823}
Generation 92: 1294412.0 --- {119.38784158582347, -89.555234805436, 21.010055289893206, -11.40633615739577, -14.520953054389421, -61.78734123195488, -29.278043356402808, -45.72271683626664, -37.02711471163346, -64.01580139395158, -413.49356517529407, -76.36642062154425, -110.5651159271749, -73.32870890575039, -74.06856267756142}
Generation 93: 1022553.0 --- {143.8610293286502, -99.0453748788946, 7.970021118871008, -18.110874152572293, -6.214385027635707, -91.05261093520173, -19.49708780545499, -78.66573532532314, -76.67479687441704, -55.93763182057051, -402.6582776840935, -100.9044082364963, -171.96369600706169, -75.42290259776998, -95.64395364350237}
Generation 94: 2679213.0 --- {130.7608284860884, -79.35565805083918, -0.07032348465776517, -17.277799232493795, -11.425092105441898, -74.29817629675007, -25.260576513795854, -26.73096606202184, -42.38714293098808, -38.47180605189405, -415.2755796389981, -79.50640686448212, -113.12870251110019, -82.97811779283519, -65.79870083256546}
Generation 95: 792121.0 --- {121.9204723137519, -94.53049215179698, 11.420025303435146, -33.504471263433416, -13.624789744107693, -49.75751664389866, -25.738796801265483, -63.72680905859456, -52.0650042792562, -41.53021067766016, -421.6145298374964, -75.83803814530292, -125.30808777090897, -95.49546178985418, -94.29902715395158}
Generation 96: 1232906.0 --- {139.5421642259065, -67.36774890616675, -5.947853223717662, -23.19659618301636, 10.16565965743257, -96.65114959754969, -33.96251589156885, -47.760868032697054, -62.45837781024497, -76.84438454407956, -394.8035613154484, -101.69479209877437, -144.4518246271034, -60.23816144747016, -86.21975128972537}
Generation 97: 1302330.0 --- {107.8727718435207, -72.7341904158817, -16.28834733583725, -17.141170854947905, -19.221408867154597, -103.0811036707333, -28.700399070783128, -59.48031505303405, -40.86651901998002, -74.30168512972162, -376.81344137595835, -87.27149733866871, -134.87570187607105, -52.129708158966224, -70.05205947574085}
Generation 98: 1372310.0 --- {136.886209140335, -98.67857578704434, -3.7321442978489316, -43.62210708623976, 0.2720425950063454, -80.34692548442891, -37.86249269782343, -41.429281216954756, -48.24693260960389, -64.55300797611149, -427.7192560993944, -88.67923211626012, -124.2790235941616, -83.43063738681585, -88.23046102216706}
Generation 99: 1189323.0 --- {110.7140325455539, -86.3065170940104, 4.110603072247914, -29.16361331748256, -15.100669741832164, -81.7795933622122, -46.821890986554436, -70.09295007390068, -43.70233389022702, -61.37210136264384, -405.15607422362604, -75.35640641941505, -111.99345970600308, -67.21092409050752, -57.23663015555644}
AVG PERF OVER 50 TRIALS: 362714.84
Generation 100: 1131170.0 --- {148.17158367341437, -116.8004151563591, 4.235316932046578, -20.89727996227501, -14.053909206556854, -77.15907805087022, -31.136357651247057, -62.07669523710335, -57.877358497972764, -53.4128823229563, -441.33249916033645, -79.44838268173876, -119.36635862417505, -78.58102336194995, -97.56229366472164}
Generation 101: 1449935.0 --- {140.8847308968296, -103.44977523889406, 3.453729069782751, -7.726381968344896, -25.780828464760148, -80.89618491554491, -38.22527633048122, -51.15884229395994, -43.61200721737081, -56.77841653163743, -412.6890979018535, -90.86460175213237, -146.44597544730692, -62.82303554781735, -82.47218752682798}
Generation 102: 1724027.0 --- {145.23076907063972, -122.71425665894617, 9.130157295306839, -23.807781262693148, -17.34061629180399, -106.26744747841614, -37.5567106373604, -64.27081070299225, -45.10481372653817, -70.73978787035396, -442.13984817382624, -80.62096459308381, -156.8670928537241, -83.38555346559282, -87.34383298945204}
Generation 103: 1848612.0 --- {120.7464105320385, -97.72674373986264, 5.796031342269327, -15.174729275929394, -10.785558893765694, -98.5666569925028, -42.14121631090467, -57.97676238283031, -59.792011366988994, -66.92333303129939, -384.9964679261885, -72.21713929630461, -116.59882696986772, -40.19932570266701, -80.78944361148122}
Generation 104: 1335609.0 --- {131.01140975784807, -112.98333141068548, 21.385253351784566, -24.911790289815443, -14.473321120337507, -94.44374823781789, -16.143731498684737, -76.40430103847194, -39.2523440590171, -81.36389470343444, -437.4794477911658, -93.86609636213508, -155.839816315891, -64.68406244291785, -70.05311782309334}
Generation 105: 1510586.0 --- {104.81642105925201, -96.42254946018507, -6.770939809297852, -28.66196074039859, -23.32612876428322, -86.93372489152064, -16.161824323639106, -74.86285209240872, -49.43602851574505, -82.10661106717083, -419.39262454921663, -80.489722913089, -127.94239419428801, -47.867155904172925, -58.80100182753797}
Generation 106: 1184447.0 --- {102.08865743879477, -100.25034584034236, 3.783356434449198, 3.0397899727818967, -23.8527665854216, -88.46753559180279, -31.68097705316117, -77.38991262513684, -49.56504423134011, -85.9655805896221, -405.35642783478187, -94.23139948929384, -157.38798063540997, -53.239503478350414, -69.93957042496348}
Generation 107: 1111025.0 --- {137.24671127631822, -108.60052722621923, 4.24354568745542, -13.778376981640571, -12.59801700396521, -93.99344742537363, -17.55135284629668, -66.48331994375617, -59.78431972382864, -50.178520964166125, -434.95749842928865, -103.07825070877581, -158.2623268242806, -84.47377999684055, -72.54309886502405}
Generation 108: 820052.0 --- {119.68565279910908, -110.99156175869099, 6.055126402895503, -10.297920521494767, -24.528217104934654, -102.36277102311728, -30.251810784036138, -61.09747262157652, -43.27197378680015, -79.51777071394207, -437.76085160783634, -116.95943589510638, -175.18952534933115, -82.76943367520651, -91.23824873792886}
Generation 109: 1774762.0 --- {122.14038774654679, -86.6216856157209, -4.3959485542489585, -23.2901134919639, -15.872986339853078, -101.4173886345688, -45.984515137078354, -80.64802814156161, -48.96648193130423, -80.70288493369026, -451.92030399294856, -103.13165013499109, -170.16965325911343, -89.30264510611292, -59.67112164488137}
AVG PERF OVER 50 TRIALS: 471890.34
Generation 110: 1179814.0 --- {126.30267417839983, -100.04551468331825, 6.522315477656305, -28.741785933358685, 6.140285440617008, -105.26679807414506, -29.881591334254637, -44.57060092455154, -61.70582625587533, -66.69211226398035, -400.28784797662706, -94.87224279994419, -138.0041453041819, -56.05949703342916, -88.88493151920873}
Generation 111: 1145284.0 --- {112.83881609269999, -101.44794969872042, -10.37554267532198, -16.37192913928346, -30.29266156792598, -102.25934524266982, -25.64797703960094, -80.04541985214968, -49.10171923132529, -101.61703544354235, -425.7863840947831, -87.04158275101663, -145.55821830304507, -57.47677005472485, -46.47420464401467}
Generation 112: 841103.0 --- {118.56920010776565, -86.99245450555244, 24.94768620455613, -37.80370279035946, -8.778239276109876, -107.03082805517494, -42.502512631823855, -61.00063205650869, -33.59447440845649, -82.23488976099611, -499.9597274313204, -94.57268011187823, -128.46232321333056, -79.39232396930603, -75.38922098558616}
Generation 113: 1747275.0 --- {101.8673588950217, -97.00430151694859, 13.463193496147106, -24.065003243536147, -23.662108387728523, -101.99414911830036, -22.06731472384368, -85.88369557459708, -39.43061062555509, -87.36148960582683, -471.9272627685753, -78.55087591164457, -133.3956462099495, -68.02800448954409, -74.73028705553646}
Generation 114: 1569300.0 --- {110.43793049814518, -105.30411744624111, 5.175117222902484, -24.85413685541646, -24.538980020875442, -104.61862996204508, -49.83221653530335, -84.53410741579077, -49.62218572116355, -91.38701487212478, -415.33217345957183, -63.67449570258059, -164.4612582553276, -67.2273430441798, -74.0182737642442}
Generation 115: 1323177.0 --- {116.12747802026396, -118.55513255538663, 6.081620106184905, -35.42035449164897, -13.257923265432543, -89.19871807077504, -28.30622741666349, -88.06598761345448, -45.26116249232878, -77.6612230304544, -465.02475018898383, -68.25052118366024, -128.24374036446946, -65.77466863435731, -67.02664479036652}
Generation 116: 1262338.0 --- {105.95220037752117, -76.74072646873412, 6.437525136525624, -34.00481873877197, 5.213416125562105, -108.79667567715218, -21.546000405665524, -75.72310428132597, -45.54895937505554, -73.65549921427255, -489.0459491750361, -79.41907970334677, -85.47952673536687, -61.16511988563627, -82.94622742240955}
Generation 117: 1476145.0 --- {102.55070158363537, -86.22965451676103, -5.811832911046073, -19.431178775437132, -14.42778896128906, -69.07957205334584, -20.34649951938235, -89.47242407248766, -47.52202431819565, -78.85613574380854, -452.32138898931106, -65.26155040848116, -82.99560078535623, -31.817799987737764, -74.38553512866258}
Generation 118: 1738008.0 --- {116.45360071399689, -92.38045301765484, -9.35528250386646, -23.463859081201495, -12.710380003337383, -89.31660732829035, -24.035846717555827, -56.71792746042722, -41.21725192261299, -88.16585752905894, -448.7711373022863, -75.5104088895554, -148.00328308179098, -57.40657036514584, -93.36782954991978}
Generation 119: 1408773.0 --- {139.3617230951703, -105.78036622662503, 26.235612150172173, -24.605255556070073, -2.475995294054366, -95.17177680803543, -25.214705962087187, -78.31026178763031, -39.403048895295086, -70.57104978550694, -526.8036868893905, -81.7566417641516, -109.69799275784719, -92.15961795635317, -73.11150746412206}
AVG PERF OVER 50 TRIALS: 500540.76
Generation 120: 1499233.0 --- {127.03274455163972, -112.20738609739931, 1.7289432066943755, -29.12099403577796, -20.563180327650546, -86.03897215419826, -20.12706376276893, -64.94491459503023, -44.356113101854945, -64.19423561893973, -539.975272030309, -86.02532969628284, -106.18236568797987, -106.50982450851532, -63.62780631869458}
Generation 121: 1406406.0 --- {115.75376445414939, -96.77499695521199, 9.383991298117493, -29.698668933889653, -11.701521993423267, -118.67211329871883, -35.531392215034614, -77.54780988477835, -47.47841329926518, -77.39166461669681, -480.80748612650723, -70.49313070575195, -96.927144074942, -60.727399079335456, -76.2899855276956}
Generation 122: 1135681.0 --- {110.261962926737, -91.46250885897057, -9.532329331383833, -25.121952977187135, -11.660363343427367, -83.57964464009831, -36.424007148438136, -66.2766438284643, -57.413406991680326, -97.80762642660349, -452.4972901519207, -58.83044852310917, -117.15560729380212, -58.05197615993018, -74.76698352116873}
Generation 123: 2842741.0 --- {110.261962926737, -91.46250885897057, -9.532329331383833, -25.121952977187135, -11.660363343427367, -83.57964464009831, -36.424007148438136, -66.2766438284643, -57.413406991680326, -97.80762642660349, -452.4972901519207, -58.83044852310917, -117.15560729380212, -58.05197615993018, -74.76698352116873}
Generation 124: 1932354.0 --- {110.261962926737, -91.46250885897057, -9.532329331383833, -25.121952977187135, -11.660363343427367, -83.57964464009831, -36.424007148438136, -66.2766438284643, -57.413406991680326, -97.80762642660349, -452.4972901519207, -58.83044852310917, -117.15560729380212, -58.05197615993018, -74.76698352116873}
Generation 125: 1236252.0 --- {113.57548792363079, -89.04770211600886, -21.126851810160986, -29.469576099027684, -9.311596418730312, -110.72306984819633, -46.27103739909437, -80.351891971701, -36.6781651043913, -105.32300709109052, -435.5248661046186, -60.5339870285853, -105.04893671786517, -48.607861349800714, -76.09709749056617}
Generation 126: 1440623.0 --- {138.67453847703746, -110.37627404744111, 18.878755644184174, -22.17526995690985, 0.8200219246682963, -110.40594386928079, -23.048077714253967, -98.75705868681851, -60.52955604892983, -52.628861796625664, -512.7044900890907, -72.63551011472934, -125.52130116418225, -74.27996931742526, -74.4815620478057}
Generation 127: 1392074.0 --- {143.22997221018554, -104.85273044629325, 11.645903101929832, -27.802872563843273, -19.00476138391638, -82.0433319521317, -31.016604053817325, -82.309959087375, -63.91571467914114, -85.1531209900036, -468.8430259521986, -83.33623136559777, -129.88302908497553, -63.0024142436709, -99.04052605663247}
Generation 128: 1784287.0 --- {98.85581427220667, -87.53629186286084, -24.394867981419363, -37.05406187992525, -0.33842626001191434, -103.23832514254293, -33.33475749144415, -91.25614048779381, -58.38000514933881, -80.94917883826258, -457.9009428668528, -60.93096248351838, -99.87217860761709, -62.688379551360036, -60.489368438128736}
Generation 129: 1286623.0 --- {149.32506312333763, -112.26222487361372, 24.362438234199075, -21.06888925724054, -17.30449490057061, -83.37216209390454, -20.396864349776433, -66.9850048732655, -51.9179818261872, -58.69459971437755, -542.5570220785129, -97.47777742790257, -151.3756110019463, -114.34240540498587, -105.98319664180197}
AVG PERF OVER 50 TRIALS: 397488.02
Generation 130: 1653501.0 --- {113.15193113192574, -97.72128065060139, 22.174148228657078, -28.567677971359092, 2.2912190418346867, -103.47486454545304, -55.91087045875276, -70.27062197848781, -63.18002179224751, -68.57710013718216, -508.1045989709604, -60.642592645922136, -109.65619960065415, -51.056265410361945, -102.29456870515878}
Generation 131: 1132222.0 --- {109.08913014851066, -101.89945903583985, 4.056658799430858, -25.917289120696935, -9.336129582701721, -89.42230337750921, -36.768081553788, -70.08087667997869, -59.97860569895085, -79.51658511624842, -460.7065988856662, -73.55146663023109, -142.65994415342018, -52.27685453012387, -108.47324419565719}
Generation 132: 1345882.0 --- {135.53497370151544, -107.5790940802177, 27.413334995651134, -28.982379788430915, -7.537426295873434, -108.19916040152071, -46.06797291274207, -78.83085375254907, -57.200149335898615, -66.56624222013039, -511.1948735409973, -99.77542956850704, -162.05980754678063, -77.36504538007289, -105.69448815800641}
Generation 133: 1391067.0 --- {156.15508836306162, -115.1543084617837, 41.14730212700518, -11.993623636247593, -19.507109420123918, -110.11117528168245, -33.8705375717149, -78.55566062482126, -75.6733666276987, -90.32764325864635, -490.9574044538044, -81.27494492834899, -139.826792386525, -75.4972049739439, -77.9772218532163}
Generation 134: 976917.0 --- {141.2437575775394, -117.90318179035484, 36.487607957510996, -39.84184852607805, -15.628504835660815, -99.36098743961286, -8.00444023589932, -80.0257941578555, -55.45124993748183, -35.83337422111775, -590.5702560226119, -91.19587922248908, -111.46044713936644, -95.45441316555812, -82.47544085893729}
Generation 135: 1286894.0 --- {134.57943042133192, -107.55543885193778, 27.86785625862239, -26.833271165038017, 11.687457382809718, -95.92459711100578, -30.646119062981494, -73.09481394589936, -82.69800767387514, -79.61404271314466, -509.93221826788874, -90.77810266876533, -140.25978543902306, -90.07369377474309, -73.12285534106006}
Generation 136: 1377206.0 --- {130.07884501758448, -110.69103616066346, 16.569000737082412, -23.763093680651302, -4.595222973973718, -68.40660382794188, -37.91757971603761, -85.66449822479187, -34.59565012139797, -71.56416083637245, -528.6889308635889, -120.5545018330214, -135.0008635735994, -87.65159245724405, -110.28249118276742}
Generation 137: 781697.0 --- {125.42288386772715, -105.77384308804821, 20.976399661918464, -27.34471233225025, -15.911893483311072, -115.47975855810787, -38.53162634159139, -61.315306007084104, -37.706165187647485, -68.36115766667797, -508.7903165671472, -83.42429851466662, -155.61001671197502, -77.96464969490236, -104.09665152162282}
Generation 138: 1220838.0 --- {117.19430730685617, -94.693669223358, 22.930393112474857, -46.195970711090155, -13.113442606502304, -78.30667060814868, -16.368946271429888, -50.42646040131356, -52.835648327194356, -45.51137922174475, -537.3090926433433, -72.14274565439254, -69.71244771535208, -90.96885444083479, -76.15987182412955}
Generation 139: 1018832.0 --- {141.78005023087672, -108.52467722521541, -4.027143644549012, -34.27471071025925, -10.38588203038611, -81.6246660003532, -8.1707230638415, -113.14991996235631, -44.26110681100682, -66.26703485423491, -538.7540502312652, -91.91002803186292, -145.11276296608187, -101.1143012043518, -73.06047551677294}
AVG PERF OVER 50 TRIALS: 239300.4
Generation 140: 1326300.0 --- {140.54363282237188, -108.64204199790582, 13.095754001599023, -35.464102372276805, 2.320945887872658, -82.83978864833593, -38.89585838602447, -109.85746562202434, -44.89807838821531, -68.10862660252612, -527.6841216979749, -112.03651338816317, -145.1174356708568, -82.30355619464981, -97.79254313879028}
Generation 141: 1533774.0 --- {117.39011769927, -59.489219810590306, 23.267192607857147, -14.29111428514045, -8.16796997512181, -69.81046247231235, -46.60592413072416, -41.17426297239747, -56.22543174989078, -69.6556755384801, -491.5473859106265, -105.28887128020307, -110.77334304834025, -70.35022140662524, -105.93103231569384}
Generation 142: 1097732.0 --- {148.04209995680418, -101.70746201856535, 5.782482653872909, -32.29357110300168, -8.958186585331859, -70.53841453827705, -36.842465950067506, -55.584536641539486, -52.20878354583374, -76.05769643055538, -491.2511910618878, -74.3966799763958, -167.98759884796738, -102.16301400686528, -107.19429273883365}
Generation 143: 1644543.0 --- {152.50861483882844, -109.03714656028318, 14.02323034942338, -39.59001603105447, -13.366813999889592, -66.91275902678791, -49.64946382837303, -60.87070293673967, -27.791155818824535, -58.29322074132954, -523.8560691341245, -128.8728523067754, -131.3618626136384, -73.77884845504762, -95.87785417057432}
Generation 144: 1691874.0 --- {136.33432388612678, -98.18608232164583, 13.241207121381091, 1.2232435945567062, -26.859531975721023, -75.55178739465997, -26.5918879156155, -44.25105664187219, -51.63473984937358, -37.51865900688408, -506.329995673206, -76.9153132088936, -123.9384497448153, -100.41905851121291, -106.08933575823944}
Generation 145: 1175732.0 --- {141.385052925673, -113.09973438427764, -0.02581083255938843, -17.776424770623947, 0.5704042781335623, -82.84234092838122, -43.193016451709255, -71.75004491220103, -43.282820385069414, -72.4189457170271, -531.6158011343259, -94.32127810579578, -125.89857276551946, -89.38586370302784, -118.7648900651278}
Generation 146: 1310478.0 --- {126.4626486399641, -103.88829561232694, 17.244745518940224, -42.57439307026674, -6.554664298350394, -82.77693472360005, -18.742994063020312, -94.99207168063309, -54.16044512915198, -79.13756686569374, -520.2924130791488, -117.9640352404239, -151.71584159123853, -76.59642411426054, -44.0527970059573}
Generation 147: 1178239.0 --- {126.4626486399641, -103.88829561232694, 17.244745518940224, -42.57439307026674, -6.554664298350394, -82.77693472360005, -18.742994063020312, -94.99207168063309, -54.16044512915198, -79.13756686569374, -520.2924130791488, -117.9640352404239, -151.71584159123853, -76.59642411426054, -44.0527970059573}
Generation 148: 862802.0 --- {116.12883909864351, -83.71749269892268, 15.376484769475278, -18.97965100168571, -12.01957233354009, -48.069996839527555, -23.163343323533518, -67.48933738667613, -69.25018840306012, -52.187125520782445, -514.5404002930657, -92.84215654210283, -125.38947504187524, -90.98859843444103, -74.70043690494956}
Generation 149: 1325011.0 --- {143.57159349245003, -99.8197510095364, 4.650771674462153, -52.65786589395391, -15.583405390286586, -93.13104234493665, -16.731659874051335, -66.70396426956998, -35.99055351061802, -31.4290686547984, -528.9197703275054, -129.44087994529457, -135.75949500159052, -81.03816798172443, -72.15213557125128}
AVG PERF OVER 50 TRIALS: 432307.78
Generation 150: 1765688.0 --- {125.49665027189188, -106.83077025609333, 27.67928048400541, -18.035347505115055, -14.661878463993158, -71.27480674355145, -26.412884368911286, -51.55951671563552, -58.381833043549285, -32.575581610343065, -517.888098192894, -83.00511331548543, -136.2526107965668, -104.47704063112845, -87.30394092895241}
