TETRIS: height 20, width 10. Noise: (50.0, -0.1)
Generation 1: 50.0 --- {-2.9393362437898762, -7.822006622526617, -0.5692623599233416, -1.1405647968503225, -17.152074360103708, -0.1790773010541709, -11.164107701590602, 4.436877539492854, -5.204310740538602, -4.571795551927576, -6.303992747161427, -8.947214642163107, -13.940386598316346, -19.337984203563558, 11.142879124604523}
Generation 2: 433.0 --- {1.7366921120702805, -7.857777730636873, 6.019043570479338, -19.084372330506906, -2.251729510902507, -13.821418319097676, -5.6234837380778675, -17.21935851348404, -15.490795352053262, -18.144162241219163, -14.81968766679557, 0.5815166691764917, -29.877598927794438, -13.878791241093086, -9.343365927509652}
Generation 3: 1135.0 --- {-0.06594413084964545, 3.329952966063419, 4.918448637391716, 2.464136254684046, -17.596258295553753, -9.47038592437831, -8.48658454991016, -30.322031249654582, -31.100823359935994, -10.318974927077583, -27.6482954016795, 9.160618717838048, -52.177380493391006, -31.740414928476923, 7.891665581462807}
Generation 4: 1709.0 --- {-6.345268402961989, -28.57829345653628, -27.56833958453248, -11.770316918060999, -6.746070386790519, -33.61660914189097, -34.04481469346048, -56.48822882678846, -33.80901293768033, -34.625150848446836, -73.96644143133084, 7.056099893591135, -104.83279207892065, -37.78550992206584, -20.65086001950333}
Generation 5: 3293.0 --- {-6.311678421440371, -24.10265928101881, -32.371891598484964, -34.62910548544937, -12.55817693889984, 4.557401418177745, -1.8252902909570121, -26.98532912575378, -15.35913074582967, -17.208669756180598, -37.452520772748436, -4.10631639200341, -82.66688360037543, -36.587345487760814, -4.430747729177654}
Generation 6: 4455.0 --- {13.436317392725062, -16.598199294380436, -30.76760155235104, -30.134210977837746, -3.0113709252989764, -11.204465457159577, -24.59355100293084, -12.102615192444624, -23.971717343241846, 12.253569903675555, -69.47397283890486, -4.4139793237823195, -56.31624341826375, -46.80861830679086, 3.647399596154859}
Generation 7: 12554.0 --- {1.9269056368766213, -26.026570743381058, -29.56168284583265, 10.347133953340169, -21.00612112513343, -18.97763962901586, -6.550620055791695, -24.1977846587611, -38.91581016331144, -46.573440522800354, -78.28550762482782, 7.468524777042866, -98.66487683801927, -77.29142211620979, 7.571286216143308}
Generation 8: 13547.0 --- {-1.3476131766927293, -29.88988031217515, -45.568511609216415, 4.77755272497356, -20.909068007955547, -26.255398430179486, -17.702126229225748, -47.28938353915637, -46.22490484554457, -44.255364848969975, -95.12682734570308, 29.190037264962605, -123.44659692263895, -60.82923444203171, -14.740337106436343}
Generation 9: 16448.0 --- {17.689269795537545, -36.23868982294091, -49.25669226791234, -0.20109072327351463, -25.81594045881311, -33.61136227561135, -18.938008509363193, -43.77212999995474, -37.054632411315126, -23.14307788096299, -112.96087516015133, 22.870740814902156, -157.3019239147183, -58.52727380890653, -8.21728059289666}
AVG PERF OVER 50 TRIALS: 7017.5
Generation 10: 16815.0 --- {26.191400185323726, -40.64137139366873, -71.40342645639763, 12.60174047648892, -13.75733011705371, -20.02857680709966, -12.958799962437414, -52.440454149491195, -45.787103678454436, -32.14151241859458, -125.97979297737723, 0.18510782368529277, -164.93089443256017, -55.0953555562625, -31.876034858500688}
Generation 11: 44506.0 --- {31.379723653890952, -70.95141115816756, -23.781522128322425, 6.384991324808719, -29.683874372619172, -29.228027371011787, 7.951491392716145, -47.7828184526229, -23.244512494214526, -48.23079881697116, -145.84245770773924, 47.45449611677083, -166.24315105571486, -88.5486433658858, -12.34655810642325}
Generation 12: 24167.0 --- {43.82429632242695, -96.686004956943, -45.09292528690257, 26.29668448338377, -9.47962363935521, -65.78942616633927, 4.835950051037582, -83.13878753125984, -19.688909427147532, -45.47036262114017, -158.99180838060448, 40.14042407311768, -228.30013398987978, -92.70266196249895, -13.020854731663533}
Generation 13: 28254.0 --- {51.87270995841128, -83.13369750833665, -18.053152195187874, -16.35404953913485, -24.52005423098955, -36.62007578768033, 9.250419542761225, -71.99707730854604, -14.20345754551483, -65.25891927537663, -106.78180449088902, 27.381770255729904, -195.29901385262679, -89.07170592925613, -20.063422444373984}
Generation 14: 42030.0 --- {43.20212080480829, -82.69218374801524, -5.856239465160037, -9.642522279767825, -23.986623081350956, -17.711783999135207, 4.710531465112962, -60.02615926179571, -13.707653893434383, -43.34153960482971, -160.65732194267125, 46.6852239891715, -157.4517022299034, -107.57315750883394, -10.965849837984537}
Generation 15: 63453.0 --- {56.31410762943555, -64.75658998738211, -7.785223737211499, 7.286965471819801, -24.02963506720131, -17.50617931697318, 9.748479940517345, -42.85588023291504, -13.071800596412803, -60.64948902860181, -150.2839103435703, 1.84561034336852, -190.08562306183063, -93.85780134549593, -22.209401682190247}
Generation 16: 59807.0 --- {23.814011392738493, -41.40310751638154, -8.180350858034682, -9.5364248820978, -24.62797429386406, -67.58273543508159, -18.981708777177904, -57.58418794105441, -55.61530651382559, -96.6470228971223, -171.67406193554012, 45.02210388937212, -173.78425772665625, -74.50594602361974, -9.475641791715379}
Generation 17: 80908.0 --- {26.70304851634336, -48.70185736532047, -42.78491282279294, -1.6943658542319797, -29.58635934861598, -38.29771135811486, -5.942821979862935, -71.22714634887552, -46.77473120022059, -70.01307611842073, -173.97477407783018, 22.07677235749376, -163.50357121924594, -80.23841714947541, -12.135505510762783}
Generation 18: 82770.0 --- {25.475779250192446, -56.42994627143698, -14.846740489841745, -15.892298851062339, -20.31822296850133, -26.28147310301398, -4.427129361047431, -40.063816415203675, -46.19989642018805, -33.616707480123814, -107.12751080773756, -1.7129819587986113, -129.4277584470769, -51.74934941680306, -19.126904211458854}
Generation 19: 43392.0 --- {22.83248226247097, -40.297492487220275, -49.500451917428705, -12.778626209468468, -38.6228513418419, -8.255267375824168, -22.756888346494065, -52.40338320350568, -38.68491364932993, -33.17808373450582, -154.29929771369817, -27.696396596204767, -149.32857053130857, -84.3966155665778, -16.675604118868513}
AVG PERF OVER 50 TRIALS: 21810.3
Generation 20: 82745.0 --- {55.01961725614967, -84.74647197984687, -82.78397759520965, -19.23583097077724, -14.827661087993555, -32.33036320724778, -8.642248297903828, -60.35499714812715, -42.32506556179666, -33.944990091757504, -191.55951685120723, -40.49729561724939, -213.00243790738125, -89.85169433418987, -30.247206727868317}
Generation 21: 77862.0 --- {51.83877500673954, -48.307095378047435, -18.57277731733361, -6.589410473245268, -24.091107066684184, -44.1369460883175, -11.8439007746444, -35.26568881237513, -36.66783710013004, -63.496426538338675, -130.34139010646027, 6.263704015152509, -158.15804707995335, -64.82799060525934, 7.740543064530458}
Generation 22: 70275.0 --- {48.9648497228583, -78.43233225647352, -9.815911595351988, -2.622970388157313, -12.241519190808768, -47.52610656484798, -17.26628948840248, -45.07372322026515, -29.98602634719813, -63.4566900221763, -161.1544147303401, -14.6813890086578, -166.2035517729337, -61.17030909247913, -2.5311371547467925}
Generation 23: 120792.0 --- {68.08530071692924, -71.43159974987309, -27.000382873683435, -30.81893500266033, -38.13273839007353, -44.55078339627015, 3.1663971121763703, -85.55971695737115, -16.389496826969, -72.09010383703261, -208.21605082996143, 2.7508928777760584, -268.54250229189375, -133.58456025517967, -30.81381863599878}
Generation 24: 162161.0 --- {41.328916027237746, -84.84783588170951, -28.154229256768648, -12.834379723808405, -24.531632633978884, -42.37798033172366, -4.850105597667118, -50.86717748762104, -32.28643975221682, -39.77893469428854, -210.6424277501869, -20.728110311531207, -169.31199535352707, -85.87134072314751, -25.447348157632632}
Generation 25: 173298.0 --- {36.85841201386653, -83.1074331326909, -0.45705895562955945, -12.887366830030162, -47.07728915419278, -48.728614265081134, -18.120255069817816, -30.08312255716005, -38.14933249340932, -64.20838361329614, -191.18860183968548, -23.160067653623663, -166.95917275416468, -79.26871457730101, -30.529913521310338}
Generation 26: 139612.0 --- {69.28116829409336, -106.18126270546331, 13.97195776451828, -25.889884074486147, -50.42698948110188, -29.119532757497257, -3.451886879151962, -51.08089144599458, -50.66009945153091, -59.77314172248439, -193.67801088765657, -20.94332502258224, -191.45477623459848, -92.49729010500977, -40.016024305647385}
Generation 27: 219194.0 --- {57.94517826210009, -72.99909044258135, -11.256997187098213, 4.424473815462356, -38.67282863677877, -76.47130034045821, -17.11051745313445, -25.99605234984668, -38.49283186819063, -44.62079244858278, -201.90055496480807, -35.69817546872552, -133.58537856899585, -48.84439654446528, -46.93932448212908}
Generation 28: 273055.0 --- {39.43697295198924, -79.12982224278132, -0.015496497672419451, -2.2693690469576353, -48.00829046598193, -67.58835790425277, 1.2371319467902886, -50.39190008019726, -29.95343606524081, -44.17676903785244, -232.65381362973312, -19.05371933042768, -181.73469317264127, -96.31688022793907, -42.97787452677303}
Generation 29: 198186.0 --- {84.93205633049128, -79.00586545636435, -9.548747407638198, -12.891971576283542, -34.719028955128046, -36.557256179644995, -2.478685651831505, -27.366214180335522, -48.88860783884697, -19.443759574825144, -202.36271928698724, -76.55035366415376, -185.09904003631942, -83.0530001886253, -33.505502258097486}
AVG PERF OVER 50 TRIALS: 76089.88
Generation 30: 245660.0 --- {49.66972979851643, -53.28362017961085, -16.439195922451432, -25.626383002970016, -12.488152292400994, -42.67145320096361, -5.297175862809342, -32.273420990971836, -64.2178168663574, -52.464328738701674, -208.13536932259717, -21.51514457361217, -150.87521862466375, -73.1494674694127, -23.465307269912785}
Generation 31: 229871.0 --- {87.2440550279922, -101.33780836992295, 3.8800716216996367, 10.017750211237813, -37.25728780652097, 0.6712982060147468, -8.281014972869286, -49.55302644687153, -60.462011805025355, -61.95582724091258, -211.77829977359264, -95.40248623334406, -209.10348826307194, -93.22195446567203, -36.04599006719311}
Generation 32: 219426.0 --- {84.44466053508026, -61.9932916352313, -20.566229100652972, 20.588508030463196, -30.140045343972158, -41.69018761685924, -16.779438729956304, -62.20306883956195, -51.04167839212855, -45.42866839839864, -236.87123364369168, -75.9281596853836, -176.05307752341938, -67.54093819537277, -53.32436735001127}
Generation 33: 278401.0 --- {43.55589568966201, -66.60034986419382, -11.304887411147064, -10.570807780048968, -30.82937569583371, -58.17014629443589, -10.37853363927705, -37.13652928362367, -20.176096273457823, -68.11498615838521, -205.05293904463855, -55.274892059463994, -166.72073089368627, -55.568786510832055, -26.142774916741004}
Generation 34: 234828.0 --- {84.6760542912721, -68.80654351549046, -21.334717452756102, 8.230894483263684, -17.669104814421416, -28.490575445909094, -1.623653064076903, -56.32720795776259, -14.920676407030932, -65.71560164319015, -228.89556087591754, -98.44455917743811, -184.86735694341613, -81.30247576210874, -37.51980512485279}
Generation 35: 250517.0 --- {64.58012805696158, -34.30684325975596, -26.28450470582481, 1.2464207419823365, -23.157138928702423, -43.72442594963156, -12.331227048238453, -48.754850605026284, -31.58899656316874, -45.2547112784206, -218.75827175408796, -87.630709682005, -156.12116034329244, -55.891899703380304, -46.31308186965215}
Generation 36: 470100.0 --- {64.58012805696158, -34.30684325975596, -26.28450470582481, 1.2464207419823365, -23.157138928702423, -43.72442594963156, -12.331227048238453, -48.754850605026284, -31.58899656316874, -45.2547112784206, -218.75827175408796, -87.630709682005, -156.12116034329244, -55.891899703380304, -46.31308186965215}
Generation 37: 297982.0 --- {85.89640418776295, -65.1246176042369, -24.603192015080786, 9.931751397871063, -33.947038780935614, -47.1740544821287, -27.767079456484844, -64.30366637978153, -63.216117047816454, -55.3777232556861, -238.06466231162804, -65.06903239800957, -195.34880225991463, -90.17754896294579, -35.938975517426435}
Generation 38: 373140.0 --- {85.89640418776295, -65.1246176042369, -24.603192015080786, 9.931751397871063, -33.947038780935614, -47.1740544821287, -27.767079456484844, -64.30366637978153, -63.216117047816454, -55.3777232556861, -238.06466231162804, -65.06903239800957, -195.34880225991463, -90.17754896294579, -35.938975517426435}
Generation 39: 267645.0 --- {77.98794921757472, -60.556840561216355, -11.01185441612853, 14.129311349881549, -16.281760757318338, -43.7984652426936, -13.10523967884938, -44.70814468340565, -43.45222546231603, -36.17325751698491, -232.19187159182647, -79.33227915192525, -176.7830115869056, -93.81630624423136, -32.29992203902388}
AVG PERF OVER 50 TRIALS: 92924.24
Generation 40: 285752.0 --- {58.84593884911435, -53.95776461789518, 23.181084011339195, -16.884501324037192, -35.264815860477235, -71.42190662028521, -19.029338738346894, -41.34002689768885, -60.35927926232979, -44.37750445983326, -218.5654574138976, -44.55571386183897, -177.33517331649094, -61.35922353007545, -26.339693144140455}
Generation 41: 281014.0 --- {71.698107617584, -36.01457107667828, -13.080106037932584, 1.8822611978416304, -21.247761268926865, -64.9957213793257, -9.109605651154737, -35.39061219651448, -51.49604693044582, -59.52857847308583, -236.0906054702006, -72.74451564114337, -172.5783253481103, -86.18179832228049, -49.45494076404359}
Generation 42: 1025230.0 --- {84.41748696701299, -73.29953808257817, -2.4552471119044643, -32.98191566376135, -9.128306138712004, -48.66964400050169, -10.696491581810648, -35.12267932369559, -31.901092868823824, -40.20045715154657, -242.88062394163333, -89.79048782771852, -166.41785087109434, -74.10510181146647, -78.34262242434856}
Generation 43: 343952.0 --- {84.41748696701299, -73.29953808257817, -2.4552471119044643, -32.98191566376135, -9.128306138712004, -48.66964400050169, -10.696491581810648, -35.12267932369559, -31.901092868823824, -40.20045715154657, -242.88062394163333, -89.79048782771852, -166.41785087109434, -74.10510181146647, -78.34262242434856}
Generation 44: 532579.0 --- {95.54166741272684, -49.22147443909763, -11.179743192548404, -23.78096721014025, -13.746807273105505, -59.31763195593955, -28.44157292152957, -57.02717693660226, -45.86380365526517, -61.94617951621113, -272.8215577882559, -82.61107616180959, -184.87261781703177, -71.00856287548305, -98.36216908407854}
Generation 45: 531968.0 --- {95.23094067430836, -92.32434603689529, -4.940962470427305, -0.3943488955783554, -22.758283500853338, -57.90195014565735, -22.277433684943468, -52.44909478751737, -59.19782275199636, -45.660189134999136, -244.083494140769, -62.64538486659396, -200.4924265526836, -92.52274724067938, -39.2118363879926}
Generation 46: 450619.0 --- {99.60650089684094, -68.10569243528903, -23.78412509611146, 25.74391544738024, -35.409136288278845, -21.506943397011792, -3.6189958493625483, -36.30855040519141, -30.91189654336882, -72.04386017468474, -258.47325920724313, -61.182511916047034, -176.6377707066434, -105.55289644889902, -60.33846535388354}
Generation 47: 540443.0 --- {85.57044741286626, -55.71045351101742, -7.525139356805915, -41.411527682398585, 4.884091613656452, -50.8996389943263, -1.4531683523871015, -56.584457247982286, -35.95659435073227, -11.032372981886873, -253.16448665240674, -99.21954958189168, -191.5984792016746, -75.09630984507862, -75.81843304972523}
Generation 48: 473786.0 --- {81.96880252677157, -66.83624724086536, 8.060392963855682, -34.81748556747104, -7.078049036398926, -42.97093306035417, 2.2118423104710754, -37.612187960923315, -42.49871188512458, -25.70455085831629, -241.43100749496804, -105.51802188619583, -206.3294073453113, -100.6583919944008, -63.03096325924129}
Generation 49: 762635.0 --- {99.70075051014557, -71.81031656293315, -2.471049410060302, -13.626298808272688, 5.934722869781551, -50.23400980268802, -7.598935330056841, -47.43816013506312, -32.87506773624985, -38.20845272792971, -256.6703656215604, -80.5140586181697, -179.72744711638157, -62.30568820059193, -57.87460187101852}
AVG PERF OVER 50 TRIALS: 205388.64
Generation 50: 550875.0 --- {94.11062038450173, -64.96338109956913, -23.88967989157744, -28.585538550745664, 7.060661771208574, -30.016853802281034, -2.449171935442908, -45.96772866673106, -35.37703895343784, -29.23300459149777, -284.49726982239514, -98.98934557245585, -178.34537803346655, -89.53370758898829, -80.58154051342724}
Generation 51: 379300.0 --- {112.29887735500935, -78.38556732750001, 8.269653498693462, -5.254394756815531, -30.121612574403144, -24.897285845436194, 1.68120974658159, -31.649321347390874, -41.172029674782905, -60.716316539738756, -285.1022507681971, -86.46913372848097, -174.88599522224763, -84.89138640651446, -96.85670666898892}
Generation 52: 384949.0 --- {88.36134134501394, -68.17825237035431, 14.586253396522842, -22.793418387905408, -19.500989320881125, -28.838435384221988, -1.162325915568443, -38.871897274473, -12.831252734166092, -75.67436208076039, -242.67984667157378, -93.81861029752116, -168.9020592163611, -98.51962417470479, -77.3105964815044}
Generation 53: 428320.0 --- {94.3125561879988, -76.46205248706791, -1.3726826986984437, -10.108945935355507, 4.16081502050795, -27.798694753622257, -1.5016244573108701, -23.957730055078095, -18.944882324181997, -52.02949114992209, -279.90050110231516, -84.59601358081116, -153.35624256602426, -99.87612183280046, -70.7146308230685}
Generation 54: 466666.0 --- {108.31906424703365, -93.10145737278208, 5.334216432193648, -11.150794628922576, -6.862543371121872, -49.514188451468165, -6.1575042411907, -50.344442196369826, -43.46446522966265, -37.334873885482516, -264.89559639923584, -72.51934469449303, -189.65669585553775, -80.96379571516525, -70.29879034512938}
Generation 55: 910853.0 --- {92.30819109164062, -87.03836936387071, -2.979167996316776, -10.681125045998359, -28.68976504638624, -44.78878838320277, -4.15173370650911, -34.35020059737663, -45.805160105804404, -42.90255011945039, -275.8112116416895, -78.44891588500134, -167.36393214630533, -92.62470154877457, -45.24045280180512}
Generation 56: 544283.0 --- {112.47219131232728, -65.57055771662893, 6.709334693813912, -0.10687613352185288, -13.412871214959265, -70.74410741987036, 19.64535364684989, -16.09829065157248, -12.553797477853198, -40.78997929639092, -280.47975181553096, -102.23100819261856, -191.94926110834734, -92.69643012099789, -90.36286140947931}
Generation 57: 399186.0 --- {98.03320021394326, -38.544807370034256, -23.866626769606828, 4.975813680744865, -17.3342611993277, -80.7223010143959, -24.713200966702175, -52.55145354194956, -34.83186930204371, -43.70621231585486, -267.8198878782284, -104.1744161129208, -206.92954411445072, -64.5108286642056, -86.45261972531846}
Generation 58: 804188.0 --- {106.99750097492004, -79.76742002595384, -13.407556300371265, -20.11049999544989, -4.801967598110904, -64.1694072750267, -4.025807015796814, -52.14668035956825, -33.06575813034076, -48.20696564708995, -270.30022954752997, -81.86270467428038, -209.52163328724592, -77.2602981913737, -62.10917294162405}
Generation 59: 657221.0 --- {99.55077624394546, -70.14775036527487, -1.0422534161042272, -21.95171482092624, -5.6787917204702305, -74.99181262741493, 5.3543486173084744, -53.011819386073945, -33.99323435988881, -36.05472461928507, -245.77128479649096, -88.39618719693095, -165.60804400775083, -72.4207754936693, -50.28007332039889}
AVG PERF OVER 50 TRIALS: 179511.62
Generation 60: 513018.0 --- {100.07326979197303, -71.05484401319228, -18.0230259519816, -5.413229859629697, -9.970792737783956, -79.97904678847044, -23.23473181912551, -28.953744151843996, -31.436318136841482, -49.47900073866095, -305.42022624527493, -104.4921939197467, -206.1109834303013, -73.27014848750801, -86.78404203292972}
Generation 61: 669673.0 --- {88.70778911242016, -59.4582769885675, -2.3059307180311777, -24.636278318719253, 0.3095524386216173, -94.19493325664953, -16.177404937741482, -61.62558757965945, -26.715510188910468, -49.27000527751942, -273.7497893514291, -82.60313269568223, -212.24110236414825, -61.984612574349526, -66.34238606688521}
Generation 62: 612706.0 --- {111.54404213526982, -76.47974601532378, -14.98551779023149, -25.309752678877913, -14.257277405911971, -63.817186307482146, -14.023593831642998, -70.48527183659212, -42.648745900341176, -64.60411815706853, -281.6608107860561, -90.13603847509057, -200.9043960211724, -77.24508621664394, -57.907125890101675}
Generation 63: 805091.0 --- {112.23099324521642, -71.11444980153259, -4.390181549096461, -13.645736497625574, 15.302301870091913, -51.90859208328159, -14.057738640383244, -55.83281452608024, -19.437191680392033, -52.55027691428437, -314.80699471935577, -93.42202583912437, -161.92350943659463, -86.23599764360763, -88.98015700171764}
Generation 64: 1367078.0 --- {109.06416489592036, -79.97269669058402, -25.097568508249594, -0.9029706721132218, -1.2310307945780021, -56.04395461567337, -0.4578095343619424, -56.79189082498275, -14.315248404005668, -66.00667252098674, -295.24063759782064, -99.32608949085848, -195.36600494973902, -81.63774120622831, -83.47620104155219}
Generation 65: 1003807.0 --- {104.03493703030323, -92.84259259884105, 1.9365648015595518, -36.60880685783201, -5.73836509880205, -41.06083953644601, -13.162672894300325, -36.57771779005719, -47.89164095801917, -40.26946806396114, -283.57968958029363, -50.81008348949491, -166.13647796360013, -85.13136099653079, -57.771674339611614}
Generation 66: 633330.0 --- {100.04343915555037, -79.21092013914803, -18.425607742366168, -42.266525026245844, -5.867695397636242, -76.59635916595676, -10.49255861903661, -55.04431698919364, -37.77930862789781, -22.23926377141818, -310.6502120916606, -92.04232517611756, -181.48922776821493, -83.81666347184292, -67.74534816921812}
Generation 67: 848132.0 --- {118.71876778736228, -90.6561020224099, 1.595290108365643, -12.46563482558269, -6.842028968458637, -57.97642499452125, -6.471773682435458, -57.5174550780017, -43.5454444005341, -42.171374426423284, -317.1204047666169, -33.84209567455305, -160.65537090188406, -112.79920245772506, -26.812316474541703}
Generation 68: 825812.0 --- {118.44963410222682, -98.28445181074945, -5.8681686681207434, -10.170039644981962, -22.98550457951118, -40.842772800894856, -8.53429162440177, -56.847680596725155, -17.327922307337467, -42.93035353955922, -311.97983266544134, -67.69958387368479, -187.1303423635667, -104.61714520927762, -71.58643853900347}
Generation 69: 1143089.0 --- {114.28855717858684, -114.77685429557626, -9.797966661477568, -24.630629561876614, -15.452092360387814, -55.60425857934194, -21.164926907552882, -58.22620474712586, -24.62563711458067, -34.5197496654365, -329.3525070212755, -90.38081382499453, -200.54885640953657, -102.70628326289336, -68.05205183478766}
AVG PERF OVER 50 TRIALS: 148514.72
Generation 70: 859325.0 --- {106.70318163649335, -96.82240257804206, 27.044828703243454, -2.723754311964843, -36.07955665072469, -39.67303161313616, -6.424980167711381, -26.845992825796248, -34.40957198217447, -55.85096622142386, -307.91224156420964, -97.71252201645338, -192.734185755351, -98.83466468246647, -72.72542272134952}
Generation 71: 730145.0 --- {117.41598495701726, -89.96035961520272, 0.5754334382553468, -22.082528527505488, -3.4417333114821993, -75.69936941646178, -9.973089396960958, -46.74162331220306, -31.35479101084946, -34.04262198259463, -332.5928992693045, -105.00186974999326, -203.71030649268525, -77.08632214274989, -68.68803768907382}
Generation 72: 850181.0 --- {127.70786447751433, -87.3552641073852, 4.961093353511647, -18.335713391252735, -3.3370941237283382, -51.14666610707549, 11.436667486943023, -30.31692149888805, -43.34220496692381, -30.84900177495043, -320.77201872898905, -93.25359436430715, -187.72726394238114, -104.23601986560882, -76.87235470230954}
Generation 73: 944066.0 --- {105.32200822943913, -70.22474659691844, 26.588558511262733, -20.011386568269096, -17.68084568450959, -69.96339280449584, -29.894842405411246, -45.90999459311402, -57.42585775804714, -27.587092995147508, -315.4023730823885, -101.08108574224195, -201.67185529241527, -77.31692498721017, -76.65300857091687}
Generation 74: 632105.0 --- {120.01161553511523, -127.72957453621092, 4.435419763923782, -24.011400977437237, -14.249080477783423, -87.31157137340304, -34.43142560926415, -43.33273476718931, -44.3236197477823, -11.239816765269524, -361.18121430305075, -96.16430963601277, -212.5141893471728, -100.52542782107774, -75.67319524518066}
Generation 75: 490076.0 --- {119.82570444870609, -76.31111586322189, 15.512253129526956, -11.170860855794647, -8.567039396511499, -79.90917300780903, -22.707449623779556, -57.773773826673484, -81.57205913992387, -31.540458188660942, -354.55453321060315, -121.26171277824227, -194.445814853733, -87.29303389856508, -103.63781967373939}
Generation 76: 710972.0 --- {124.07483020702755, -85.33170217677113, -7.957094963730916, -13.79812128138551, -14.780216280900456, -68.19900062900633, -44.364029410058166, -65.66311076033288, -25.7167899913551, -41.760097587403536, -352.7541727997351, -83.65832870400239, -195.28290617827733, -79.68695837104522, -79.25759055259043}
Generation 77: 557255.0 --- {128.1184858043701, -86.2312831247306, 2.1934248860687457, -19.361871015131616, 18.205627381099553, -74.82001875763028, -20.8684723969481, -46.36717197116096, -25.114961180482155, -45.53833730917702, -327.5364017168844, -79.80980068689078, -185.71881246345416, -79.54351370393162, -68.70026974186257}
Generation 78: 962513.0 --- {94.89462903777527, -101.0165378207932, -3.0911310460607093, -16.807255323274724, 8.943987844415435, -70.8170251215975, -32.87660220601816, -62.141114817550935, -38.12789578421893, -30.89252747761637, -350.16969528132915, -109.28114424037358, -220.17866378944353, -68.38537220280442, -96.40135785281603}
Generation 79: 974380.0 --- {140.6671155882544, -84.53410133441172, 6.6740251134766515, -10.709955322172258, -9.0541654874242, -58.15128441284995, -17.281098834494724, -48.978569164599946, -45.855350711354205, -77.598183262015, -346.66198624836505, -115.01981907912649, -178.1479130035405, -90.45464607722226, -53.562219072475735}
AVG PERF OVER 50 TRIALS: 177270.2
Generation 80: 1129130.0 --- {108.85848334325871, -92.5594525256366, -4.765460540997585, -24.485656174217667, 13.906646495629117, -47.87275386429381, -8.541961206258854, -68.69298331835243, -40.884256919765306, -56.150567032057815, -362.9228657108039, -117.0860161622227, -179.7137356131656, -76.53525418566736, -88.32490388531583}
Generation 81: 1393250.0 --- {129.62913435662017, -96.72831181288979, -15.778027289575391, -28.59464558565182, 0.7329790659987774, -86.3969139690439, -16.92277309565108, -59.25691327267689, -12.410596692212625, -41.149090658211065, -345.3629716176208, -110.90467370965136, -208.4129513411391, -79.43590480628458, -94.621643175293}
Generation 82: 520635.0 --- {129.6687621787276, -71.66941538470873, -19.082125365452708, -7.031204742270614, 8.202889868002853, -82.98483415930895, -27.295446005888145, -49.069375442522784, -35.6949125866867, -66.23242616146153, -355.9643004618965, -127.86401301679832, -180.39936034130557, -63.801700973204596, -74.31417189993859}
Generation 83: 693455.0 --- {143.06731701203955, -91.86553295582513, 16.406044154380584, -27.003395257661772, 4.130541196386236, -86.88096873932302, -23.574728185425233, -43.40944600318026, -29.911505511320456, -45.502983121920465, -381.8863848404398, -126.80967649411203, -206.43508742002888, -82.15053699845534, -88.53946494771716}
Generation 84: 710853.0 --- {118.84195716860363, -92.70751720668129, -37.31004309621156, -26.99274098525222, -8.138707522512714, -61.1927892841653, -19.338150922569064, -49.716703649550205, -38.799404939496014, -59.68605259528425, -354.33912328359276, -100.07544631535086, -171.4507404689263, -89.01455882673774, -70.73449993565275}
Generation 85: 1295192.0 --- {127.16209601241844, -107.16327738207717, 8.40949240228364, -8.492725235157538, 21.960794321859538, -77.03720310773795, -10.16750087290643, -42.598992372458994, -48.73262782718922, -84.18471199307115, -360.6601410263805, -139.6180323617446, -223.74239100104663, -98.77737815908733, -72.37561954762809}
Generation 86: 1051359.0 --- {117.91922378034023, -118.24288494871482, 13.220398513073066, -20.838383154109334, 8.214986455145214, -59.597488137916265, -19.313609650900133, -73.82672140546902, -38.51050350821375, -71.71163929216114, -364.6917285309392, -96.87063555882986, -198.9692006942767, -93.88998616716482, -62.406557023229894}
Generation 87: 841020.0 --- {126.38256040809964, -87.77958877945525, 0.5743734837318621, -31.429808153717083, -11.819506463245215, -67.61118954042063, -29.28693192337782, -37.589023671000206, -27.242897451592203, -46.318961201992806, -343.69574035624447, -126.9216695918988, -180.0661909429294, -91.17360366749938, -62.06418632607659}
Generation 88: 987292.0 --- {137.6108120116855, -97.85111563135733, -20.392947971190548, -33.831007578032875, -11.811944864805659, -74.67588760419892, -47.704151726506325, -44.31762066156856, -33.798104804646286, -47.75587162037311, -381.8694459618277, -119.27687247221401, -198.07494773581908, -76.54698882462549, -109.51962251189941}
Generation 89: 668948.0 --- {133.29842541522223, -102.79488546336758, 5.479950635843267, -40.08116980529163, -29.314594991936676, -74.84750075260436, -30.65774084097221, -30.939755241732904, -47.500308272587404, -49.51589707772815, -352.786738094392, -113.61124608744208, -184.8135211700556, -88.91968256629283, -89.67028931066633}
AVG PERF OVER 50 TRIALS: 194332.38
Generation 90: 1194197.0 --- {134.15298931584258, -120.80914777387616, -14.937384542530745, -46.07437969647334, -16.29712293550787, -78.17780415457388, -24.202085575244375, -48.47843029043413, -40.25329088558969, -46.03515223033736, -368.6985485013192, -113.59231756926015, -200.38264969415584, -76.79907037173393, -89.84465141707858}
Generation 91: 779707.0 --- {122.73650690090597, -96.48238515054165, 1.6729881729276492, -31.65721721210756, -0.9468053369918774, -85.60287939232146, -15.99067621811664, -39.29405030823127, -31.271061531406662, -38.20502273704737, -368.0689226548023, -115.2747374397188, -171.63263553004273, -72.86496716347963, -99.09932029366827}
Generation 92: 761436.0 --- {105.88949327019614, -120.9343806571483, -2.049511142000892, -43.29850937646158, -6.444954931290814, -75.4939464402175, -11.977538683444852, -44.948046934379555, -55.19475257838925, -69.03214978544194, -360.70432626440646, -126.72822906104464, -196.22916672194347, -110.41274927848531, -58.32856319403517}
Generation 93: 773614.0 --- {128.9037681591523, -94.25151187167664, 14.920393910927903, -36.66235422942168, 4.548809271899774, -72.62422938008336, -8.386230122046546, -43.09199961674787, -55.391661127050725, -50.36601575978783, -359.9877519527304, -115.55386928336041, -184.59627638418604, -76.01545503812586, -103.39333718614839}
Generation 94: 1194140.0 --- {136.28412388159973, -104.2414752377288, 7.738847305022766, -28.85163724635175, -1.0310089595853071, -100.80036119630027, -17.68198124361179, -67.72772092282024, -36.52789955624738, -53.48112377059104, -390.669617629048, -123.59987948738693, -189.1991230783438, -66.5187454784236, -88.23318474253021}
Generation 95: 728424.0 --- {134.49721927432478, -103.6600284824876, -11.790160946732716, -24.71579044474368, -14.62387076092014, -96.34107734475072, -9.710179211318971, -78.83897452215939, -49.93520881299627, -37.89221269985293, -384.4952822282452, -120.92365266498193, -214.21626086526896, -73.89845404781153, -96.53215644844755}
Generation 96: 840737.0 --- {128.61179269619126, -117.97811323440837, 11.548066798767533, -36.12982260406169, -12.209748314373355, -73.23758759617095, -20.034750272557687, -53.68535924285153, -50.15484213053799, -33.275663100641644, -382.91640559530236, -121.18981646032385, -220.90586306374198, -66.27585209081461, -98.76904411064717}
Generation 97: 632941.0 --- {140.71740684463083, -84.14879797541883, 7.899072840254849, -18.7732583463698, -4.623996564368774, -80.69978323390615, -10.012078712872382, -63.61211990737304, -64.57149656133583, -28.50158023163163, -393.43708725332, -125.96215462590382, -179.0098874272879, -54.08335437512022, -113.62441417898975}
Generation 98: 638183.0 --- {101.71995225626881, -107.30389375600116, 10.90039469843699, -46.85698481844269, -27.9541513336113, -55.6395767247657, -29.37438353192199, -61.493717868452975, -14.07636456916055, -56.43825829968118, -362.1790621251728, -116.00349062221873, -202.79092176498256, -81.60678375090126, -90.3712790578123}
Generation 99: 1243026.0 --- {133.86309194163016, -109.07047024834304, 2.323056730677715, -40.6578890921345, -2.8760131676438547, -85.97830771194074, -13.483964550318774, -72.84213746558815, -55.737687794037825, -36.49546260314249, -395.8253309679504, -107.99951642474414, -202.74537210124717, -61.56981347643576, -120.92233332680337}
AVG PERF OVER 50 TRIALS: 273052.14
Generation 100: 1273528.0 --- {123.22825934443263, -105.5716413510235, 2.3958104078764837, -25.157509136801327, -17.722936194611577, -59.67420792952341, -16.76275182637597, -45.43493059188631, -44.84860919931084, -61.299820051148906, -377.1879685295681, -116.2261860327288, -174.4892747401668, -92.18282869501377, -111.5191606794957}
Generation 101: 889886.0 --- {129.31464382924443, -109.13302590150582, 38.65342049006373, -29.151376785374907, -6.426315189784534, -64.43777220584855, -14.275566694588111, -68.35226065901387, -32.18480683271203, -84.82770384295605, -370.5856084359287, -135.5938224711131, -175.33893365601483, -99.11025872591284, -74.05074903099954}
Generation 102: 1070355.0 --- {124.46144714373872, -69.98995843594362, 12.101888425973828, -2.7037149492315287, -10.141665959508556, -87.00351643939412, -6.432211576276089, -77.56219592898664, -68.72451092679512, -62.82412896893961, -367.99059254705327, -115.20202570108403, -162.37673656162377, -70.42448329617093, -63.217450475485464}
Generation 103: 1245079.0 --- {119.66409984899448, -93.22312232089816, -9.622867245571667, -5.4679763931059036, -5.700324897128688, -90.15184658358999, -34.963245008130585, -48.51262449865157, -41.72555842443555, -50.64234861761213, -379.06019678475866, -107.42324490666108, -203.35572103661863, -68.81165257132413, -102.15001497104004}
Generation 104: 1673970.0 --- {127.75212568585141, -100.61438664678256, 5.835976275391861, -18.033194816454017, -29.75954872051166, -95.45356424830767, -29.280183884630926, -52.414625441357785, -47.05506625729201, -58.64620446838734, -373.2951706904199, -130.98890787728118, -199.9456675281897, -65.89190806507214, -85.84287671529584}
Generation 105: 577715.0 --- {129.45416503041253, -118.34136476305392, -19.879120982358053, -57.55140791959674, -9.396257977715386, -72.4564615887062, -6.944106090514598, -35.25890485654354, -69.72618178192326, -20.52645735337302, -389.72122964981753, -108.14250712093414, -212.66443009805386, -97.9438938964794, -116.80773647256609}
Generation 106: 909900.0 --- {133.12461605543987, -109.8609118088992, -5.233625219827214, -30.680548364767386, -18.175871682208992, -85.56329689107838, -22.386583957058512, -58.461087879916526, -44.983945068450446, -60.74126174932971, -426.36040764898667, -113.49267723751538, -195.25394544587647, -77.0145336889649, -106.02639509600716}
Generation 107: 1181131.0 --- {141.5165043309917, -129.233834735622, 0.5053558835057124, -41.85508135969316, -12.132618049922751, -79.25785243469852, -10.971160421578404, -53.22521466628042, -48.29942293500929, -36.593045161584, -379.46803877829035, -121.36494588647332, -193.51716939325047, -63.04428939601759, -107.63848920229184}
Generation 108: 760882.0 --- {121.67776492455084, -101.31932923624633, 1.8813077726521117, -16.494693634272938, -21.950025291983895, -57.37906120777663, -16.880050258964122, -36.23097000446567, -49.86070713128739, -67.19463535469541, -363.8311301424691, -130.72411040599187, -183.00030336185498, -87.27350756138908, -94.8469206043392}
Generation 109: 1427758.0 --- {136.38102620692078, -91.2978182243281, 3.4227927030533136, -0.6288441933974198, -9.847131320514926, -102.7640844959884, -16.572547257942613, -81.43337317592062, -63.02559132278463, -63.08105195661699, -402.92948737686737, -126.29144667714229, -190.44984342549776, -64.48293428870831, -90.09399005034928}
AVG PERF OVER 50 TRIALS: 224926.16
Generation 110: 1580078.0 --- {133.63846222163534, -129.3382947005531, 14.962957874887918, -44.683061607655574, -13.450482296944891, -54.66984297386338, -28.125949814647342, -26.061380548276762, -46.414417096156406, -39.32006744231114, -398.0375085703688, -118.218266998223, -195.67667369195937, -82.02731838493858, -105.56520223605112}
Generation 111: 741436.0 --- {126.47485065309371, -136.1198252555143, 25.25112955314543, -56.422846487149805, -29.27532034163767, -65.36812676863045, -38.579085272480086, -35.907027986365264, -37.342857076434626, -60.97121933211578, -420.4028838663692, -137.9354386902361, -199.8793472355854, -66.48271356011783, -109.83827629862196}
Generation 112: 1338299.0 --- {147.4805617243122, -103.34221474260467, -6.997335023477204, -11.007043187478683, -3.3930046229972355, -78.76811619241383, -64.8394598094299, -57.511544513031986, -105.92260056466876, -126.19458980781889, -421.48622668607857, -99.1189519697486, -215.31600889798722, -69.01724991939719, -96.39057751734377}
Generation 113: 1842346.0 --- {149.98831791511742, -110.25005294821885, 16.040790606675554, -6.355383434498899, -25.08214470658099, -89.36483425317141, -46.784247184018625, -58.79755829977668, -74.9869519749312, -63.57210057524654, -419.9034209040437, -135.9076744765595, -176.1045161564821, -54.28665821590924, -74.93512807607505}
Generation 114: 1018663.0 --- {123.0051246190703, -83.42648194349914, -15.280329185388066, -26.458841587358222, -12.815227003540917, -60.059474511994836, -2.1620676537644528, -50.335937270308094, -37.69085146123754, -39.36904181842458, -371.7034985623464, -127.39305224922416, -193.11775194922853, -73.55190344040274, -99.50472367526477}
Generation 115: 1445356.0 --- {141.23663510177278, -116.22540256641975, 18.893139237449613, -11.069820337173319, -19.4970408193902, -88.24751749236859, -48.897269491412075, -80.48348506456225, -66.21527127248332, -74.410078522551, -396.17719702879265, -145.84802845822944, -197.3965815125277, -63.64762077024555, -76.90985960917814}
Generation 116: 1614470.0 --- {137.6969475882091, -106.36435768394995, -2.752652257614375, -19.950762864186355, -19.89081102715948, -85.57065666796616, -42.192938037717205, -49.606217705387614, -42.32545465661253, -49.659545348216355, -413.65609073505766, -137.6328773784914, -183.8670237258462, -63.622161566237885, -97.95698801639904}
Generation 117: 1095603.0 --- {134.47610610820007, -102.06853056919891, 1.6319922178529502, -17.11760356099448, -31.12524815624875, -87.26001368707227, -47.682480051310485, -65.15503375055235, -94.34039896206758, -81.54445269226724, -415.0856415694834, -89.90655500981964, -235.20993057925256, -73.52649597493621, -96.67869208297788}
Generation 118: 1655462.0 --- {140.7313453686275, -118.0259473729464, 16.875597874297384, -22.054220762594802, -39.147037886770114, -94.19156024018092, -61.018696948281004, -57.73972315041084, -77.28225454910202, -97.24201961005089, -400.2429080262261, -121.47949859257386, -189.63748458293892, -50.98698542766682, -99.49738669045212}
Generation 119: 1661725.0 --- {134.02483944380216, -83.48732157137789, 12.161090779939308, -20.52106991875457, -21.475042686891612, -74.92486653123783, -26.34378587102378, -75.52932707814395, -11.891814161347341, -22.76305103181199, -406.93617176576123, -133.0576843880229, -185.75829059601622, -85.63229607939473, -95.96489215885772}
AVG PERF OVER 50 TRIALS: 338749.66
Generation 120: 1775372.0 --- {132.48520065563193, -99.06575380637082, 9.538590248902786, -23.85912447033045, -16.107157283494274, -72.28216756363231, -29.057478967708434, -59.9336121559935, -57.432082310128365, -58.798548974241015, -394.50830122139223, -121.67285557807497, -176.18496597397487, -69.77871558141464, -92.23155082064733}
Generation 121: 1326471.0 --- {136.88626357100242, -124.12229529974286, 9.781533645437538, -22.193452350074722, -33.332356206132346, -84.68557520106185, -32.847585165446745, -68.29152588216606, -78.28178289733412, -61.28018186530253, -429.7351348047248, -108.13921273043718, -227.22627807174032, -83.66829617937375, -83.05808626797334}
Generation 122: 949328.0 --- {143.9436976918216, -93.00433419910091, 30.031388885210724, -38.545231452223845, -23.67394546856177, -84.3333910252647, -10.701679398719307, -62.7192422348209, -44.39658630913192, -50.6364014977119, -419.663446560332, -124.8172388923019, -169.83312231531374, -71.76459049125297, -118.48222346009408}
Generation 123: 888025.0 --- {156.23929296173884, -82.33497167114491, 24.024883484520046, -16.95117420172722, -15.209842062208507, -56.147382688468106, -2.58603089393338, -48.314457436384046, -50.40957468041098, -44.38452273999296, -431.1136132400344, -138.83859490593375, -153.40482999239316, -68.42458088635289, -119.16688598945694}
Generation 124: 1193179.0 --- {155.41826435890368, -97.10833894419932, 39.80964419480493, -26.500466589177744, 0.44739341270641475, -70.46348362808975, -5.811976695614209, -30.402885331006832, -43.56322084434798, -44.23814821574081, -444.7712701932109, -139.2457411366959, -160.99972576294203, -100.96207060130143, -121.93864626377922}
Generation 125: 879042.0 --- {145.37692136356333, -102.39088635493599, -8.478871629663448, -15.772036615125174, -18.37287106839821, -97.63764176905528, -27.49736075484722, -54.50796174542651, -44.49370324071499, -69.83068376690596, -406.2306833628131, -115.43074610846918, -209.23012419917137, -72.72625293858401, -90.74101421778676}
Generation 126: 994813.0 --- {141.83902276697637, -87.77915891321143, 22.137713460160462, -11.966429868391936, -12.116175855358101, -82.16624441438191, -10.135250350051116, -52.939793598078005, -27.442789269666402, -68.07585744913902, -419.6861137011699, -135.34802547165506, -151.56803177521866, -84.45823308294189, -115.69570262771582}
Generation 127: 1090867.0 --- {146.03053655938248, -114.58518907475906, 7.769195344417162, 19.11905053143532, -25.35740247708658, -75.83991863112055, -40.99678798723252, -68.64195104487968, -43.89438231841783, -74.82829003576758, -396.92024363721873, -129.93711332515963, -189.57294095681686, -65.98489969301392, -97.15219777554934}
Generation 128: 1278620.0 --- {138.9800375958551, -98.40103597252119, 15.44896201778433, -20.123786003302722, -9.239382782056822, -54.69517241386008, 2.7053807748665406, -51.806304176352036, -71.83551242656239, -34.678807247993014, -417.00271641352253, -129.05391399478134, -161.76936786579455, -103.05534705513051, -114.02571857261526}
Generation 129: 1282479.0 --- {128.28495402640652, -80.82566843519949, 2.5416559809377226, -6.79404378088896, -12.71579664463292, -66.54247573521671, -20.34489036530615, -59.35553710559561, -53.659583078929245, -48.919205878148375, -393.4370644441305, -136.66381536970675, -161.07888729238982, -64.4496679733025, -104.72182984413726}
AVG PERF OVER 50 TRIALS: 361079.52
Generation 130: 1557464.0 --- {129.09330184730922, -118.68382867624923, 10.739538472055534, -20.082228908224497, -19.705294663575216, -96.52882116048629, -30.46334665655759, -62.650340840265166, -57.86589036414821, -53.29350542515617, -422.33517290837693, -113.43133321684942, -195.22933403876323, -69.33692603210096, -104.56706915179906}
Generation 131: 1202321.0 --- {118.72894220016967, -95.52747992864099, 14.136384981468048, -19.00086366883658, -2.622296515596748, -87.12108942184105, -33.6882377454349, -66.16956224285033, -46.536052350343176, -47.0182877024644, -410.8173188891846, -139.4813574707723, -167.0815897993581, -62.190065721706276, -116.49989154550705}
Generation 132: 809931.0 --- {135.92524252939148, -108.04765591375975, 19.253434066754686, -9.591802381871094, -42.312032569817575, -61.584367410875636, -34.07673509575511, -49.13395236889373, -71.53526219057906, -64.79310517217414, -413.31777448997025, -112.47791150497491, -179.3479055468001, -71.6526770424807, -106.49553224664227}
Generation 133: 1044654.0 --- {129.9425515528402, -115.90464234901725, 12.551091648551257, -25.31567596691645, -32.57453874628928, -98.66259483318416, -48.03944842714006, -47.94087832363638, -39.39201095079717, -56.683237520099794, -405.0564032098729, -97.69833192996091, -184.46160685132864, -71.5503454070523, -96.8238281572507}
Generation 134: 1425612.0 --- {122.24578901968223, -94.48956269318388, 6.457883235698719, -17.812944825134338, -8.573057013335575, -98.20341083366118, -2.4019300023849723, -48.784008525168694, -57.726721110584045, -47.32928319215375, -435.0745293517559, -128.4038223794006, -171.45438220704554, -72.53082462136005, -106.6677100392161}
Generation 135: 1312526.0 --- {131.72303850701803, -106.1139003540737, 34.02534684878383, -32.305580763375644, -25.034108245141734, -93.85346454740902, -19.35899935721025, -64.34578934036122, -39.61925175562916, -63.66764913641886, -427.2789146181433, -141.47576159992022, -190.0394970280304, -85.8066762991317, -101.40537738414837}
Generation 136: 1801068.0 --- {131.72303850701803, -106.1139003540737, 34.02534684878383, -32.305580763375644, -25.034108245141734, -93.85346454740902, -19.35899935721025, -64.34578934036122, -39.61925175562916, -63.66764913641886, -427.2789146181433, -141.47576159992022, -190.0394970280304, -85.8066762991317, -101.40537738414837}
Generation 137: 1000506.0 --- {144.14244631132715, -89.14816315889402, 24.569704731672104, -17.522529499690293, -6.460666031874604, -75.76006882671652, -12.439491561740338, -7.645147965877385, -40.603853208720125, -50.769544033330995, -433.8594002855307, -140.2789606123727, -165.1794788476827, -90.37434604272026, -114.43893138550676}
Generation 138: 1236483.0 --- {147.19085189835909, -116.73839643805313, 46.526198268751685, -31.080094984082635, -11.41303789725531, -101.8015262396137, -18.591544203296824, -57.225950358534114, -53.36757526071885, -58.00942208509783, -409.67088349893805, -129.78600215169968, -221.1574373933627, -86.39271922657382, -78.42134241696041}
Generation 139: 1112484.0 --- {156.04287073011952, -109.40566121987118, 19.06171032307308, -24.121042957034703, -11.02454170055224, -109.56420527871182, -13.260761968228518, -50.48261903480199, -52.20546175396719, -66.35033805032009, -445.84473093213717, -112.32036378143334, -176.18194280514834, -76.62354064308812, -131.49370209064787}
AVG PERF OVER 50 TRIALS: 151532.18
Generation 140: 876731.0 --- {130.800567946593, -93.78759429561777, 29.22908197605355, -38.45279124522464, -36.597060611427445, -104.33774335005299, -24.355875683179455, -69.88402348963788, -45.86283552870601, -64.69946994312501, -407.4490871373731, -129.66074446671735, -204.82850580466317, -75.57651212473921, -98.5571751990309}
Generation 141: 1260345.0 --- {130.800567946593, -93.78759429561777, 29.22908197605355, -38.45279124522464, -36.597060611427445, -104.33774335005299, -24.355875683179455, -69.88402348963788, -45.86283552870601, -64.69946994312501, -407.4490871373731, -129.66074446671735, -204.82850580466317, -75.57651212473921, -98.5571751990309}
Generation 142: 2683762.0 --- {136.2979959589256, -89.67218339075774, 15.610699551288654, -8.206668095424678, -21.678970453983634, -91.75869060322091, -35.06113134390547, -49.73199942250508, -50.828927120199694, -41.9177526680012, -408.03307919156174, -115.45438677751156, -149.77915488786732, -54.104450438078416, -125.38611319929893}
Generation 143: 839088.0 --- {153.60687748829613, -93.36291879385715, -8.780863956878514, -20.86329769263482, 17.649496001480355, -120.93529295001252, -37.66780816596286, -91.47726747002953, -66.56816283471247, -24.503114347071158, -453.24757312720584, -129.62084449681723, -162.39454062708018, -74.15983245188255, -112.95542657089743}
Generation 144: 1001437.0 --- {148.17967031073016, -82.36609504788453, -14.194959250327967, -31.765493974788306, 3.7583010965110155, -62.28398494430478, -30.25926606563956, -60.357344462442285, -25.118348438186832, -31.527648776275008, -465.40232409910027, -101.86833428917848, -150.35317997456434, -81.51357533312918, -124.5991013613314}
Generation 145: 781510.0 --- {149.18016695178483, -89.56858790548158, -6.272226832617797, -21.76746690318867, 14.411476283418255, -87.54883064428068, -17.754480701828285, -56.81999784224953, -78.8374095883409, -40.302388784075774, -427.10985361115235, -151.57445976478587, -176.84022922903245, -82.01918296601458, -116.62056602969159}
Generation 146: 978829.0 --- {124.82730764245139, -83.00264541862917, -5.641154050694215, -4.091557723211306, -29.451789302860597, -83.4888270656175, -49.58761731138211, -49.461184945131606, -52.948012941643434, -76.10726866256456, -428.251750600029, -137.2253815234874, -175.38886775120272, -60.105146342456685, -124.45510379000167}
Generation 147: 1230601.0 --- {156.94385593361147, -116.99364282777948, 11.31901309937631, -8.36401461231382, -15.555100252583603, -93.31143986254186, -38.383176538405976, -62.41580007500352, -39.99599915746888, -50.55140431931574, -442.5255046339683, -141.8789683377362, -190.91669899155903, -66.86699017718539, -83.25067191804831}
Generation 148: 1330944.0 --- {154.13861991771074, -103.80940591097512, 5.747959440426359, -36.33513581389388, -10.748975363160461, -94.90297629590499, -45.06478005746479, -72.59634768721591, -34.70484143768933, -39.12734235736324, -449.09487249017604, -129.87105358841657, -185.02346092798354, -71.3170470231534, -96.52155909163403}
Generation 149: 1150901.0 --- {120.11439653167808, -80.03461944764464, 6.317989202671265, -5.144447977243146, -28.058649690130995, -87.29407013657207, -50.28265978328973, -70.46311850959196, -87.5192547913314, -59.94313820530897, -386.55098961624196, -120.23850633723919, -205.09122217769428, -42.75562275891432, -103.9498111675403}
AVG PERF OVER 50 TRIALS: 321337.3
Generation 150: 1223979.0 --- {133.40286917840035, -96.63071069317611, 5.61360558622647, -13.56412313514722, -14.095674294720979, -122.80727011130875, -50.37968726333525, -58.47673712882989, -70.2858573887319, -45.12178146252448, -418.0194744965733, -141.30378863032087, -221.0923873212094, -62.31877394035796, -90.10263870498122}
