TETRIS: height 20, width 10. Noise: (50.0, -0.1)
Generation 1: 13.0 --- {-18.662507185413723, -18.66435854591183, -2.431656125508052, -6.67445346120744, -1.69308265071024, -25.806871138705986, -1.001228163016659, -10.723973981611795, -1.0504478206142593, -2.377637189312514, -14.245922164014589, -7.60044160275288, 1.270502784701143, 0.0025487761793933934, 8.998335956712628}
Generation 2: 114.0 --- {11.846758748307158, -15.21591539476096, 2.4687599405616787, -5.404268152568144, -10.739058517959341, -19.664002731970594, 6.219733952177345, 0.3012831067243016, -8.146180762393321, -19.28889487588649, -21.60854129873696, -16.07980345496766, -4.961531492223768, -21.57171677535863, -2.251100869260205}
Generation 3: 328.0 --- {14.913598254437963, -36.583654170220285, 0.15218542381269404, -9.82561079870502, 1.96440618949247, -24.67827388021529, 12.404347324288786, 0.5956430423947829, -3.9437159671896547, -29.38881509974646, -44.55664230112658, -17.321472405220838, -21.725612855206435, -24.35095065838871, -32.917545259798565}
Generation 4: 3086.0 --- {9.098981301115069, -18.351326066514744, -1.8401021427220416, 4.880189133511626, -11.908038679342454, -0.3115162628781114, -3.85781146963362, -27.574145148407304, -13.456784745491587, 9.608906588567738, -81.93193053390407, -4.503126834810176, -12.527089237593678, -27.882327165502524, 0.7934016717257677}
Generation 5: 3699.0 --- {22.769186174487864, -23.69453171827495, -0.8777210486205267, 7.015920447843287, -17.296787198069268, -18.453156475599133, -1.6952103728146146, 7.310258304036298, -12.77327136793887, -2.6444355771868526, -97.34561025996503, -13.00581335070851, -12.646413457524744, -40.45212913094362, 1.9436204588297201}
Generation 6: 13846.0 --- {22.769186174487864, -23.69453171827495, -0.8777210486205267, 7.015920447843287, -17.296787198069268, -18.453156475599133, -1.6952103728146146, 7.310258304036298, -12.77327136793887, -2.6444355771868526, -97.34561025996503, -13.00581335070851, -12.646413457524744, -40.45212913094362, 1.9436204588297201}
Generation 7: 21278.0 --- {33.6325678505411, -39.95696822017258, -21.120303872740784, -0.46785812767795365, -1.7027973035286585, -24.509558082657627, 15.664900967139527, -28.221514392572743, -42.44267541448788, 0.19388507053358417, -117.10756800395491, -32.92869607480069, -75.31144200888463, -52.13568493032112, -14.063509335347998}
Generation 8: 93414.0 --- {38.088224740815456, -49.41558082792068, -8.543772485396858, 9.253186624074239, -33.8389905394895, -38.19424494154499, -1.0962250974732326, -24.157538199802453, -41.32721359993714, -9.27898078869875, -146.436199295594, -1.4651560422641552, -71.64991498322533, -38.343465473110285, -21.602957491680332}
Generation 9: 230740.0 --- {53.57036279670048, -45.50037206180306, 6.515615933949107, -3.368472044431928, -15.801689902831171, -33.92034348843454, -4.517541618099411, -26.303481553967536, -28.91541961719259, -12.69710021255829, -172.37817195181373, -10.131613739545521, -93.36944886355417, -45.76677303969379, -11.700568908925401}
AVG PERF OVER 50 TRIALS: 77502.32
Generation 10: 175243.0 --- {52.8625964627865, -31.939191712878753, -0.02933139903757631, 11.423870970924927, -13.849541159769698, -16.16345796769475, 3.4007303088464678, -3.620918500337339, -4.26270406720662, -1.1026373954139848, -160.38585187253943, -35.47532397697802, -46.57096142017602, -51.96838897438766, -12.728186954089045}
Generation 11: 265533.0 --- {52.163409542506116, -40.93901229600684, -19.754604277661553, 9.220640971039536, -3.6933348560726884, -25.84632574194589, -4.7237433802241835, -31.761381546809965, -25.619585394259342, -14.254769197117948, -147.0642801429881, -22.012092593275487, -69.76695394554491, -43.90499870175009, -16.097491260817232}
Generation 12: 435077.0 --- {83.86842753185053, -61.244539270230966, -7.30191713273619, -8.95764507438371, -18.567299833080604, -49.882140996291625, -16.78337917029653, -26.278892779606334, -59.85024433386638, -42.81139538977209, -210.8972130489962, -8.624327766439219, -128.67901998157484, -67.30447164340886, -44.063440389258204}
Generation 13: 274235.0 --- {44.39613970446482, -49.875338162911, -9.105383922761376, -3.229746950729694, -21.73903498809758, -16.518152685771444, -8.902725048719617, -25.02161908772156, -14.832961231982384, -27.088590158745458, -145.19774301855307, -22.381012914619667, -69.46818766973682, -50.373558433212594, -15.563279691936906}
Generation 14: 179843.0 --- {49.47320417270846, -50.15250786350156, 7.826731024086877, -16.216285185831026, -13.218703756732669, -54.46693768588169, -14.078791942002075, -53.398974002267686, -55.100874511339114, -44.8421524605314, -175.60744246111398, -12.259578685794411, -128.33694207718324, -58.718008068873715, -14.954392851608109}
Generation 15: 545858.0 --- {61.38719869222721, -63.498143942755284, 1.2475651735924556, 1.9275476347990423, -16.94674288993868, -37.28170100446044, -22.68118539931618, -47.85612470680038, -36.973342359159155, -43.31255679515133, -229.59876813488134, -12.917293441634504, -93.56640863117329, -65.65395099794583, -27.901578621635196}
Generation 16: 875247.0 --- {44.498020904608964, -56.94422443363125, 0.06566937997492206, -15.3709914043665, -24.62735053468271, -25.62882991019094, 1.6148187748496419, -23.492423224070844, -38.034033622486426, -27.817757097898493, -227.54812264614816, -8.069041103988441, -75.49570272835679, -66.55743275963596, -37.90888184180603}
Generation 17: 420336.0 --- {73.80978870582517, -58.95097849249142, -1.5907080147645645, -12.070793401256699, -19.350555525774677, -27.795048236864982, -10.886759464811439, -35.28006375791596, -44.09730883915279, -55.379488617240824, -215.5674321455632, -21.754739300871407, -105.67147439155562, -62.41208555411263, -54.88281801584296}
Generation 18: 349619.0 --- {26.952782264850935, -66.81944982685783, -1.10306368786346, -44.49273116433323, -12.017993104783937, -28.951454123219044, 10.119648324291308, -25.513045669556536, -36.20402003604053, -19.623147865046796, -246.78971481711204, 8.321748812531203, -71.9770921264257, -68.89536745786762, -26.615275534833167}
Generation 19: 474073.0 --- {46.33591733365425, -79.69502552853986, -17.233190402109955, -25.56868857034046, -21.995554258003317, -43.77115096448705, -6.81787049337772, -19.590085020061988, -36.63515073276927, -22.323790296325353, -278.58016853473345, 14.419673395514796, -86.48623117963187, -65.64794715402077, -43.24766079092429}
AVG PERF OVER 50 TRIALS: 137588.0
Generation 20: 253389.0 --- {48.20034470668548, -64.97743233271001, -22.712936451980863, -23.255703702113614, -8.841782709770712, -66.62906266621988, -9.961003542060553, -50.58763477708982, -52.67330942925723, -26.322169817299063, -300.7705201879122, 1.5946226907120744, -104.32354802903377, -72.49258427893321, -32.71678689529432}
Generation 21: 192867.0 --- {37.16490892887278, -87.8279592446917, -7.463727098307282, -24.82858699705288, -39.41105288840285, -37.203269358817835, 1.036886909563865, -21.980034468868404, -55.83995580089202, -21.233883638199398, -263.0113678747094, -11.729577955604984, -114.09153646036792, -75.0823137949105, -37.460878145386175}
Generation 22: 631522.0 --- {54.04628671795083, -63.206493649476684, -16.757567600658728, -7.538812144071191, -16.63867815594747, -41.97365579192548, -27.46718753620203, -43.62186866140348, -43.88872762272022, -23.898155891529655, -250.59418564308558, -12.93546550064731, -100.87705864659274, -66.16081988660456, -40.51902199384396}
Generation 23: 524551.0 --- {56.63975656772714, -77.1026667129193, -26.296796505274322, 0.2116956570721129, -19.824820550473778, -60.48508984408055, -9.650884821250461, -43.938744559228404, -27.292930962554575, -49.37156255487227, -264.8938767749026, -9.489493089736227, -110.32869566112191, -63.92936417565444, -41.061741388144725}
Generation 24: 205066.0 --- {55.144821325582896, -65.24691061442536, -10.260104727062021, -16.078088459691603, -14.714879379231355, -33.95562589438558, -14.734585829742624, -30.178200859073517, -38.53755020936059, -38.302956812458504, -288.9852779890214, 2.8089226716130007, -89.1427892784079, -66.84285726448167, -57.767476369402715}
Generation 25: 483535.0 --- {67.85035244587873, -77.24180926638431, -5.602946545724121, -24.484436450493163, -19.44536935404756, -53.129342796184034, -20.608948487019187, -36.33304870100285, -47.3858172955571, -34.93057799734623, -249.2656244935499, -3.926848043350203, -145.48515316468547, -58.22908626923619, -56.30118411779521}
Generation 26: 526842.0 --- {59.25302944074032, -48.08471922134043, -14.46496879304391, -17.01536075425554, -25.204479210168586, -44.102798342046505, -28.385120877828346, -29.205347783508678, -34.86887317623839, -52.35972199656143, -257.835475642571, -18.310883955154807, -79.77521839873108, -33.00682093775897, -43.528117538449635}
Generation 27: 325075.0 --- {69.93286561166452, -66.7941344801058, -7.584062842547857, -4.224553529656681, -18.40200630901843, -100.99838847404556, -21.086111859465248, -72.2477131137068, -25.7126657402197, -60.3221900920644, -282.56069630288175, -45.7978907701752, -160.4161853387009, -61.06886523145329, -43.94568114721403}
Generation 28: 710650.0 --- {59.56790523765043, -44.91361156602724, -17.73695607280407, -14.207768995969698, -5.1660227040338, -61.342379848468724, -3.275235489015323, -49.67825868291595, -35.31653109744311, -52.94890216128847, -222.39304442638766, -43.887534312790635, -123.01908318779938, -60.51384701922094, -46.87352014953179}
Generation 29: 615548.0 --- {85.93967800661635, -67.23260885961763, 3.7835103100449707, 8.599648568548764, -14.880713829204776, -54.77486127847265, -30.757147705840826, -52.675057307373905, -56.412659469673, -53.036986208973794, -277.0272729792296, -36.3489094865883, -95.70745317606573, -52.18394402410856, -38.57009905831763}
AVG PERF OVER 50 TRIALS: 197114.36
Generation 30: 388559.0 --- {73.28397847605089, -64.85808883844696, -24.527858923915097, 6.137213273726294, -30.47110302984252, -68.21349278749048, -18.473958451611686, -51.816287106166726, -47.735481154785, -76.2884486104122, -300.87297880250196, -20.359191445756544, -107.88196438512715, -56.859489729972196, -62.40926658797708}
Generation 31: 572761.0 --- {56.280043454331945, -59.99289967408506, -18.136645176742846, 5.04352762128546, -22.726478251002128, -56.91363364419857, -14.104269996255788, -72.25637035359789, -45.12218355970661, -68.25497039734171, -298.33878413404153, 1.679681457698642, -118.73637464142875, -58.79329339994036, -37.34699904593934}
Generation 32: 906680.0 --- {75.30433974856858, -51.30426799921781, -23.342189218198765, 7.842712885830892, -33.943668580671115, -75.55411764287099, -26.457590231319536, -60.936951275427006, -59.97404410563151, -54.47255572242443, -255.16411554322, -44.506752293805675, -110.76036273494711, -41.454346240586624, -45.37156313549735}
Generation 33: 885871.0 --- {70.23862117458907, -72.42330896980988, -4.749932860111122, -18.99588049348548, -9.848093905258443, -66.57620685990418, -30.66104380043938, -73.38915877915998, -48.59118895327543, -78.33934779946608, -342.5474092611481, -2.5473572885250526, -109.99948736717718, -65.95665552176585, -52.227592167335345}
Generation 34: 788593.0 --- {94.0497280173704, -80.56030482850069, 4.688523735166806, -19.839828426355005, -11.751574964276527, -64.87449990584014, -23.923378698901438, -64.55454749483772, -53.58029437876825, -66.60306373455957, -309.8332835802086, -42.595955293911, -131.77593645152274, -71.3374589039309, -61.13272015735129}
Generation 35: 803490.0 --- {76.06896679960118, -80.09273185630569, 0.3265710201084602, -24.609261662649978, -5.583691634745661, -66.53132827920066, -35.36493196994009, -52.47373309819746, -45.081349101657366, -62.17167556554479, -331.8496236678214, -30.89003565463065, -90.56554958285811, -52.136447899418954, -71.09499626004674}
Generation 36: 1093401.0 --- {79.67233968866144, -52.64570113796677, -12.877837856999058, 9.479499898357329, -12.514248042523075, -80.30173825347947, -33.353752407043615, -65.03137666999847, -44.80426122355753, -65.45929606547938, -249.85595316729217, -58.825694864445, -108.24141336069326, -24.2510229746252, -37.774471285929145}
Generation 37: 1152883.0 --- {81.86953365779847, -76.2902064892901, 1.1142027477396699, -14.437498689448407, -13.342212596843215, -91.1226053330634, -14.99369670544017, -67.56185250237735, -50.335217982294814, -72.4628930494241, -283.809660832704, -49.615108931401174, -149.54770378306972, -52.37000465797858, -34.51561214266033}
Generation 38: 666763.0 --- {80.19007608249386, -93.500328501596, -2.853676993297496, -32.280728268034764, -16.001387659579372, -82.38931612829069, -0.2204284296009007, -71.32233873169237, -22.228409413633965, -58.52145361646815, -387.7960842248229, -50.30335323958009, -146.2884571747085, -80.21233130494525, -62.433183007205656}
Generation 39: 634681.0 --- {72.86403973380673, -76.66340379335747, -20.582964801564483, -1.1922307248508535, -33.94363866177578, -62.800328026409524, -16.846747395006332, -74.17971466001264, -28.409867024481635, -80.663879565852, -347.7619159807409, -30.465735254345816, -119.25362794280963, -77.65809227205126, -64.62371977259625}
AVG PERF OVER 50 TRIALS: 218113.56
Generation 40: 842541.0 --- {69.0241293869112, -62.10681006961512, -5.898468422328617, -21.83087412165027, 4.415320866327164, -38.75900321268895, -23.033522995553966, -38.96771860873654, -51.545683750095286, -64.23121130044959, -306.38567485922596, -21.65141787020245, -91.23549679871546, -65.40163638169734, -60.38761805927594}
Generation 41: 744971.0 --- {83.16658218850732, -38.62543673118339, -7.952037393676278, -16.6612557700807, -18.811891072734667, -86.03912927470526, -29.24044492919736, -53.11906446443855, -76.23724706056838, -51.90398808313726, -313.1335346854551, -51.44107434000675, -128.30534365617788, -47.888062038178326, -47.27275178371354}
Generation 42: 537415.0 --- {73.17929638854113, -89.91976570140419, 31.59292796977884, -27.758060632574278, -40.857601768826456, -82.51306203412578, 6.01520110120499, -40.15073280580371, -19.056048181367366, -64.89074407422179, -357.061449730049, -40.941618481950435, -145.32407845473244, -88.85211056096112, -89.73092758559304}
Generation 43: 1216087.0 --- {78.93447234814298, -78.03965657499411, -8.863864020499129, -41.01418732014745, -0.7384391021418093, -68.65315129823598, -22.971213478536097, -66.47357159459104, -55.16568310125136, -64.15692858587967, -298.322986415894, -32.22140743692535, -126.6920913943675, -56.04049506217166, -43.19296130650153}
Generation 44: 564093.0 --- {74.32865334555183, -82.79454051298589, -9.05191917418993, -22.750133515266178, 0.08103315610932427, -75.25293168698828, -30.57148522433836, -73.15173922992845, -77.38396112859411, -83.94274317678139, -338.1999566932738, -5.007519198290943, -115.85417757390705, -51.43538388444078, -47.48739208857913}
Generation 45: 1370457.0 --- {93.00033009614307, -63.536286287759125, -1.9234917320809395, -24.014582676478703, -19.7028629650902, -65.7798579940116, -38.06240383386295, -53.638460549021495, -40.322015269784316, -24.713658143283766, -349.98053717201043, -72.89874910164485, -132.61912514438933, -55.9631129257138, -70.36743574239604}
Generation 46: 1264555.0 --- {93.00033009614307, -63.536286287759125, -1.9234917320809395, -24.014582676478703, -19.7028629650902, -65.7798579940116, -38.06240383386295, -53.638460549021495, -40.322015269784316, -24.713658143283766, -349.98053717201043, -72.89874910164485, -132.61912514438933, -55.9631129257138, -70.36743574239604}
Generation 47: 562774.0 --- {87.35851889023046, -70.8431852182162, 13.241823885351064, -19.722622199997296, -14.814052266317987, -60.77691000636572, -11.060924694806127, -48.88627050946707, -12.450766008921633, -37.44553393617922, -365.42798235905383, -94.22961089051581, -129.08712349196884, -59.741719424159186, -130.4506967483682}
Generation 48: 587076.0 --- {77.76884919080281, -79.37111780114454, 5.606452715465074, -18.96370768012919, -30.155284689156414, -70.5954791444571, -39.117891688898816, -54.67464392986689, -38.32876191456654, -44.45758434093518, -326.9857933616684, -71.21362822381647, -132.54265579446195, -54.038614370897555, -78.32790893819032}
Generation 49: 598071.0 --- {71.24603400104034, -92.78887062368544, 11.095213734253385, -45.3135972248932, -4.82928256934988, -71.31103848076913, -13.07475610146421, -32.826745308282575, -53.639419637524796, -37.81613518980353, -380.9946178060492, -45.45127435012435, -119.38723523960697, -86.42388306344765, -76.80769491591191}
AVG PERF OVER 50 TRIALS: 206373.3
Generation 50: 1257900.0 --- {87.60753324237001, -92.3510209135757, 0.7095486976212859, -40.8879734448406, -12.84526078671659, -78.32225630114561, -41.73627123778658, -84.50414705255433, -69.09902682408281, -98.24705459090634, -330.12484923873313, -74.43130045308686, -133.64102453713704, -38.091420135824094, -69.0412705682129}
Generation 51: 505068.0 --- {91.65684278624403, -57.92959081153866, -0.5923156486113932, -29.651762978614236, -7.6650430632809154, -83.92717395462178, -35.92807460116241, -68.70132481532256, -46.69836597770229, -65.57985300041447, -362.0991405199113, -51.33151423073792, -100.17605366367368, -54.1595013942267, -73.57803216393036}
Generation 52: 697396.0 --- {97.62570140761832, -80.88708942797916, -12.225824525242682, -25.656792966825257, -6.7561459025755415, -92.98580660397081, -15.354543908469307, -73.2555156713366, -43.20929202742709, -70.42972798788051, -343.89752423167465, -48.247429410773506, -123.9412558738168, -69.26895702032422, -63.230457061637956}
Generation 53: 815533.0 --- {90.66505368295164, -74.86668348840341, 3.9360168413578736, -35.59047631216773, -23.19867549384869, -57.42271363127226, -6.294419585109683, -46.3450035107043, -34.75906228003946, -33.446839141238236, -350.48225614278795, -72.72001199125404, -148.23813239182306, -75.05663812689605, -67.64465089637025}
Generation 54: 503307.0 --- {81.12966837399556, -81.06147385304601, -3.868387652267227, -5.340641527581301, -9.951405584793749, -64.56401510774462, -32.48268684750474, -77.67784742587754, -30.1409933507991, -46.269310814198896, -384.013193952239, -49.64520130744158, -97.70637363417069, -62.53904957683233, -84.29174623348695}
Generation 55: 898212.0 --- {109.53119434464416, -70.64569284813584, 20.78387190368354, -19.618015169670773, -18.022539868504012, -68.69303287448287, -33.48493416464082, -65.48447076940955, -37.302556401386724, -78.89696009738782, -360.93688646936386, -45.53014540792911, -117.88678247065748, -58.962244265049854, -65.4296432576977}
Generation 56: 1235461.0 --- {106.49879576233097, -77.39070868376989, -10.355963544808692, -24.127372877868712, -3.9450500866656615, -53.47090256989955, 4.418023770039827, -66.8005362414469, -27.876066125842936, -31.230477481326506, -380.90672725313647, -64.84693845876154, -128.61870228588063, -88.53426565033047, -70.7725809808037}
Generation 57: 791455.0 --- {112.44847069921816, -74.88913879460091, -6.6506938539824105, -23.77851315142177, -12.716983813827063, -40.7142974133427, 0.2476966280429842, -61.57982207512911, -31.33822612615956, -27.506974286980792, -340.64967593259576, -70.81234815744075, -148.2678047262242, -93.00119678185814, -34.49908764275456}
Generation 58: 1065745.0 --- {92.45542795171258, -87.02166957515993, -14.767451820047624, -7.665828061600923, -33.880440092341686, -67.13920638878362, 1.1752474147685916, -46.21265592234391, -39.411614866705044, -54.40409826262958, -369.35736347887905, -74.717944588973, -117.95850558822667, -79.45212985215774, -92.24226868124232}
Generation 59: 1763611.0 --- {88.86404240816657, -89.241665778254, 3.869452060748089, -15.502543693009194, -5.805907060923854, -55.513842338394674, -31.087621737982573, -61.31285936022237, -34.89290957380654, -76.00315466767499, -370.8249597883629, -59.97985596108734, -107.80746299648146, -50.817097277882695, -63.89833312827229}
AVG PERF OVER 50 TRIALS: 337244.06
Generation 60: 985006.0 --- {114.3508396807454, -84.71707485012011, 5.738557853794984, -31.733528312923383, -2.574643488934365, -61.17067435436916, -17.294710032865538, -66.98311462779697, -31.151517964989207, -59.7775169181426, -355.0204911802894, -53.69928779609229, -148.81392095827678, -78.78262298309866, -73.72445682400335}
Generation 61: 932141.0 --- {81.66817190321044, -84.72216613395614, 3.7988413626815083, -5.5645237026556025, -15.898414068819347, -80.70545746707148, -55.56302251225698, -64.07193254837914, -46.18916701309297, -81.77534084462684, -341.3617382005926, -66.57261451891597, -103.12224520827102, -11.389524381382245, -74.78579791392355}
Generation 62: 1103779.0 --- {113.1159044301116, -73.74193145455989, 19.175468922491316, -16.962199721683962, -7.6073007592343425, -53.48868583656275, 8.701453981384645, -57.4618634487624, -18.567701606386024, -61.678166499924274, -382.7954564310264, -69.52834427956083, -136.42022013535365, -97.45154187004792, -52.34450489498212}
Generation 63: 1196559.0 --- {106.92638202249543, -82.5108665970223, 10.209037869429233, -28.396516715956515, -9.622314254728561, -60.64860824307876, 0.9476423445666597, -42.58590799566591, -35.08644250399921, -65.24689173130423, -398.41973320356897, -63.624225946517875, -98.7169427852777, -101.56948733322257, -73.46587674858489}
Generation 64: 894855.0 --- {101.46679304646568, -79.78902092012153, -25.988729859097262, -20.323331885355877, -28.387800342606237, -62.01571938362801, -9.694708768262672, -47.29045038225976, -44.00083362221047, -59.736054333579126, -376.56908239984415, -63.9141011534486, -115.46215257571463, -52.67221490742691, -77.5197414387665}
Generation 65: 985063.0 --- {101.8707653223149, -70.15961684848672, -15.945252880604796, 0.8352625219067562, -10.189404122062477, -70.09793836269486, -23.209837484738934, -32.21861796903913, -23.27775233891408, -51.78530870375291, -411.866407222161, -46.80621432361298, -90.41730176243856, -92.14336154112029, -58.798141705393824}
Generation 66: 1690113.0 --- {109.55055844916504, -78.87848889079146, 10.839351669522472, -35.71477286640768, -13.544629894296367, -45.14373187456965, -13.44359556195079, -34.30835267041416, -13.38760600967096, -64.05766585871758, -391.6200595245742, -98.20413477357779, -127.69419210005162, -109.73002744875309, -75.96149686736908}
Generation 67: 765152.0 --- {99.86760458492466, -70.63392611098507, 1.1123037482574327, -12.894169801705086, -17.170464153560317, -78.52349404864896, -32.78114871442948, -54.25388639335238, -39.66734136536951, -65.09428291687783, -384.4767551685202, -106.53354836167085, -123.4014236495063, -58.70971353708734, -74.5385819860948}
Generation 68: 1269794.0 --- {92.57819288132303, -75.91696923002996, 11.730280409899642, -22.36876432362339, -9.027589939877808, -76.82134102250532, -8.812541611613067, -39.28261721595066, -30.827590984109925, -40.25175827148941, -399.15318782765445, -54.03608995468272, -97.03823909609797, -75.08177484888436, -74.4002794324811}
Generation 69: 681135.0 --- {97.99807989347269, -76.91308707738558, 14.998171012302418, -5.621953219930294, -27.108452965226945, -49.705403330396464, -24.624449228228308, -61.701512967180875, -14.775244176255624, -73.36074094876498, -376.4490409150704, -96.24525354950056, -103.96134475286215, -80.33121400188273, -58.09899038282944}
AVG PERF OVER 50 TRIALS: 376867.16
Generation 70: 2716886.0 --- {105.56816998152671, -93.66772462958045, 9.725775363490836, -36.748890946671516, -5.250122493233738, -43.895650067635685, 17.734423166631007, -38.630240210786724, -27.93069787091817, -57.53381770991014, -376.71091872401763, -74.40103191085643, -118.43479297568865, -94.3144766091948, -66.92559725440972}
Generation 71: 1049484.0 --- {105.07557360884626, -84.90144349696635, -1.8731855710443974, 0.8289722668916468, -17.424483124654643, -75.35866242961934, -9.012068731346638, -51.54150184866915, -15.218719494465775, -56.08659581644605, -392.3195430686934, -47.64465325411084, -126.60794261859364, -91.8697403990913, -54.12056614692519}
Generation 72: 1011396.0 --- {125.98043841114439, -92.76877104114719, -4.28725929509635, -14.503973585071062, 3.3045063663834657, -46.21064960712049, 12.010630368796292, -43.63794064444469, -19.087420876983813, -59.783912434015015, -399.6202613057781, -46.14118984592368, -116.79868492987963, -130.56931357471123, -68.52705425828486}
Generation 73: 966509.0 --- {113.60200376318532, -111.03884528401096, 13.564664689867302, -34.22870682257139, -5.754946959014161, -109.30390006924303, -26.610773056380374, -46.29017556701455, -45.74595465233144, -17.87790204310551, -382.7188060409659, -44.73393162238404, -108.86006930365217, -62.68594724415337, -82.08990249885746}
Generation 74: 987109.0 --- {115.53280419627382, -117.32532827514265, 0.7853121559513101, -51.554767011786154, 11.686288553084912, -26.036125225058107, -13.880659415911115, -23.788785043772325, -28.04746238095884, -43.89885896166729, -367.41256182109873, -84.95905455379298, -136.42148317952876, -86.55803541912215, -76.39440463205136}
Generation 75: 920772.0 --- {81.59956888528765, -75.32490572157587, -17.1656048232832, -22.633268158021977, -2.53695524274463, -67.90227238242143, -11.504117568124245, -44.33875053342003, -19.5714065335886, -53.59637967604304, -389.75344005625936, -76.06095167917277, -113.81363371083418, -85.40392785268543, -95.1703510072297}
Generation 76: 1749895.0 --- {97.87871240595894, -86.61683196813942, 11.145724962826938, -35.78002119977722, -10.472207565795037, -70.47006181090521, -7.19781593575028, -46.6407128100885, -38.851843376469304, -72.62168548802637, -405.1533058397633, -79.62912010775626, -106.67531532404915, -60.61055227292127, -66.99997065251222}
Generation 77: 709973.0 --- {107.70554095956666, -90.81544793078325, 6.355914342150894, -36.25598337101958, -14.383005582128085, -54.24472939146867, -0.9648318656377715, -17.81840105989654, -35.491247135397835, -46.78222903767621, -384.97280727627765, -72.93611924415264, -133.54753378019026, -96.71083932517949, -62.708634763008206}
Generation 78: 890284.0 --- {118.54860752992417, -90.38563722224863, -10.57270789117815, -26.839937724858274, 1.8041941168759799, -73.13570795889467, -9.818447499415832, -48.043290655310884, -31.56739347526175, -36.85163633699033, -422.62157202135654, -87.03818119722021, -109.05029836750764, -85.41976732698572, -107.99164000372805}
Generation 79: 900958.0 --- {108.74428345055368, -119.09082173277909, -14.87381644366838, -14.761817453868519, -11.701046181323226, -61.56280636836426, -29.156617088733928, -24.59330093478279, -30.460075474615383, -23.564550340976123, -409.59782259575553, -52.05000642938731, -108.14775855563879, -86.86048900832392, -97.3783565775595}
AVG PERF OVER 50 TRIALS: 249214.92
Generation 80: 1535741.0 --- {129.43965714644904, -107.71687033462462, -6.067082349662411, -8.754911391553513, 14.396214414703412, -68.11418013630285, -9.434355673965882, -43.739520231458535, -28.172864200657273, -50.895812457451484, -391.0417232446615, -98.62710624252212, -146.61620151636708, -97.75871484732016, -61.01191571163675}
Generation 81: 1733112.0 --- {120.30435832519453, -56.68264942809563, -2.2264686797435447, -13.929899248129232, -1.6705470768031216, -75.92694784496065, -8.18455198907565, -53.177055251080894, -33.764644354014386, -28.561724004578288, -444.1793587537398, -81.61958679654974, -107.00005186661608, -88.26854501174662, -95.48523058482559}
Generation 82: 1149721.0 --- {110.5657836674328, -97.43052001173757, 12.406921052097, -43.23669094225907, -5.340794531000799, -77.63829602258079, -30.25080841429552, -41.016157093385104, -36.64210448977577, -52.50734600049901, -379.8849532958829, -74.66598265392196, -144.82263920162936, -88.81150913386357, -65.08520109076589}
Generation 83: 856214.0 --- {98.86647789292508, -110.9071918015637, 5.254592789277915, -39.36058309642016, -24.002960958308314, -78.23172493116004, -16.294606827215674, -45.485437967534345, -3.858584097752349, -29.069261407305163, -406.8624870230677, -79.10872546314458, -132.73018109848084, -65.6738616260233, -82.58671680282549}
Generation 84: 681997.0 --- {94.17453575432472, -80.74405622932666, 12.591270657661678, -25.154367497594368, -25.750057611486373, -81.72522726676763, -9.741727164322706, -67.60909229775027, -57.73646241458787, -44.402292704680924, -399.88762967883326, -95.20694844694998, -132.7629934264338, -78.69708318479937, -43.9878949066131}
Generation 85: 1127913.0 --- {109.44437151787048, -110.7574179911311, 14.131117266149769, -34.69747997605282, 8.047487127667582, -63.3623721792056, -7.91818236464629, -50.162126817596715, -37.044171593341204, -46.15070563406232, -392.296351430448, -53.34962740686316, -128.69099051696955, -120.27475968151506, -55.43161220528263}
Generation 86: 980520.0 --- {99.27553950878371, -93.47849804287122, 18.621678104095054, -65.37359257439206, 6.892827319162004, -86.10432350772776, -26.436882247384872, -57.665894545339384, -80.75321497450754, -30.32103618172473, -388.0783389250024, -77.5335003829936, -134.8307322111982, -50.92620489632445, -63.412920181027395}
Generation 87: 1209575.0 --- {97.32811146396146, -81.59927615382946, -8.377696134772128, -7.448725018127018, -13.751646857582127, -65.33665836172285, -5.1930013241823705, -77.6755684699658, -38.05406827520631, -53.93748995673779, -437.95721814114927, -68.39737868128525, -122.11836657394221, -92.41362721857422, -84.48108976526514}
Generation 88: 693162.0 --- {101.91544214619135, -99.83547658639763, 35.965329614907006, -42.8600429800962, -4.9240195052356635, -69.92317617268624, -12.946820302315428, -61.46259979466293, -49.347936352300586, -52.32957422683866, -398.630882035285, -84.79049613441025, -140.5715966052657, -100.7345001914681, -53.03369396234887}
Generation 89: 899128.0 --- {73.85143709712624, -77.68529555612383, -8.543942297298017, -11.129590050758445, -19.22498535407245, -66.07833207892281, -2.7187811846012613, -34.347078672245516, -18.70862320212339, -45.27625170576948, -436.1256756705204, -93.21921596037305, -91.1799027286939, -85.968875150493, -63.07358020760924}
AVG PERF OVER 50 TRIALS: 314952.62
Generation 90: 893119.0 --- {102.06293393059681, -88.37234411541343, 2.6519462483289598, -40.55805508219352, -16.984198654911694, -83.96711104151711, -7.875471105640601, -69.93396425262173, -64.86736809496618, -35.57326479292654, -418.07418376548884, -67.75556639206692, -142.21733565151197, -87.85313421739392, -66.46749597931334}
Generation 91: 750965.0 --- {102.31676993199916, -89.14387397498068, 29.48388200407423, -29.771020894466343, 18.88693142859588, -71.72156209171054, -42.76264565851449, -47.27848060332688, -57.063265826951344, -45.58146153405124, -383.7070280179722, -96.99025187294716, -130.6374760435791, -65.37057520056521, -73.76128397877314}
Generation 92: 1093263.0 --- {118.81235631232447, -97.2904631832908, 5.732876830078382, -46.562696368444804, 11.984491741587224, -79.59334484229582, -7.215329280097892, -44.66631235999869, -50.04394113847567, -41.26027329113751, -391.8826743563974, -80.91564148175988, -152.9536278624385, -89.6087256939617, -61.98813224664647}
Generation 93: 1069846.0 --- {107.2730432749495, -83.15162442342829, 12.874018811023085, -4.086038224243708, -11.297498453179799, -76.014648405793, -15.97657871915554, -39.94052812315816, -51.786484886312365, -29.637724988481672, -435.35493634852065, -65.59765779505808, -124.8847858558132, -81.39139602320729, -71.19276410248354}
Generation 94: 1290327.0 --- {121.22279473323279, -95.02422033925073, 9.7722849727479, -4.2078865963147365, -12.76442808176212, -84.65772600800166, -40.849773087500964, -62.44752150202981, -55.30971206011476, -46.313067851492384, -367.9339706869895, -83.40779037287008, -133.89757821247093, -67.77837286879176, -50.12397350468746}
Generation 95: 1079682.0 --- {112.48346717959234, -88.84326939281789, -13.253197299110198, -29.66601799732819, 1.6965289078008405, -79.30436855576934, -24.487953158759762, -52.899537194428454, -30.695079524598025, -30.93705971777835, -396.38496496686867, -74.94433843225978, -118.40523371628353, -62.504802186796866, -61.66681899908369}
Generation 96: 1622063.0 --- {107.50292733573481, -97.72448750954615, -5.0237484550649905, -32.43780748788965, -3.633574356309968, -68.74234041480568, -24.147249958273278, -39.152704689319805, -25.792570795550947, -53.087809560835964, -371.9162964951315, -89.17255190915982, -128.53072100229815, -82.41135473666557, -69.61432510916293}
Generation 97: 835082.0 --- {109.18255787163024, -60.43671853135566, 24.046263090479318, -11.733811793397953, -6.780743087717598, -68.49998548540644, -26.20529941396182, -70.48204865532736, -54.64497925536958, -53.99557611101965, -371.49447033658765, -89.43199855945804, -134.7970562842311, -51.020287323057396, -54.20642615566713}
Generation 98: 1137085.0 --- {121.23842862979512, -82.55873596666201, -7.366273177893424, -15.200079660167743, -3.4012599998637536, -80.17679100452979, -6.269235183764845, -57.62789363377808, -35.39636018412587, -57.34573972683199, -393.84066329997444, -64.71752477931754, -133.2386644876306, -71.8167305792763, -77.88256126891315}
Generation 99: 1440652.0 --- {106.135162995218, -76.2588561588875, -2.2506961855250767, -10.63484083356769, -9.257159612969856, -65.22733138418687, -6.5836510534965065, -59.44498471409592, -36.89648922415422, -47.860621470873724, -382.82296639319793, -47.72891278915074, -142.13061751184168, -89.59764421810493, -64.90958790376372}
AVG PERF OVER 50 TRIALS: 292919.3
Generation 100: 1165512.0 --- {120.3764505054548, -91.97793588442585, -2.1730866395737953, -16.373941483180445, -1.2738494557661575, -84.05343839276667, -2.715860272820631, -41.51955653550232, -62.044988663537765, -65.1250039226546, -388.9235541843339, -90.67607041524934, -158.43896678496094, -62.25940178014718, -114.35515574084602}
Generation 101: 1430291.0 --- {129.62458243606372, -74.72070295452669, 13.939316678041756, -19.925765693567417, -24.630152669752576, -78.3728949428329, -12.974711937514666, -69.5617071430371, -48.361421080026616, -58.684272378945124, -410.5440933321747, -78.4040184835866, -125.64005135647488, -75.34583922942556, -87.96900728813543}
Generation 102: 1347731.0 --- {115.77956898291637, -82.47005548144848, 2.212054268615228, -35.46277396700934, -12.104417613230392, -63.57717443107974, -16.667798996219837, -54.90773865497679, -33.1190100438158, -67.47304757735097, -413.62562525995196, -73.22839159991425, -119.0572131765094, -79.91222123983565, -93.84341162486524}
Generation 103: 1172582.0 --- {110.14802068144715, -96.1709066160562, 15.098242403976288, -13.568842846480749, -13.394220810592467, -80.54055318527185, -18.367960392188316, -58.60520475220278, -36.82529452710959, -29.53824808593396, -413.0143218257413, -89.66420971854835, -157.1983256393881, -84.84362807241597, -93.65843928102706}
Generation 104: 1598243.0 --- {97.75616199875954, -82.32940595510303, -15.929829222188543, -12.09889429203498, -27.370791638515662, -53.74580675236986, -24.07175161873909, -57.50767886311941, -44.26031618237438, -58.42061911863279, -429.95778617473513, -76.21492131638458, -128.6556754415826, -70.80939422921021, -113.45215307227353}
Generation 105: 1878546.0 --- {106.82163112076633, -78.44434615662269, -7.400235342466734, -3.069353341497145, -14.871237040266413, -73.61958298603483, -5.252215548149689, -55.11939566103954, -38.79949399468864, -65.41068911062163, -387.6222602908178, -98.11040657840809, -115.47141988409024, -61.863625799716814, -102.01380979028572}
Generation 106: 1660213.0 --- {101.47826220633571, -99.34555028793592, -14.318408838178444, 3.3311861672801903, -8.43541600719335, -78.9883772506039, -33.08607758171313, -66.4432432655778, -38.33898739367743, -61.57189088052604, -400.38475134983196, -81.32314554077155, -115.03407411235332, -61.16890729337051, -77.73174543154772}
Generation 107: 3058698.0 --- {136.11627054731343, -94.76497427729811, 2.1728316665573093, -4.464126649879029, -14.455247221154625, -53.53345200728343, -14.605937546626489, -56.15589551214389, -40.99265795930185, -48.12723001758754, -397.66238897610293, -92.49390486523197, -136.41734646490963, -75.51887459676783, -86.23879966565883}
Generation 108: 1216624.0 --- {136.11627054731343, -94.76497427729811, 2.1728316665573093, -4.464126649879029, -14.455247221154625, -53.53345200728343, -14.605937546626489, -56.15589551214389, -40.99265795930185, -48.12723001758754, -397.66238897610293, -92.49390486523197, -136.41734646490963, -75.51887459676783, -86.23879966565883}
Generation 109: 1339395.0 --- {131.62550330966553, -79.77433911004263, -1.9799516775820654, -11.812861507914452, -7.429143032981839, -96.27758116157094, -47.7626400648786, -68.29727828118614, -62.832867808514145, -83.9043883720136, -407.0767432216797, -112.9979351337704, -166.3828480991152, -38.96711197704985, -85.46563137278669}
AVG PERF OVER 50 TRIALS: 516550.86
Generation 110: 1082883.0 --- {124.78045572328658, -80.4813811765631, -12.721358179036429, -5.128835827145757, -21.880422857888856, -101.16433008451881, -30.691899819753502, -59.975318005972085, -61.481238562866736, -49.1504954919897, -402.7036305580063, -79.97661043002383, -150.16116350683114, -58.63758494267612, -101.15183170493103}
Generation 111: 859448.0 --- {111.08251529234023, -97.90903814973552, -11.950920989216721, -10.084947536268341, -20.51671454255982, -91.7688107265378, -28.55865487961536, -78.16318766645823, -53.829693035979496, -50.31973857280624, -403.61187970368036, -71.73968647785085, -149.311407854556, -62.80337386950184, -94.92455140642046}
Generation 112: 1179857.0 --- {107.04826330431666, -98.00740640704115, 5.953355666362325, -43.18118257618892, 5.01017722331212, -97.7874575697271, -39.34426189611696, -80.70993677893806, -57.41347263836944, -61.8930384446556, -360.57825917522774, -84.6007327082658, -169.38361090439676, -56.30295971385394, -71.83023367389467}
Generation 113: 1654342.0 --- {111.8321918478805, -87.72746630904564, 18.953051660097692, -26.132087142431367, -12.837150705202287, -72.5957902136195, -33.308307017853224, -76.47177389182546, -39.624719592448, -60.44876085222745, -362.35611591184426, -71.3382080640892, -151.621440100126, -59.351470444191136, -88.8715366894031}
Generation 114: 1327626.0 --- {124.31511847777105, -94.16762818255357, -23.50449381439577, -16.129275095644054, -3.141600722932175, -66.76169070633729, -28.921577723162972, -75.6189227688161, -32.91061846822758, -50.4028496905487, -401.17794268024767, -110.00376420158047, -148.51879283748494, -69.75880037428318, -81.78344104155448}
Generation 115: 1296186.0 --- {109.87570555434053, -92.09737719784488, 6.153561974477987, -1.9981360253800826, -25.640278184606792, -103.09177349133721, -56.78559469548999, -70.43680944065198, -77.33299209780836, -50.53748031547359, -417.75460601432167, -85.94460331410181, -144.3640046212958, -31.77721109564358, -96.84838526076942}
Generation 116: 1333288.0 --- {140.07352451390514, -97.46581851003367, -0.10866620300144447, -4.850170405653429, -20.279548438094324, -86.0149284844601, -22.554631608144387, -37.196852064480765, -36.1744229043037, -52.42188877747671, -418.1404910994946, -88.73209847759068, -119.75442324621883, -64.98164399634678, -101.82706203757193}
Generation 117: 2083925.0 --- {133.99747793519722, -99.01644962851961, 18.67724330974522, -4.821899740395167, -23.22290196553069, -99.42415479103124, -58.48895198843873, -63.515303756983236, -54.64453038480875, -51.90091577346689, -427.8287095807749, -93.65202610343817, -161.0736114815776, -69.6587227516649, -96.29739846196742}
Generation 118: 1357794.0 --- {127.98262937091, -104.28110722602673, 16.35487688958388, -22.373044526433077, -13.541514925426451, -110.31816260403843, -45.26459707984721, -73.22351123405568, -64.82201157606495, -31.45181272462198, -422.961820022201, -87.73869564611906, -141.181002629188, -46.046040179879554, -85.59392940701272}
Generation 119: 1592500.0 --- {117.87779654489411, -96.49108460019369, -19.968301774089912, -6.806786035140428, -11.537111176585286, -112.66773696617338, -55.55401795058116, -54.195648270861504, -57.93586168810091, -40.411986909336164, -474.803175301207, -103.8976003206887, -97.67761592055484, -36.112104294113564, -106.48680564774591}
AVG PERF OVER 50 TRIALS: 384261.94
Generation 120: 1287622.0 --- {133.99510645346894, -99.00735014390644, 5.161052381211862, -11.40632569686542, -32.78321167705742, -102.04236822539518, -41.93450090810231, -48.71514965247496, -54.297866816324664, -47.81563389210193, -432.50219207143095, -109.36181576490874, -146.25332736015832, -52.09725231940326, -84.78540512497025}
Generation 121: 1003095.0 --- {134.89831465665003, -86.1449572390839, 1.8650841718789968, -15.890380717818655, -17.294446521970407, -86.69491729158123, -28.21910728764084, -90.72093679427093, -56.75558517631471, -45.741747417310854, -430.6096718565757, -86.5418035825417, -131.96037366078878, -75.17239249339788, -76.02961858407951}
Generation 122: 974346.0 --- {138.63750499940284, -82.11086350283448, -17.87950668504277, -8.068615307104848, -7.495053133633782, -92.24112377845475, -31.15506044383333, -63.07745914478816, -62.46862388813689, -41.35634512028138, -415.93428169514254, -106.04090917921971, -123.34552611397199, -56.537977840341696, -95.4203195970024}
Generation 123: 1124276.0 --- {139.92326677333185, -110.8548283874805, -15.146981224171403, -13.162802140550447, -0.8418380351640629, -88.99419495913851, -39.8168461024932, -64.34499150905513, -91.04152033194298, -70.92518066564581, -382.00329707103384, -73.6167850849231, -134.33996012005036, -42.19242116620609, -76.31176568169624}
Generation 124: 1900954.0 --- {141.50708917137803, -88.79299208312405, -9.55834356591869, -21.255670400769507, 5.47989395209693, -79.5715328587605, -32.39792968569572, -69.19808172700158, -53.08776689345545, -50.411902985370475, -416.94561191952175, -64.69344565332472, -148.99600204149408, -70.16910905085922, -66.53830206003295}
Generation 125: 1945713.0 --- {125.42796487050495, -111.4643590722669, 29.44527901692127, -23.54646881875977, -7.617921397975287, -82.64095972025447, -33.493796984515875, -69.32045495483449, -51.94465643016735, -69.7927572977313, -384.56998846567564, -106.75301124027969, -172.55724824133904, -81.31159350225161, -70.3449007440156}
Generation 126: 1105854.0 --- {117.11777062300801, -96.05898398746197, -4.491081103297667, -18.387262078870307, -15.791453479058733, -76.41266705705183, -61.107206248518125, -44.766120698641444, -28.446895726650617, -40.689148632988925, -435.7299868729275, -92.49513172017392, -124.27830736822139, -40.49202667939079, -100.80972172369992}
Generation 127: 998506.0 --- {135.5553488387263, -94.00885825134714, 3.339401784156454, -22.51000911451083, -22.56256643131259, -100.29228602846973, -53.53295004376024, -67.16529145110604, -52.174071168084126, -46.56998055069899, -429.44297831870216, -64.42047951713016, -141.47027321004583, -63.55071813163151, -83.69124506974174}
Generation 128: 1127584.0 --- {121.1227395206744, -107.35494120985638, -3.5318373985405196, -50.474327948147035, 13.213523965682768, -73.93752708527428, -37.706374458997914, -56.22226669452611, -59.02181681401971, -46.38905039826301, -399.6134760416101, -93.46753746565865, -162.56029859207447, -69.70027415804229, -69.49392431994764}
Generation 129: 1047085.0 --- {101.54182221430298, -99.0288497452457, 19.057143656608925, -8.902237779984318, -22.179042163662423, -105.83634729272649, -36.71504002395282, -73.4856947627032, -77.5917880699059, -87.21502609292315, -400.9787641953236, -71.7512098369964, -176.46661661949344, -51.134936178947285, -74.89481397679977}
AVG PERF OVER 50 TRIALS: 174283.04
Generation 130: 1247184.0 --- {116.20407135261945, -105.7813564475221, -4.0032732884986295, -11.300149439380643, -11.998767423285333, -99.01540194811851, -4.524949146549218, -76.06475554245294, -75.4037807766684, -93.37859377667522, -400.8261756719474, -85.38998157206012, -190.41723334915173, -62.8189181469014, -78.54721803530694}
Generation 131: 1928327.0 --- {108.69581152766386, -89.13344176035358, 11.059864695166478, -35.835596223281385, -28.641430750827304, -113.8194125761168, -43.780370845542855, -88.26414430848544, -72.34068668755842, -97.58646064806112, -403.28728460891426, -67.32344408416913, -156.28047948630524, -43.73257225558706, -81.50320909510852}
Generation 132: 2274723.0 --- {106.63053803342027, -92.8935483449855, 8.851194600532791, -19.55854336547812, -17.493021679706743, -86.73741313798496, -33.80171749214617, -60.326843229202865, -59.71998813413254, -82.23700244330995, -400.66673797285904, -69.64621273568599, -146.69522738786387, -48.26328769229528, -81.20074459842171}
Generation 133: 1783313.0 --- {142.04631702890998, -105.4637962208668, -13.63191601696934, -13.468038496536721, 14.308872910938055, -88.94849605196599, -25.46229558459934, -54.51378010728242, -64.86673481030118, -62.53266754264115, -400.5798937677615, -86.68081022059609, -133.3818711274368, -68.32402931190134, -96.8796837962642}
Generation 134: 1275708.0 --- {133.475609212855, -90.61563347767492, 15.836085418096737, -9.434624505603743, -33.51924108225562, -117.29307176493556, -42.69518141081297, -63.37968817134922, -54.69097949652621, -62.08664103902981, -461.58167626523704, -92.98617007028074, -145.52870011660872, -67.88477924465592, -78.37334006097976}
Generation 135: 923600.0 --- {122.47933579677165, -83.79250556266695, -14.506171546116049, 11.10152485511961, -25.16923700392112, -74.8704355864709, -10.829302111766996, -77.08527372873665, -31.192630332534648, -42.062349800251276, -503.65241019332143, -95.38679141141102, -134.6089717704156, -82.30663113661589, -103.59058682052019}
Generation 136: 1412583.0 --- {111.58590963538455, -101.89026479525394, -24.818582971297044, -23.73264563248682, -20.678721530255302, -71.26801322624476, -30.073229501958565, -47.82568308746845, -64.53260897083342, -68.04665530095319, -384.3440227110983, -51.539408251325035, -138.7249177971064, -65.7466601369356, -118.80239757134817}
Generation 137: 1513348.0 --- {111.35281747263083, -85.43519911964212, 8.55979567168065, -1.549644902926559, -16.38110247539874, -84.68933882292217, -34.97623532111438, -74.98073932880179, -64.02056522744721, -72.21382739145784, -406.99102408302383, -72.88790179227291, -151.1379134511042, -64.9189015206479, -82.85197863770372}
Generation 138: 1274838.0 --- {120.1774920427941, -100.94817427791763, 22.44337557170462, -28.120693660225413, -35.13685693058858, -97.69966203838574, -46.297238934614924, -98.8771361667744, -47.07695398811374, -66.1813708918485, -458.62097795860353, -78.8374596564554, -142.41319013463638, -70.0342163949491, -78.97794268320051}
Generation 139: 1260111.0 --- {129.1638472303533, -102.65590548761296, 5.311810617010065, -22.502968187606243, -17.748239579898854, -94.1163268738137, -29.06587099325492, -67.61752778271968, -60.29923900759301, -59.80191481681549, -442.94065737771245, -76.51921184567506, -150.66244632774752, -67.46443086773795, -95.93026958583646}
AVG PERF OVER 50 TRIALS: 359573.42
Generation 140: 1183760.0 --- {109.9786358174404, -85.27796419506697, 16.829447256931736, -34.4763692535476, -28.885709797012716, -105.28562811351716, -32.95443877087847, -81.47413718842483, -61.83262529226113, -59.18643230436068, -433.4753161181546, -66.36182011976751, -145.44310871813397, -54.60809542863477, -95.73235611505955}
Generation 141: 1480969.0 --- {109.9786358174404, -85.27796419506697, 16.829447256931736, -34.4763692535476, -28.885709797012716, -105.28562811351716, -32.95443877087847, -81.47413718842483, -61.83262529226113, -59.18643230436068, -433.4753161181546, -66.36182011976751, -145.44310871813397, -54.60809542863477, -95.73235611505955}
Generation 142: 1749202.0 --- {145.46853619624082, -111.90118112404178, -7.806293047486378, -30.574325418721024, -16.647306432854435, -84.48550019060531, -18.65844676705593, -70.5471909761199, -47.22966190550193, -49.186667693621345, -466.1747131015769, -85.135980454583, -149.43801443328155, -73.35470334223086, -103.71277572833907}
Generation 143: 1166810.0 --- {106.19255801782222, -95.16298978391902, -21.06430931934159, -6.914176929086988, -15.860832792259322, -86.42511617281563, -52.94451199904626, -76.75678562517012, -85.11387443467751, -43.60654696201437, -405.3372495278734, -63.94360105248622, -149.53859154702496, -49.88270529013084, -95.32878046257167}
Generation 144: 1609949.0 --- {146.79556101430595, -100.0067928720735, -32.54960784321103, -10.78613846072961, -6.905083374968857, -95.188984012748, -55.981172694957294, -65.95633989379301, -39.18436553707916, -41.13084701918974, -443.3104653588396, -106.4216055617292, -103.22692905844386, -47.510326476926636, -82.49175764177767}
Generation 145: 1941705.0 --- {136.9820141181601, -88.80524991112976, 11.228396195583016, -32.89624139873026, -28.03258420851622, -81.4323101348678, -35.38957050281964, -57.249926319532776, -68.97817904724883, -42.7394021928188, -480.8097740221697, -80.33002167052867, -123.89099237524064, -80.15872758015868, -73.83507436037499}
Generation 146: 1070549.0 --- {134.09629070562318, -113.40431267763245, -5.374254997426355, -9.753446070647552, -22.272656055252355, -74.67495346887146, -23.09018333469812, -83.09205125262359, -90.34675725516894, -70.70083205900262, -485.31199933576414, -82.19052260615871, -175.89741610863106, -110.96408806321814, -105.66064281551039}
Generation 147: 1397198.0 --- {102.28058074105101, -91.26215930815022, 1.5451391594183446, -11.938641016590307, -28.954614099204747, -105.48596857096175, -37.386144784665404, -64.64982814345255, -57.71308780019378, -37.83005965956111, -463.10799765541566, -55.75788831181961, -134.2406636959029, -60.4483742784217, -81.87610893420364}
Generation 148: 1695612.0 --- {126.39055128347356, -113.45541239748542, 13.650820782494959, -13.549261911335607, -13.390617374536237, -110.0329814572414, -34.94969928005988, -95.77924888776464, -79.79395290224933, -59.5635835549498, -479.5771452137455, -93.57011606552096, -137.19615778487042, -68.48277138458927, -68.44787916634655}
Generation 149: 1095905.0 --- {120.90505741893992, -82.12718786625074, -27.107948817480402, -9.945640758697749, -21.9246336171144, -77.40422951234804, -64.68344571264468, -83.41227950657, -77.8985981391398, -57.9522183275426, -459.48674022503997, -87.3043044545378, -145.0070751865609, -66.57163285724518, -98.4519754982299}
AVG PERF OVER 50 TRIALS: 352766.1
Generation 150: 1736030.0 --- {127.770562750105, -104.15356852434752, 13.17909377304382, -30.071052281385043, -11.723086213448806, -97.74858682752586, -17.819732152947967, -72.70928371103223, -41.589844825534634, -79.21595220365332, -495.2501489637327, -95.39873096628077, -157.64157367728703, -91.29448378145392, -93.53612694090596}
