TETRIS: height 20, width 10. Noise: (50.0, -0.1)
Generation 1: 25.0 --- {-9.282694454830924, -2.0602971451687733, -7.441475075536642, -1.0112530161000082, 0.04638919040498611, -17.27552283978049, -0.7199737736919992, -9.274294956721151, -15.688602648040517, -7.91512581695803, -3.082915370177637, -1.4373117173898189, -5.568859058821211, 2.4238725433897166, -4.648493017554982}
Generation 2: 74.0 --- {0.38476430746289836, -17.113653134641694, -4.151701848538353, -1.435754168090816, -12.431625850408977, 11.188445488563714, 3.488877018350292, -12.224835845723057, -14.645528996935223, -11.303099207424767, -4.614597017567125, 9.16843811827709, -14.47315233268014, -5.5728781847981015, -4.117252525177705}
Generation 3: 470.0 --- {-1.1251016637542897, -35.89483411275124, -36.79753814071395, -21.1448441959951, -25.297948749784357, -1.0892262958448278, -11.457927640808611, -6.7651281837853094, -24.65563543949256, 2.9904984859643347, -18.5833929597757, -9.72014876793883, -30.730611113012955, -31.160546687761656, 10.065845309854401}
Generation 4: 757.0 --- {0.27063887005577003, -2.0937984319236467, -7.371092110820976, -12.322804172388109, 0.4858289519480312, -2.1703860095151555, -7.56593998966876, -10.093275917287462, -27.16301510201135, -7.5195540472373015, -18.657846208223148, -7.466864122415946, -19.65050183365827, -15.128301904838363, 6.700044290761921}
Generation 5: 1482.0 --- {-1.1251016637542897, -35.89483411275124, -36.79753814071395, -21.1448441959951, -25.297948749784357, -1.0892262958448278, -11.457927640808611, -6.7651281837853094, -24.65563543949256, 2.9904984859643347, -18.5833929597757, -9.72014876793883, -30.730611113012955, -31.160546687761656, 10.065845309854401}
Generation 6: 1442.0 --- {-13.303983792896204, -56.36684067865729, -64.95803043127994, -30.927699162417476, -67.45461858146984, -2.890068082740006, 4.47476233580627, -8.796386070427975, -32.16206041890048, -10.488198659680553, -46.53069032830322, -24.69524382431032, -55.01265231118958, -61.91086433521134, -5.154268484262303}
Generation 7: 3135.0 --- {-16.077445451158162, -37.486411461457315, -36.48712687661896, -10.218126600704746, -61.679245288381836, -0.43197526103574235, -3.445852406447565, -21.980087619249396, -9.059843306783279, -7.768417453256863, -38.719435106634855, -14.588286288247984, -57.04925281414549, -26.972638744331213, -10.343610691651962}
Generation 8: 2630.0 --- {-16.327487561823357, -80.08046638604523, -55.351714514470586, -31.547096620365636, -77.45575705039246, -33.08029331283462, 5.483429352797279, -0.6813133600187777, -30.32991753692615, -3.0503894711928865, -61.63207683957876, -1.3143591679389672, -47.334892021855524, -53.829138115706904, 1.9959108870978994}
Generation 9: 3034.0 --- {-11.22347665761834, -73.03308740392013, -49.49259243245163, -29.073626233054046, -42.264218955804566, -6.721766195923139, 1.2631832905756708, 8.830336464711209, -7.294087843350052, -7.484812430322614, -64.00166945417857, -18.89613442205132, -48.21854865734253, -63.250226503360246, 3.7905945950389763}
AVG PERF OVER 50 TRIALS: 1580.44
Generation 10: 3471.0 --- {-3.940065016029182, -75.57310554647908, -37.40128461968681, -21.19468861396963, -38.00424745598541, 12.937531984026386, -15.205246430370234, 1.6442834551145342, -9.305744204147258, -26.93548155831214, -59.734987348428795, -18.20994484836772, -72.31770738573611, -60.178441004316255, -9.864476257443062}
Generation 11: 3514.0 --- {-15.300451152270131, -69.89193874978251, -77.76172961697662, -38.09331621145682, -53.439670371251786, -7.587853759218237, -8.34485467444394, -13.649412046132664, -31.375649521835676, -0.13737086093640283, -56.91340138920285, -22.414483649861992, -83.8979176708659, -69.02215915264532, 22.804075015314716}
Generation 12: 5911.0 --- {-15.516823483285467, -70.71510022274815, -48.047290645347374, -26.66073630887491, -49.06374141118621, -15.553994674086745, -8.581648940913473, -3.51944573186731, -22.407633523009192, -20.48302029660912, -118.40248889297979, -6.701405136935749, -61.74307219925593, -48.35790434219145, -0.1735664103407979}
Generation 13: 5307.0 --- {-1.9781892751701164, -49.81616865998537, -27.28914833234043, -36.054237847748375, -45.55082951546404, -11.735255955384687, 6.7871725232274835, -13.423555889041864, -30.126283850223658, -20.49438629752727, -72.8405388170432, -6.137021968434236, -91.44111326775703, -38.86822219095386, -15.32116814086067}
Generation 14: 17189.0 --- {20.616069790603444, -49.40679157315587, -23.91765204452836, 0.5334416572366543, -39.56754120666878, -7.856807072798228, 10.08931389778001, -27.746774241783484, -7.8199634898022055, -13.168487580280372, -115.4467735588712, -13.449278600378399, -88.50562649754262, -45.642144511651296, -8.361014561537274}
Generation 15: 28739.0 --- {11.548055878507782, -27.52945266667954, -15.483214427109917, -9.324391847196841, -26.724458958313953, -1.6192869307385749, 5.877125557015266, -18.296300113376613, -27.17858127074164, -35.76546314343489, -109.3387257195322, -15.800479713656578, -69.94565194324905, -39.48780516911209, -6.5833026032448805}
Generation 16: 40410.0 --- {30.990708120943687, -56.71010206726263, -27.634728978438098, -11.799447834087532, -44.8071042430864, -15.916544427636042, -3.345044603844391, -3.835989598799891, -16.200041738931553, -33.462750736360164, -130.49187150416844, -7.519352513118169, -92.04126462906956, -65.32877490241151, -9.63850279932706}
Generation 17: 43482.0 --- {46.19316802384685, -66.18124004795118, -31.83184018550875, -5.627914401976993, -32.564038997452926, 4.736945208576067, -3.1391617096997484, -6.402444834148147, -3.4976683223828786, -56.20061731570628, -126.99013286597777, -32.12455646656152, -101.20470181794687, -69.49993764012291, -10.522066432141362}
Generation 18: 218979.0 --- {62.8595734183354, -56.86858483893972, -9.902413100064244, -0.6547400585902352, -15.364096914991528, -23.25929935107985, -12.705731199455029, -31.479357705809747, -30.128359593381575, -52.72877983595753, -180.47394917253928, -48.38310495751796, -123.90884007418934, -49.97906535010381, -29.85646853464728}
Generation 19: 229479.0 --- {66.4028005155719, -49.55126518032774, -3.673027418765372, -14.068609452479858, 11.064889200708269, -27.097309658959013, 5.79420567043228, -42.50996603415979, -41.58682284020095, -57.21648734860784, -194.13385479873264, -57.76498182050797, -92.86122139561171, -45.60534632472766, -31.65192871890255}
AVG PERF OVER 50 TRIALS: 121902.04
Generation 20: 464293.0 --- {61.55915350862996, -42.516700332438106, 4.330531962942501, -8.950455211056676, -2.2990759520988604, -32.55151280230133, -17.930389728957028, -17.716083708621902, -29.62987216164911, -25.885408576077396, -167.9376624759564, -39.71818391762086, -106.49797272131043, -48.53837574610417, -46.069744929087065}
Generation 21: 309797.0 --- {73.96292298311832, -78.46405390155593, -10.244085460229687, -8.329227705028051, -8.007815943302216, -28.17201215981125, 5.678443026103084, -33.24795321916345, -3.747516051058806, -39.53774362386725, -204.05824180098824, -64.88149431818721, -116.8388154892443, -54.853336969644516, -45.17915509146329}
Generation 22: 444031.0 --- {67.08500545950197, -40.75328873253756, -2.244667176922272, -12.178179525456583, -9.011087833073736, -40.52980902605002, 0.2687413850041285, -26.109923368542873, -47.52697714620783, -23.25819660938623, -187.19576096038898, -49.652255296884, -114.09513714310319, -51.10036355573671, -46.41010277143891}
Generation 23: 495197.0 --- {71.67819103469071, -75.64752472412837, 1.3448104951162612, -29.413428261778883, -6.502855336426776, -19.20085346360478, -1.163945412361966, -27.95140221095675, -20.800651244585104, -10.148719794250287, -209.5547691047636, -66.55696001811002, -100.70403236315713, -53.541788898518284, -39.53566248434655}
Generation 24: 628540.0 --- {80.13261147351642, -74.75135507679728, -3.4601801206770615, -20.55086262266988, -20.28568724346659, -51.52633804904106, -4.3500803970356685, -19.223753370497725, -3.8949537797606943, -5.060604718917006, -217.99086178101473, -43.321871886916135, -99.37491412951002, -54.462689891565, -57.45898911031424}
Generation 25: 693484.0 --- {91.19476569173536, -77.95217902443369, 14.23989801238398, -1.5183433023275938, 1.9547526143725555, -43.34746880850073, -16.7633568582553, -31.38244818540374, -35.888150395153275, -27.84979347379752, -238.05464711697493, -69.62544445904156, -92.03414253169629, -44.619867652275275, -53.033367110529284}
Generation 26: 550221.0 --- {80.1420525502668, -58.193039308125265, -13.550331748915283, 13.350281715320701, -14.387427782407288, -33.28872095162428, 3.6016082272228394, -65.93261182860172, -27.42563739046863, -28.76002912822159, -186.06168646637138, -70.29655576528623, -108.35269441500004, -51.30124826160338, -44.3848282773469}
Generation 27: 647699.0 --- {84.23367942536353, -81.43310630151313, -21.647323759493162, -20.267170667081697, -10.384812023641004, -39.02465051648505, 2.9062925807547666, -16.666657966677565, -18.639052543816213, -48.04811572939405, -228.24528811138038, -67.95417774253744, -131.1610068056533, -69.08931062738623, -76.88258811052887}
Generation 28: 1408826.0 --- {69.95885654305356, -53.68372656771285, 13.330403164782073, -6.2825039651573835, -19.813291357128684, -31.45718358076374, -14.102264111723004, -47.348716790574514, -29.40220147794529, -30.701187129042083, -186.41835424690186, -55.58304084734103, -128.69935333831623, -66.79202786247049, -32.545982077230164}
Generation 29: 351715.0 --- {61.31960424149439, -57.74921151842467, 6.715287091613799, 2.3425589565582268, -24.487912566485022, -33.76862614843198, 7.341905861243953, -31.154299392906033, -18.60712703585017, -17.12171957847606, -236.012335180657, -60.23262896904451, -90.61462834206715, -60.945352070088845, -44.777583728570676}
AVG PERF OVER 50 TRIALS: 135436.6
Generation 30: 342870.0 --- {78.38069582633304, -61.44269596901205, -7.459060263330915, -5.920768455767782, -5.636749551721819, -30.00945490372034, -7.207822756502299, -38.218852719271084, -11.017819530523358, -38.292869871978645, -208.4773039459791, -61.608293203499095, -126.87484791657228, -60.601023443245246, -20.72204815951184}
Generation 31: 584355.0 --- {84.18549145405872, -58.67600481824639, 6.964106713821472, -1.2989518643111122, -8.986231142767194, -56.27880427488195, 0.113955919536048, -37.29865735163663, -33.939371504735405, -37.1657112384895, -220.615431438859, -69.95882962818806, -124.9824983802752, -57.67479407687145, -61.44181105922877}
Generation 32: 676333.0 --- {73.34771247874983, -57.54689525448978, -0.8899072732160103, -7.038933844389147, 3.3534365267749617, -56.60513673631744, -2.93783832874343, -42.829901430257635, -20.154369746006626, -39.60122830816592, -233.33419950369682, -58.96884065028705, -98.51308928979098, -47.09433620912773, -44.89135820019105}
Generation 33: 649375.0 --- {91.66861324302042, -69.00556230144512, 6.404056596640087, -25.733773492753414, -11.731331239946154, -29.010107495085027, 4.7212049960653335, -36.5148364494327, -1.7234043122142317, -50.554423917362485, -227.39670658398893, -60.97422963669772, -101.1357897541878, -62.56137342260619, -42.18077678343329}
Generation 34: 509972.0 --- {79.97367249877445, -55.25228151423706, 8.068654069817912, -0.024529475722637528, 6.3864071553791995, -14.824371218475967, -3.3232329411478507, -18.295991914708274, -31.31885702156131, -46.105181952057755, -221.98158499495247, -63.756970411604634, -113.17534210490363, -69.34294979144234, -50.61672806327695}
Generation 35: 503515.0 --- {90.21969698921986, -86.44134828049411, -2.9330763847400747, -10.683024693754136, -35.45046517481565, -70.5989148842268, 0.2758731795641447, -22.352797946604362, -15.796945419423103, 7.502541889283901, -252.31645944343853, -70.48043538942116, -113.95558280262472, -58.544450116362384, -64.4189103027627}
Generation 36: 1221669.0 --- {85.07023631831187, -76.60096113698836, -1.6160753657954698, -11.846173403515175, -16.00572081089921, -54.67017812777452, 17.72386816326959, -47.40839843501223, -1.2427885133239904, -35.02787296081873, -257.2673741633947, -59.3418488396708, -116.28816412370523, -71.75088358802417, -36.36149681529605}
Generation 37: 1127396.0 --- {94.62897473905207, -76.09122192839035, 1.6364441782735737, -9.921954813354668, -9.595736395445883, -45.57287884005816, -4.362916265577722, -30.34019034533323, -3.675749284205109, -25.460926906350274, -240.81338430526768, -80.26224989954217, -128.58840511588184, -62.88695778326888, -56.440059572194414}
Generation 38: 763933.0 --- {78.12275168820061, -58.13707208328234, 7.941569414429378, -16.815104199710053, -2.1526441837551484, -54.70068689842431, -15.86141860866781, -42.129383642279656, -31.469967987379334, -25.36555771222821, -250.14160301612668, -68.0117877841015, -98.18015932921922, -51.46329306640513, -51.28276296816151}
Generation 39: 996095.0 --- {48.272153100636764, -60.836568151427194, -11.307286211947499, -22.3894333374785, -1.6173580224419712, -42.82676050356753, -5.727417835657983, -61.56364092654866, -48.21455324502375, -40.89917281313001, -250.1628084859966, -29.461931508198187, -91.3693451809442, -48.086752949004804, -43.283248967966216}
AVG PERF OVER 50 TRIALS: 143085.38
Generation 40: 676324.0 --- {103.89054725716767, -77.10456053150251, 0.6925186320536811, 4.072229667552788, -13.212889019775403, -19.73277781396982, -9.54776156617201, -36.1482678320544, -9.247328713139852, -29.323780116013054, -270.8278146450096, -73.0810853635298, -102.26211750669965, -77.71160135669955, -56.929660853646254}
Generation 41: 419820.0 --- {81.03219600155298, -73.67315760405032, 10.879072048769888, -26.71739055215994, 7.0796086666179985, -43.85510027080291, -5.804371669391887, -49.85452040877814, -21.221829910032877, -33.665778858703256, -238.2035686591784, -60.61340618056815, -128.0795818071745, -71.71562910385086, -53.9383385656725}
Generation 42: 701995.0 --- {88.18558748618831, -73.63520912096283, 12.83065857660794, -7.155734497319839, -17.25261005342469, -24.63054920511499, -11.251853503642238, -9.749446209415908, -9.30381541147576, -40.83979776863607, -245.705911658451, -77.22939818945434, -104.83969445169856, -88.28459739310951, -38.06549425134447}
Generation 43: 606895.0 --- {104.80949904496585, -74.35178343510063, -0.41697621435503285, -20.38116925340652, -4.353910872281701, -44.834769351042425, -14.417640824404675, -52.90163806635518, -14.489505019210881, -26.335342584125836, -264.4921033200759, -84.80893564202654, -112.08517238958503, -64.51812550924006, -57.689018053561824}
Generation 44: 517891.0 --- {104.80949904496585, -74.35178343510063, -0.41697621435503285, -20.38116925340652, -4.353910872281701, -44.834769351042425, -14.417640824404675, -52.90163806635518, -14.489505019210881, -26.335342584125836, -264.4921033200759, -84.80893564202654, -112.08517238958503, -64.51812550924006, -57.689018053561824}
Generation 45: 557160.0 --- {104.80949904496585, -74.35178343510063, -0.41697621435503285, -20.38116925340652, -4.353910872281701, -44.834769351042425, -14.417640824404675, -52.90163806635518, -14.489505019210881, -26.335342584125836, -264.4921033200759, -84.80893564202654, -112.08517238958503, -64.51812550924006, -57.689018053561824}
Generation 46: 428778.0 --- {83.49542398298112, -79.07757190513125, -5.6006774232538445, -36.333781437691144, 6.712476507360208, -28.789637214991306, -0.6969402140661689, -46.02158801611677, -39.97579007266681, -50.90487705664354, -254.628542266067, -57.15884712665523, -123.07881490726666, -69.18179598107115, -39.13535497542203}
Generation 47: 725839.0 --- {83.49542398298112, -79.07757190513125, -5.6006774232538445, -36.333781437691144, 6.712476507360208, -28.789637214991306, -0.6969402140661689, -46.02158801611677, -39.97579007266681, -50.90487705664354, -254.628542266067, -57.15884712665523, -123.07881490726666, -69.18179598107115, -39.13535497542203}
Generation 48: 739721.0 --- {95.6428835411164, -76.46262431514992, 0.3237031645464121, -19.729561008969952, -11.29878026729835, -45.99084959907828, 1.6083710004871197, -29.015867126135056, -26.186408761355608, -58.96544349113114, -252.55263562937472, -77.38698615070108, -133.46254250399926, -69.17466117401831, -69.75028751599491}
Generation 49: 514031.0 --- {91.36506829488863, -73.22849855506439, -2.469641142427669, 1.5082710408704045, -15.010063051640788, -17.837766595674836, -0.5359816394457741, -33.27201009595733, -22.114943325102416, -42.78474866142498, -271.42767281479325, -81.65524970564341, -109.04158183555624, -56.26821612779702, -70.92826189546525}
AVG PERF OVER 50 TRIALS: 200923.0
Generation 50: 859234.0 --- {96.0573462445108, -61.45767854084706, -14.515964020653293, -9.476996331800535, -17.927317583353066, -33.1469093830716, -18.502908833189753, -29.927768965176995, -19.070431302085105, -32.888265411444046, -250.80599075117144, -88.28871766065954, -104.73592162350376, -54.64770923531378, -65.4624729371819}
Generation 51: 902277.0 --- {83.9556795905681, -75.54647410723231, 20.468293937521345, -11.972120256019604, -17.73114083835104, -32.06303680368408, -1.105497172079124, -31.5877900386385, -30.90968403637428, -28.148185918989412, -258.5029896805728, -74.22732182606042, -119.21363086351083, -87.5373772493769, -29.417190376106422}
Generation 52: 1359154.0 --- {99.37162514492073, -70.24847202886407, -13.574547031642634, -42.04834412106949, 7.469756904433307, -40.257077383903514, -10.670391100861622, -13.28826742262118, -14.0529474125408, -24.556088794463378, -284.1877726445056, -87.44053720151442, -119.61307255536079, -62.23638474481332, -93.4534889115834}
Generation 53: 960264.0 --- {107.891486787079, -83.72706138112896, 7.0566903033849515, -27.403186186903707, -17.358717257379936, -60.44783598133493, -20.68145308438506, -42.473045808506185, -43.538501818314245, -41.05793485651276, -284.81451016773707, -76.37104381407867, -102.03978912879862, -51.206125309502134, -54.156161269337794}
Generation 54: 411646.0 --- {113.45501444347589, -73.12861924620854, -0.5003478187718333, -7.07543032739782, 4.705944697049329, -49.988764978208806, -11.73655327224428, -27.57524335639082, -42.84793457117324, -39.18049961494905, -263.7993267731505, -73.3561317995448, -100.85164692524047, -57.33860278168994, -51.93651678810875}
Generation 55: 1057657.0 --- {77.02771037575755, -75.86899700755802, 5.257500112140448, -15.000963708980574, 8.972978671147988, -57.94076875136724, -27.170646966855895, -35.81689928317385, -45.83898783241059, -51.14751591565357, -233.01662941653245, -53.91406258226926, -95.18322257554141, -30.33014864479662, -45.66321805886846}
Generation 56: 693862.0 --- {99.3451746694563, -68.1069569853941, 13.924203473747923, -9.357908014885123, 10.341651618588685, -76.23811303087929, -24.781965199559913, -51.31670110468319, -29.832101892824568, -46.921894412994796, -283.72852764011293, -91.45079690200704, -113.97827852927404, -37.60442796626492, -62.93733799400145}
Generation 57: 797071.0 --- {83.65395983318719, -61.1938296685845, 11.247403366645052, -24.44882607706734, -16.023991944562447, -40.78971519067284, -3.830799201748361, -35.45367243580773, -27.57033881734971, -34.12303866306843, -270.6587913983237, -72.3384346459065, -93.6670435909324, -64.05640524563248, -49.65156109870874}
Generation 58: 540604.0 --- {111.07280026400849, -84.0540571682243, -12.65739033139175, -13.37423631620226, -14.549404167889914, -60.8931600939306, -20.90462026184923, -34.721582944773814, -42.76947561713074, -24.199060673939293, -318.77789987931527, -90.44556044904981, -95.37255641394603, -42.93771744589435, -102.25043650656065}
Generation 59: 906260.0 --- {91.734454786613, -70.18715079199228, -22.738947651274042, -16.364300130381338, -2.3119015028209073, -59.32870662680942, -18.154827373679414, -41.558521742690736, -15.13009753817764, -49.91401831686255, -276.24261409743025, -106.77512529702474, -116.48229983337528, -42.34782821795402, -69.52697788988655}
AVG PERF OVER 50 TRIALS: 123449.28
Generation 60: 612028.0 --- {76.25605160931713, -66.47886455689108, -3.028814969280572, -9.368643541315583, -3.661579524510826, -40.44242988951597, 12.615851906373212, -47.37267916789093, -35.289860856696, -49.50515504535603, -275.05480919169077, -103.02474910417463, -106.92677922097603, -55.570734246200786, -44.54164281145424}
Generation 61: 641145.0 --- {79.4291410124016, -71.36473599194699, -17.304600044059892, -19.235345839699324, 2.250890646243315, -42.3484681299808, 2.8705271417854963, -51.324557299842304, -0.9159528408480462, -19.091316271690744, -310.53940262438937, -98.07300012245767, -96.32454038435752, -64.47172114859164, -72.16828225567077}
Generation 62: 1408561.0 --- {94.82618012403942, -76.13012969940982, -6.183724368868571, -14.496676155058898, -16.33028743014127, -34.83163491628102, -6.483337242396871, -40.79999351933666, -22.195231029081135, -16.84426181668438, -308.1485340840705, -101.0737722003449, -101.04979509199703, -58.63787331906574, -72.48325731638582}
Generation 63: 680937.0 --- {99.97182123132472, -74.78054848043983, -11.033605586961677, -18.73552848136549, -12.889320162011211, -55.139796557440526, -10.654897338735594, -28.081040512269325, -29.46067946475287, -37.77687890855874, -279.1228272515228, -92.76698384443316, -109.06781679287101, -64.78271011805495, -51.99727233395504}
Generation 64: 989687.0 --- {99.86605149719219, -83.79869168462396, -17.125804429164038, -3.8054252559086255, -23.91785041035733, -48.407767821044814, -13.301014589114073, -38.33587586319509, -30.4446123022638, -13.843162374841345, -311.0119520943739, -79.72613905672635, -132.86076383767062, -66.0244108083637, -66.50457420110928}
Generation 65: 881612.0 --- {103.45978132105888, -70.08784311240854, -15.792370413948984, -25.474720384929263, 19.399717059471595, -32.32175270726158, 3.5038176763087723, -43.256998168628826, -17.761193491887173, -7.741629419896622, -329.93834279599315, -88.7852026613816, -90.6762333820862, -74.89288054031289, -89.4950808883357}
Generation 66: 438403.0 --- {109.6067409600434, -91.43283167418409, -0.06421583911511686, -40.661565114645256, -7.18409486260668, -52.156306647151986, -13.051558867123147, -41.796687480630034, -24.856934851701812, 0.2297661605176735, -341.1333917140262, -96.29541670414488, -105.92168386103398, -63.863132795131044, -82.41894045364096}
Generation 67: 715136.0 --- {88.98752464924428, -72.05141033042437, -19.247783300814532, -11.147491961497908, -13.133049073623422, -56.76832701172493, -21.838733772074058, -36.302691629364524, -30.405043335966255, -24.298665551418082, -302.1572404696727, -91.56063620696497, -111.2080994496221, -60.75835967839539, -59.46041333153091}
Generation 68: 606303.0 --- {86.76829641788251, -76.38863806987328, -7.955187382867918, 4.441850804331963, -1.8265318051462067, -52.0791126056008, -15.481030370215898, -42.02250602696998, -18.71216562941679, -56.87069004462343, -291.9467648300817, -112.76622459754402, -137.38854142956805, -59.31713093461794, -50.24312467397896}
Generation 69: 723524.0 --- {84.06535594927465, -80.3971514521991, -13.02911291932144, -17.850190992603586, -8.376749076410995, -40.72291101978612, -8.02331052818482, -44.915108994128545, -3.8594415740177084, -26.119140596217594, -290.4561919547589, -96.25259364584844, -137.28969080639445, -69.69064107486244, -75.98692169234181}
AVG PERF OVER 50 TRIALS: 304714.02
Generation 70: 1148193.0 --- {89.0299059190338, -61.790569567915405, -6.271038782386978, -22.08796996955773, 4.970141722755031, -64.60035486454179, -2.9670180384791878, -53.77864084057862, -43.626946247648476, -44.6423123137244, -297.9080209191159, -76.92671745725731, -135.92968824356223, -68.27922924581368, -63.7559917953689}
Generation 71: 686199.0 --- {95.51887915097849, -70.6423923965543, -12.64524432643547, -6.601629928079413, 5.417998935046818, -48.34607517350438, 6.018331148721021, -55.566049321679664, 3.370129705345761, -52.44703103164471, -355.81609419036903, -117.62682076424466, -118.18612443837833, -70.50978803804125, -56.076093609895}
Generation 72: 806355.0 --- {75.00459622291395, -76.2609306424968, -5.209283006017767, -10.123202196686602, -5.283135894825966, -35.519205217210434, 6.30729877231388, -22.803286420359957, -27.99257361818486, -16.549599733441465, -310.04390937264617, -69.78128175491251, -105.81620568762953, -85.78348033074607, -84.27669347662177}
Generation 73: 773424.0 --- {95.77391365298901, -41.1246120524593, -20.579303458174167, -29.91622692750041, -0.13743560385629028, -75.77545896152168, -29.60975498163565, -65.58412391998404, -53.787507338264774, -36.72207341866165, -334.53842232055774, -67.70410551523845, -144.2800585524761, -63.74783674513592, -55.09569078931541}
Generation 74: 1206754.0 --- {116.54188455299379, -83.79223012057017, 6.345602476858378, -26.816312294109913, 0.7355354595464254, -55.610494682963804, -7.628845264701026, -17.70928075975683, -31.385240637056377, -13.452017815275372, -346.6841383493101, -83.45211603121119, -121.43051117187932, -76.83814551010883, -73.41246543987421}
Generation 75: 667615.0 --- {96.6693937622712, -71.8125614570037, -11.717238212626402, -21.71333844712595, 7.011512432636005, -50.44254777794986, 15.862060436182475, -38.14104554112067, -24.81001515246038, -15.874374907851116, -342.0088505888214, -80.99009912082992, -129.30000622883838, -73.45089318074388, -104.89279789973298}
Generation 76: 1240332.0 --- {116.54188455299379, -83.79223012057017, 6.345602476858378, -26.816312294109913, 0.7355354595464254, -55.610494682963804, -7.628845264701026, -17.70928075975683, -31.385240637056377, -13.452017815275372, -346.6841383493101, -83.45211603121119, -121.43051117187932, -76.83814551010883, -73.41246543987421}
Generation 77: 568507.0 --- {98.78047189312831, -61.898752705595115, 3.747022051166116, -46.46977573234203, 1.1167149739227646, -34.115552783081654, 10.703375147951062, -36.344712393485146, -27.02192899671879, -7.52993692998716, -319.0929537728549, -99.82047436517449, -96.84848348729935, -56.441164198919196, -71.3120364612756}
Generation 78: 1748538.0 --- {108.02413571662852, -66.94614925150182, -4.780230771407566, -5.9225150519404846, 13.222325846784708, -75.45015758514553, -6.662893402673747, -58.70492468153113, -25.175296907958867, -43.75284666308883, -342.709273624302, -92.5375413320832, -164.01926206793996, -76.6419294059341, -75.29602152269379}
Generation 79: 869349.0 --- {103.5737022691752, -70.33585950863154, -0.5914625886589131, -36.56257733098815, 13.374525095382774, -67.85012473357453, -4.8682080723741725, -58.656176422185816, -24.28243727795909, -49.59869252639801, -324.34435382215, -85.15648941411322, -143.03763729773118, -59.286508460523756, -82.69429240341944}
AVG PERF OVER 50 TRIALS: 237418.44
Generation 80: 804825.0 --- {101.66913541905102, -98.19797617146034, -2.0694305832215187, -5.075900058733417, -8.867396919931593, -42.707928937963366, 8.421892945615296, -45.19870299699722, -39.41834408702352, -29.0019587405193, -372.0228610195329, -80.93967343054642, -143.45828143959255, -95.05468569938658, -85.3584959795478}
Generation 81: 1140669.0 --- {86.40876816789738, -77.59552770576772, 2.4360232859140343, -27.18714120874602, -16.338067184912134, -60.34618967142694, 5.312872463827892, -48.26179325222135, -31.092741711913533, -21.531947784321304, -335.22471429982915, -76.64593568567133, -123.30428798063221, -65.78376923086893, -98.6540471791086}
Generation 82: 908020.0 --- {125.75475538466998, -112.39768328254623, 6.304365867379299, -1.0768165160539898, -34.49745121170657, -59.63662010911139, 5.617819756545562, -17.56263933420456, -26.41979704072122, -30.45840983002674, -372.97231402985943, -81.64971004586964, -116.80706896634851, -88.44438880258024, -78.7495360985606}
Generation 83: 1419116.0 --- {95.6779505519546, -80.8505874461211, -0.14075166148953433, -14.772949367644124, -14.51542507679758, -80.36098589780634, -2.711593902150228, -33.79858418193247, -37.440347563744965, -64.23940409205127, -341.0793270172873, -92.0569936980879, -130.47956708033178, -58.38200247593879, -68.50087919416899}
Generation 84: 1589583.0 --- {100.06521595360405, -85.34204785180222, 5.154469571588335, -7.680984241509387, -14.692777355226724, -39.36384436352333, -14.762979543846907, -18.393985902927554, -5.822142458475337, -25.989253799222077, -334.849670078158, -97.52855027463794, -122.57320067043298, -74.86624211805635, -76.52816052874279}
Generation 85: 758254.0 --- {96.64062313232363, -89.95743319715372, 4.544292132248761, -31.575932101176875, -6.651945531859388, -50.00751870782794, -7.39946558979072, -27.98823182807407, -17.600246201230128, -40.755776496012174, -335.62608933266154, -66.80185885335888, -113.56360525203763, -89.01807387124785, -72.0063627774307}
Generation 86: 1340846.0 --- {123.2878846277342, -78.68620628586334, 6.953722459229256, -16.409165092399178, -16.392191338377827, -50.67595424072948, -0.6650960333410889, -36.381525372311756, -14.850449828288193, -42.45848053689012, -373.67535322797283, -122.37937463255169, -154.18503335251486, -93.56358998333044, -88.36816214176416}
Generation 87: 1178462.0 --- {106.23711759749875, -66.19724985341998, 16.481733392269465, -49.07520573277294, -6.1063872301274245, -46.342177290503415, -1.5306613481894167, -45.02210786266865, -33.3383829323343, -20.503022510589183, -328.0514278579405, -87.69665032977802, -140.8233435285355, -61.24761689840906, -97.60925493066469}
Generation 88: 727692.0 --- {102.1671732861926, -84.46111743247765, 13.168099813409356, -10.199463460099013, -2.258501032423764, -51.15212019871375, -19.53059330405112, -9.913987542994622, 1.3410956767498874, -43.70955651470308, -340.22041206658616, -115.466560918379, -114.4208782378263, -80.85213507420272, -88.17485803133505}
Generation 89: 848908.0 --- {81.93388762363921, -113.11815076744226, 6.0706643139306244, -21.42035390831392, -27.769110896137768, -75.46141840007682, 9.303620694629792, -34.89946452354591, -4.211667211276811, -68.95521097639833, -356.4146675183933, -75.62604438430562, -153.57392155107178, -91.40142629963437, -68.23371613903385}
AVG PERF OVER 50 TRIALS: 226095.6
Generation 90: 688004.0 --- {141.3364595385722, -98.03976866471103, 0.17524434676438627, -20.599414414327125, -22.859018179974207, -82.95151079932545, 9.538517470065209, -37.29768370533571, -9.892188063370748, -33.87049458734551, -384.00309281276014, -99.39909802227992, -165.0533355052657, -84.55439157500247, -96.65883201127265}
Generation 91: 1008619.0 --- {99.13781322065617, -70.43996119549935, 0.9627066674746105, -27.711997678742954, 7.469744944232222, -63.14280559937683, -19.621446891207796, -43.69906320418282, -28.8070080865068, -42.370617798834246, -328.5590805892569, -82.74278569399978, -99.6525453599545, -62.32573976449996, -96.03031478306909}
Generation 92: 1601341.0 --- {111.53628587179772, -103.57062089029017, 17.537009102673572, -53.559018666562295, -15.276370516002565, -79.65468348907362, 19.789100078178933, -55.77946947901708, -52.21786082267974, -29.960013077951793, -402.71627597677815, -102.20237927847042, -166.75490087083273, -80.64810943717329, -98.29896900021309}
Generation 93: 1067477.0 --- {88.46260554437995, -96.57150448331689, 22.55749839447207, 2.5562347454106877, -26.463912479699797, -62.52388940270321, -21.17793595718946, -39.50336001330518, -16.416002277488495, -60.509089751001135, -364.3739740988216, -91.57955473208261, -124.52870794871765, -55.54049633243676, -96.09866357660955}
Generation 94: 1045498.0 --- {111.00413307962461, -79.63867745204287, -20.106082263595287, -6.51342739582971, -19.475638493012962, -52.69160795606601, -6.291765881875975, -26.16287321186728, -16.639666363113427, -27.931240881806442, -348.6287337603183, -99.94307618925627, -143.59294949386006, -88.05407849202219, -61.43744118688251}
Generation 95: 1067346.0 --- {122.46051728106497, -89.57910221478389, 7.123965371199163, 14.144319420292092, -23.709233087834537, -49.357775864024234, -15.087055555982305, -33.93565259448492, -12.580139359934279, -54.15989851055959, -346.9613604484529, -125.05813718656232, -141.7502417486112, -74.50343786170617, -86.59673234193808}
Generation 96: 630807.0 --- {113.69249578525366, -88.79788452259825, -0.8623157230108376, -34.48501619201073, 0.684339418702514, -86.09424645521622, -9.621573749895107, -18.063968248466267, -38.144344482700205, -52.06056408254472, -325.34515048044125, -95.4549418478924, -132.2478480127158, -71.5516812655116, -105.77866126836378}
Generation 97: 1176087.0 --- {126.3244576838216, -108.92521299987291, 5.635301124002897, -25.50974734003417, -34.21962121057425, -65.90689486427763, -1.6321799066779343, -41.40967740780364, -44.552455026218965, -32.542874015131794, -362.07983794658486, -112.22209953681032, -162.75016115153358, -78.69206083477864, -97.05758245488016}
Generation 98: 577611.0 --- {106.9245720401058, -73.32025292876509, 1.9111535328336586, 27.36573314709986, -50.05827539341935, -37.96727303886489, -26.00898397669767, -35.018746808177326, -41.96233727437772, -41.44490445640178, -336.35925930738483, -113.51259079325429, -120.3869526742373, -68.4062162931505, -43.47257785667885}
Generation 99: 837251.0 --- {115.77684852291233, -85.09157558526374, -5.836362735250642, 29.59265024950658, -35.96106897364453, -63.83380994925877, -6.856508232133591, -18.229212010972233, -3.297527135717303, -21.084071539002466, -405.39134614988563, -130.89210345309124, -138.514520810415, -95.92867574015962, -127.72556818310203}
AVG PERF OVER 50 TRIALS: 217433.5
Generation 100: 1117789.0 --- {142.25725387097464, -95.60899930036592, -28.05642666465948, 13.487663858888794, -35.904187267034146, -66.2588809552493, 0.7767215527762423, -41.22355802367533, -24.08007219560048, -60.89440846549745, -412.51239720442993, -111.6116082447725, -182.08893073313962, -122.68137881390177, -96.27178201619903}
Generation 101: 1979889.0 --- {141.45223417616353, -111.71030949033812, -14.420594194380536, -20.994028444440797, -19.415886408826456, -79.29274593619293, 3.758820791526113, -29.970730670364507, -5.467311090355125, -30.754304727143662, -404.7871985641888, -105.74249456479521, -176.2121952549307, -105.20222545433516, -106.09683809991415}
Generation 102: 1001525.0 --- {121.38453951662437, -120.35538888079823, -20.06011623231216, 3.6627789506640536, -23.644917243113277, -90.36358748514057, 1.436634530545446, -32.917566154892334, -18.838416423079227, -10.56463127169619, -415.238441498358, -100.03018366683455, -142.62411010490155, -88.414849136042, -125.30821569449921}
Generation 103: 910668.0 --- {120.24706031792005, -81.61500631670347, -14.252643164751614, -16.58600913099837, -23.50068409685915, -88.62004482080536, -8.53088899078032, -35.806143286258106, 13.977569210568838, -10.890201257250137, -418.36459999711764, -100.2005353265223, -135.9171481272449, -90.38143417270841, -117.41493728632439}
Generation 104: 912806.0 --- {131.78126308153136, -135.8618023829293, -26.016034371550695, -13.36644997920596, -18.434368063433393, -67.55368364968803, -7.195761453481461, -48.504973948938016, -16.92882224666017, -22.341073129965483, -435.1824378490814, -111.8904105349057, -161.41930109811926, -122.86270548862005, -116.87972969835741}
Generation 105: 1625215.0 --- {132.8944644700229, -104.91309498593866, 9.996537572455775, 8.004005947821677, -36.86362537267161, -66.69667273921856, -6.850809802620837, -48.937339174829916, -27.438748462624023, -22.205667728898504, -385.0542381502598, -110.37445121984199, -136.81820489981706, -84.20548087287416, -93.98286220080043}
Generation 106: 1928297.0 --- {119.0869472685735, -93.42093553853864, -17.778013534659372, -18.50564238201745, -5.8023788966704934, -91.76893152290394, -13.561438267579291, -56.3425969481126, -34.773535669366495, -46.09585406682771, -390.0702318409002, -103.70497793179638, -145.56920817465058, -65.69211779409363, -86.48105251807479}
Generation 107: 1122845.0 --- {104.30379393961562, -96.93643609049317, 27.665956581958184, -22.123148013832626, -31.88087891298518, -67.7678015852741, -35.52277430509564, -42.97871181819983, -45.14963197519566, -61.53266252152174, -355.81514720770787, -100.01924943060453, -145.97919103658535, -65.34770532247859, -70.69992721514122}
Generation 108: 1804495.0 --- {139.75173311244856, -122.50442878022679, -4.280092171661041, -10.47269977088209, -13.101885884722693, -48.69057613183456, 5.64293396875677, -9.67709596244677, 4.457535041003542, -24.843519605940564, -402.82972010740826, -123.25126518340856, -137.14455999717924, -88.46236999299013, -122.71710086156051}
Generation 109: 1199467.0 --- {145.09994204789803, -126.71104472288701, 14.776238696530593, -40.65913688890453, -9.442222930273815, -40.49459478024381, 19.934434873038686, -20.478580812760764, 15.797427672784789, 3.386992189847156, -383.32384471637965, -123.88759909565067, -170.07556919666388, -104.72659058201299, -138.04014525552913}
AVG PERF OVER 50 TRIALS: 231924.1
Generation 110: 1004759.0 --- {133.94997924354573, -80.80151992156058, -0.7346024221098038, -45.61309361089765, -11.600426669662111, -53.31478992463091, -19.088257775756244, -26.708102823398207, 0.21775029432794213, -6.960994581779868, -442.7572919091535, -135.23525488874083, -141.45139871243921, -84.59440515010682, -125.86624381190242}
Generation 111: 685162.0 --- {142.96330318863497, -95.2806090866446, 8.929548731919002, -38.69873617777797, -17.57405022743785, -43.231626294516566, -16.114914141177685, -60.55399277097989, -45.10055741790294, -27.460917130644376, -366.14997551733774, -117.90658543275237, -204.12207510332019, -97.40452618443409, -99.6547702005544}
Generation 112: 1277782.0 --- {118.63562972181327, -86.24489422179042, 1.6295021577183508, -31.594852286141016, -20.920007233369365, -60.80538951490387, -5.505606178572238, -60.18463085020065, -39.48581110113666, -69.98193087471329, -365.401119045659, -122.6018707530301, -140.7050950650297, -63.13700957822445, -93.94924789910642}
Generation 113: 1089227.0 --- {121.67957374565779, -83.90955265715486, -2.575675382060778, -26.424825534488903, -8.585743450613258, -92.13248913553824, -19.352947810905242, -74.55076718954061, -14.273490528453156, -38.561442831861385, -385.4941313540654, -122.37230179434069, -167.59857757530068, -78.84584162628408, -120.2978803351024}
Generation 114: 1573547.0 --- {153.17721443365664, -110.74692352393842, -1.215624575692373, -4.354202484407754, -21.688205131360302, -83.97181788161518, -15.719886986934055, -33.139273528460414, 7.9359328809465275, -10.173660317463419, -427.58235012903685, -113.35617881899601, -137.11566031869708, -94.5842698430776, -109.68713636983482}
Generation 115: 1693082.0 --- {110.98104094991987, -101.78767733067258, 9.56817758301626, -10.15824842486208, -37.13717435961973, -88.64730242062792, -27.0666996190147, -71.5245869348831, -42.746837356181956, -73.16513186553696, -360.9096216825996, -102.29990098336127, -189.23111338778745, -56.89505482161624, -75.31855443829063}
Generation 116: 989268.0 --- {132.682250792194, -70.30227216437373, 13.575643347878614, -10.292099462165599, 3.13666583592493, -53.17517110883122, -23.68459118529278, -52.66901273974787, -22.74376361050747, -33.64801918496371, -372.51093917163666, -138.40980558783426, -179.02392209022597, -78.8258893595746, -93.07679853858714}
Generation 117: 1068266.0 --- {130.54812065620806, -86.87932518991572, -2.860562867226637, -3.787145550107221, -9.850265101954037, -58.56816527304761, -9.067662393782408, -23.586352158853114, -21.32759770627235, -23.323317442697874, -383.56921065103626, -123.7230375862791, -170.24105596663668, -83.34312714510378, -105.84777407535813}
Generation 118: 1039633.0 --- {134.74311156324893, -94.0032598330578, 14.557394072839111, -28.796654928530256, -5.831049929599158, -49.20512061077979, -1.2053710415092844, -15.200155234725251, -16.032680630875753, -32.41835020179522, -360.90898501521633, -130.1589325663148, -181.2703031561837, -101.24262689793973, -95.01740260685148}
Generation 119: 773701.0 --- {153.19098931849334, -112.32001890378334, -1.1073863018858088, -25.402422981777512, -8.45436328025117, -67.52978047879881, -16.939183743627936, -34.13061551530376, -37.81091135778911, -26.45858647043436, -375.9038627269759, -112.79221289916282, -191.10237775267984, -78.09273409395364, -98.05107385259008}
AVG PERF OVER 50 TRIALS: 186933.9
Generation 120: 872593.0 --- {127.04387841909796, -70.51689315975887, -8.641485281614994, -3.4826120685606163, 12.538843562757329, -96.57508352170672, -7.386892546766548, -55.33198428352275, -32.8976890586006, -64.77759123639655, -392.13305249526445, -147.00705120947396, -198.8178274822622, -75.52639629464338, -107.37165667054693}
Generation 121: 698469.0 --- {121.41848412248001, -97.00519733715248, -8.888534523942248, 10.309393510365414, -15.164512294374344, -58.16081026414999, -30.809979867785508, -35.954836203508535, -23.65876370332692, -40.37247625619989, -387.4292843512106, -99.91387906950537, -162.48538618729347, -74.08454251995576, -106.21995361370274}
Generation 122: 950331.0 --- {135.6622104044966, -91.17094917603254, -26.077867571156247, -8.330234147139787, -10.351734306593357, -73.3025028566936, -23.414039939208166, -49.61834323240249, -51.03714174700465, -65.71464039182118, -369.93086546273025, -102.66105374837849, -219.3204388649399, -93.05572585820923, -82.7590831995953}
Generation 123: 1114358.0 --- {142.59841999486846, -103.30737865437231, -9.399874166129335, -19.28299152363377, -0.029729302497200294, -74.53094829721599, -30.495766675872655, -51.52583908216687, -46.447789004978475, -33.90983609516094, -389.6775874339257, -110.81491676903406, -160.33197802745775, -77.6738340099955, -104.99843631232999}
Generation 124: 800201.0 --- {150.25848227582915, -82.02752742167888, -6.890295394412293, -11.636123448850363, 7.580390431396021, -86.04268101862641, -20.958090755942745, -87.30466643989031, -57.57456755213509, -80.06765774034707, -389.68237711343005, -130.82881730998022, -211.4370197608408, -93.16414946255712, -100.36252650847634}
Generation 125: 1380727.0 --- {129.83493692444657, -90.3474558412632, 7.4944798691888135, -19.385942978014118, -11.045475266497208, -56.278606943434625, -27.680377104781325, -49.65307399306491, -36.62893963722019, -59.88159600847665, -369.9691898219669, -120.49768229436445, -212.0688578314023, -98.9721832345802, -84.4240299369496}
Generation 126: 1068245.0 --- {119.13106945298176, -108.62125812654266, 7.513799039860207, -33.042650948706765, -3.9285112048062842, -43.638385401942315, -18.288454392802056, -35.69537225207804, -27.135884343033712, -43.039674498013966, -369.8279034288107, -104.1026220274839, -149.21149274608936, -83.82246435887703, -75.50895769570347}
Generation 127: 913922.0 --- {135.3843302470469, -97.68905854438007, 1.4480080122288106, -30.236387210452527, 9.714925416602092, -79.9686267365497, -18.230326181042855, -29.488178570650078, -23.926377473813883, -45.98200285667779, -391.16404088993283, -113.22501950593411, -163.45563420551719, -104.98562192516187, -105.82340146753022}
Generation 128: 1190739.0 --- {171.47990820656156, -121.28377146052892, 34.68614087276656, -27.23528288066231, -16.992118658389934, -78.41504801631939, -32.114607406710185, -72.21269489168488, -47.38724382899467, -30.464963420474064, -416.4973319302136, -122.43084641164744, -208.92380402504472, -94.09642001317306, -109.34319450186025}
Generation 129: 1702714.0 --- {134.57723949314394, -93.8384318888125, -7.67660366559255, -22.15342267466707, 3.415832500138045, -95.91544490093634, -26.833316485980724, -59.23639402457853, -43.22826524553964, -54.929226068879984, -426.8444040977403, -112.68908539112485, -161.83694775788467, -79.21661168926, -112.38503851617244}
AVG PERF OVER 50 TRIALS: 186816.64
Generation 130: 1155527.0 --- {147.73912693021504, -111.34495788440145, -15.315725533453024, 0.8236139651464853, 1.6301566663699054, -102.90452383679296, -25.325900354896426, -78.92398343080733, -44.66948756723353, -57.179853727930976, -417.6759871125315, -126.14619659447634, -234.7324450346146, -70.0623545725135, -94.13895077512755}
Generation 131: 911738.0 --- {137.28980001184277, -120.29581194982379, -8.883101298618003, -16.204853019738753, -2.4996595693275347, -98.31482328517104, -25.85710106419203, -76.16644557907735, -17.666303474434354, -46.14498993239544, -399.24585187951567, -98.77417559106607, -208.58378976364673, -77.92304629333287, -108.39380867768166}
Generation 132: 1315848.0 --- {119.95304820744558, -87.0512181043897, 5.54897922987099, -40.45615121600217, 6.287136395789314, -90.54887482583459, -10.13689708603932, -48.01230552465965, -46.61403914116417, -63.839705536182024, -403.9903798086565, -103.91340004698853, -159.9509771236037, -71.19221874221307, -106.34334473092099}
Generation 133: 808153.0 --- {139.94692676005184, -113.52227159593845, 11.502739138162411, 4.038632897176637, -18.446029530532748, -91.97493350137728, -35.4709581702467, -63.251021981184365, -55.85031238032383, -81.5094396931689, -417.0373887283719, -131.88498742696578, -190.90821172195575, -73.87436770195528, -103.86533770611076}
Generation 134: 1884372.0 --- {127.6332706134044, -70.63883116778015, 2.150010318775058, -15.794459536248405, 7.851914455541037, -95.09935282443638, -24.55863657362991, -61.43400963273605, -37.334608385013304, -91.5353419994816, -426.92842997294656, -98.3694669681027, -137.71928815045231, -61.73948654683211, -87.726559138983}
Generation 135: 799630.0 --- {124.51845919370082, -73.52016526980937, 12.67070573183577, -6.305779230394109, -1.549451379847278, -78.63810264723526, -21.27023788017913, -59.467166200747855, -37.76710528293066, -68.6004406055915, -386.04580131056, -100.02995131910875, -146.9262016675442, -62.160594987981604, -98.59838553044429}
Generation 136: 1392878.0 --- {135.2731420382682, -103.32254012236216, -5.698720124227778, 4.918897537491917, -22.403529424114033, -93.13125259962926, -27.27840364471378, -48.248698279052405, -24.397374633347457, -63.799811756586564, -388.9195815970064, -83.7879099194492, -148.416239150472, -67.5035060289512, -96.67533989821592}
Generation 137: 819771.0 --- {144.12739817804342, -104.4351161654696, -33.615611437411815, 15.456085867634515, -28.10415753249567, -103.67610802679432, -53.94124499072221, -73.20461639748245, -30.96789974834463, -62.14209351183818, -430.58447338340653, -101.21821238068816, -166.7875364811693, -85.76536913378992, -86.89107121620083}
Generation 138: 1306246.0 --- {148.03035749239504, -116.64250076647099, -32.29750584135481, 22.512287366546573, -48.95975143298108, -76.67922379589368, -23.984828813395175, -58.85419704829288, -32.34938617321981, -59.31911521195057, -455.21267606391797, -89.66371946055537, -162.35943632123661, -97.89374909734723, -87.81089283631702}
Generation 139: 1237037.0 --- {144.1225265417897, -110.84504845296925, -39.96540002967093, 27.455430885176607, -44.41369774755944, -91.1637517304813, -25.930107048565603, -59.509198855241735, -36.49250417616862, -56.46126904683615, -462.27717312539403, -97.4607185232902, -170.37732300064724, -88.1961457924405, -122.06523406141093}
AVG PERF OVER 50 TRIALS: 360636.84
Generation 140: 1435259.0 --- {144.77319315959755, -113.84140432007312, -19.257153974203767, -8.962519630950174, -19.75035095507915, -95.34252030412081, -16.225668685670186, -46.32582444074472, -28.33336728600714, -75.34229810488371, -402.7998715099867, -102.8736954821844, -184.0101084808982, -84.44496361173735, -86.30206500724967}
Generation 141: 1125096.0 --- {153.84434559633698, -94.72524739548783, 3.71519314416226, -17.43418116440435, 1.6691951382662324, -93.77884470175218, -38.18684769536848, -57.02064095303557, -33.91814036856099, -69.15844012643453, -457.23973508076716, -91.77572108408198, -146.6967070401596, -95.81436254269279, -85.5781122616087}
Generation 142: 1314074.0 --- {173.22663599379453, -116.73380880837801, -4.210129903676334, 4.430117686510865, -8.958087238125508, -102.27273816603856, -37.05807423230871, -79.36397644414295, -35.971299008752446, -84.7838894978251, -423.3729256888857, -116.52400339451326, -178.93504443169414, -76.25551189685923, -86.53051561852693}
Generation 143: 1350834.0 --- {142.60167938717402, -99.73765638275422, 24.501987789818735, -13.135280215496488, -16.36160201279725, -90.51012819297408, -6.4648748672479535, -59.82988921831066, -35.4962825969805, -67.7420025647604, -419.1748435983873, -139.5712273443082, -171.66072487415343, -78.0523934931985, -82.85350759044607}
Generation 144: 998643.0 --- {143.0198530430243, -86.25339409792603, 1.707659667534448, 5.24392476999501, -6.939023064394457, -92.13119368594387, -28.230269053746007, -82.87960425387536, -13.581818421321305, -56.704416240198526, -443.16782065686414, -95.5856504098898, -169.74815815943055, -63.83059235929433, -104.00064712364218}
Generation 145: 1154068.0 --- {140.2468585897789, -87.39136247651521, 5.575316994969956, 4.26768861806522, -5.580412650008581, -78.27636861427095, -29.394624334984716, -63.14997109845707, -42.75848258791862, -66.85316225909057, -478.6520805660311, -97.36486973562232, -139.5491222358735, -57.17024905740192, -82.19517208761836}
Generation 146: 1829930.0 --- {138.54721702486538, -115.62213783681572, -5.424927341279197, 20.239617434022243, -37.00353680724068, -96.06526317833614, -42.639279977981474, -51.09259473039713, -60.87208858452594, -80.99755861906466, -475.32078051303137, -84.35855139512252, -145.6348727053617, -78.63768772271156, -94.07767934331336}
Generation 147: 832470.0 --- {138.65680999926622, -109.19021564992941, 25.85844426479367, -25.15056495170333, -13.673176039133217, -109.3287853785807, -31.11975304674755, -46.40144979695514, -78.0103530589372, -118.88969131619395, -481.88857940403307, -100.79791199159877, -164.04093371037249, -74.20989132638054, -92.15567653419946}
Generation 148: 1529531.0 --- {143.0257206760524, -100.52945450414552, -6.1082244144419295, 5.5288616181447345, -8.845604651173309, -96.26406234858841, -39.154808994309654, -43.81457903603545, -61.78124406241389, -69.83906068659033, -480.7582441635144, -101.51557733822138, -145.36149042810604, -66.68789509827728, -102.07707125850665}
Generation 149: 1280911.0 --- {169.15084256112866, -146.46867661389527, 17.687339312209204, 7.57311327819121, -13.52097387943308, -111.6662083655078, -48.73921636970836, -57.55415020582015, -68.24757624667393, -88.72509635629623, -518.5204206371288, -96.79788791815835, -137.41757711240163, -72.6407026445382, -108.76427460973399}
AVG PERF OVER 50 TRIALS: 222537.78
Generation 150: 1184561.0 --- {154.78677525344514, -137.78191453661844, 34.58487624305057, -16.77908790165057, -2.9621581139493554, -105.31771778670621, -30.17708123632827, -67.5143154715024, -63.1037534924461, -96.63563582185525, -469.4125480428595, -121.64737496071842, -148.65125900931776, -65.9181524187007, -73.68295634713677}
