TETRIS: height 20, width 10. Noise: (50.0, -0.1)
Generation 1: 29.0 --- {-3.1741740821852664, -3.802577266476675, 3.9036425682289657, 12.078505676283518, -13.502778836545952, -0.20768078727157097, -22.106943664895734, 7.727673528116409, -13.795673265422048, 13.914563213229563, -5.33546759791909, -10.525681465029686, -12.752825127515168, -10.013977195240125, -7.164855626012122}
Generation 2: 144.0 --- {1.3846746281451805, -12.496425030882412, 0.17399844111419904, -2.3526535827181467, -0.5748892102536249, -9.263332893014649, -24.41641872766279, 16.439694565184823, -24.254491120862223, -4.493605121215902, -23.990546260556872, -24.81266777357171, -19.602779462548874, -17.598976612107037, -15.73873372899665}
Generation 3: 245.0 --- {8.328370768086, -11.949552959579398, -18.01696017341353, -20.044900276420723, -7.6664743382195475, -11.397506654470803, -20.618041990161785, 4.0730958962232044, -38.81652559579016, 23.696304411749548, -22.49006044300101, -24.507966799952257, -30.814804371603785, -34.242461967459164, -11.983039203446713}
Generation 4: 323.0 --- {-0.6483502554448997, 12.525355884806903, -14.454686908962657, -0.23534895461759575, -3.255381616998104, -10.010897499550946, 6.030613652192393, 11.854273563857479, -28.215853204146903, -1.2813577928374889, -40.67187367117666, -24.22545004089144, -21.62174674715787, -31.953732268044885, -5.595256536746437}
Generation 5: 634.0 --- {-12.043780063703208, -10.736718867084322, 0.3156851412222448, -29.436846015986454, -4.260384441512138, -15.642135658562713, 3.430243351351262, -4.012602058786127, -9.677164514674537, -4.726751648264054, -34.251453884118796, -9.072452034471047, -32.90976167733669, -18.167129726105397, 4.812577546397216}
Generation 6: 3027.0 --- {0.4735801269203139, -15.987766968561512, -11.629013871087395, -12.991276231586058, -20.81815943634529, -20.741653222041315, 16.7603115321515, -15.284052244549889, -2.179386007549425, 5.944174462385821, -52.93933540196284, -4.606685654133917, -59.98358671268914, -59.00797778353066, 12.913463645028354}
Generation 7: 4351.0 --- {6.336835012303286, -17.683239382884476, -35.23307742353813, -21.799916961017704, -13.663688532219531, -20.933908682960112, 3.0655321692479824, -18.9289398818585, -7.3371435070446225, 9.889368864925236, -68.83405366774622, -27.37443688741694, -48.899099250604095, -57.09336657978504, -16.796215973926547}
Generation 8: 16014.0 --- {24.68196729997467, 3.1531718100529194, -31.71085543742923, -1.415393726037637, 0.4686476131317079, 7.449677098517238, -15.257497455204023, 16.012195191428653, -14.47408837857131, -7.173154882150296, -76.20953289489972, -27.990560503795432, -36.200544364020075, -39.32471624790881, -23.483331848250756}
Generation 9: 9474.0 --- {22.14529070370235, -21.5404302460874, 1.1184229529279186, -0.14958481357574804, -0.9550662732408295, 2.905849189823142, -11.426797537272734, 4.505353030950356, -15.315559092676263, -10.043739155360193, -77.34997290228937, -18.57531955103163, -39.42248488887776, -40.014180683300836, -2.29024001483188}
AVG PERF OVER 50 TRIALS: 11488.1
Generation 10: 24656.0 --- {21.438898400038106, 5.833252655128607, -28.090474068865937, 10.170687247453065, -6.426594246190332, -3.0171621268781728, -10.388069479401405, -1.2974111299670064, 7.493695106920125, -5.256801362071627, -118.3875590008387, -40.453970497830355, -48.16475148024189, -41.2061729805076, -23.732116281273655}
Generation 11: 29553.0 --- {16.859107221497712, -13.463021017607012, -17.20081747058442, -7.502055362120245, -21.304224647917504, -4.893789812215843, 1.6240298129590522, -12.565969935213012, -4.881063833404191, -22.9766058071635, -145.3716914029289, -31.970961593874286, -75.79115894704742, -50.2081718528969, -30.052844985297792}
Generation 12: 86857.0 --- {18.54376076315111, -42.856888210129796, -26.63353414988272, -32.210518864678484, -19.78291537504655, -14.56846378270156, -7.366828419138415, -9.489709110692138, -6.005601998966453, -36.42397961784352, -136.47002021127048, -21.70845216320042, -104.90718592921725, -74.88582099836712, -28.0479241096375}
Generation 13: 111546.0 --- {19.453940867990937, -33.35845999164389, -10.264393300022506, -25.890323104565844, -2.740730102619782, -39.18551194558981, -7.334612155474793, -28.03978216155543, -34.35720094982852, -43.928928024459935, -154.4930961297679, -34.67729786263411, -110.41601021009342, -44.072856555136035, -25.10572757412479}
Generation 14: 97064.0 --- {36.932924889674936, -37.592893170478305, 8.499062928462454, -20.667051762663867, 9.137530665622508, -9.64533131841253, -0.195387275813812, -15.200156283787317, -17.612545889613465, -13.140322826199002, -173.72190033355292, -12.325107451373768, -54.65023943459413, -43.120492274552426, -14.278417350902695}
Generation 15: 212489.0 --- {22.082546966566905, -35.22724661865496, 6.507867173419099, -23.26629290123999, -12.630708623178906, -27.469199530760463, -6.101638927638569, -22.399910724706437, -23.65595246184629, -34.21034984729788, -169.26719756038167, -58.9197664248136, -119.99619872114569, -60.715279648732256, -41.42517706956823}
Generation 16: 190025.0 --- {35.5168969449892, -40.80953867269893, -18.655429323893163, -29.856264999502095, -14.711855108598884, -11.604453704546945, 14.290509971833409, -13.19438408490402, -17.012350634261015, -29.178851005360098, -146.50864551938906, -29.06650818744802, -103.34345801414237, -69.75243837787458, -23.62862313491763}
Generation 17: 170739.0 --- {49.93754696783084, -29.71653512078296, -2.0388970979352568, 0.711630788336727, 0.03219044214059075, -4.228952958992583, 9.326124225361193, 2.354994425793766, 1.9083960536222584, -41.72243022324069, -139.89228409011878, -54.95434832925885, -58.605340545578876, -60.61239196206157, -15.239540989714143}
Generation 18: 530131.0 --- {45.79364586588074, -42.55363698053082, -7.192993970585217, -16.522914264684903, 6.405726273879848, -36.56881495898786, -8.262575245114764, -20.633590795346606, -21.85772971185974, -20.43137874348745, -165.7068441536762, -41.100855559449435, -65.88736113982208, -46.352525746824725, -23.831532344673086}
Generation 19: 252642.0 --- {45.01625738424671, -34.707541940690675, -8.178477189467475, -5.352235060109466, -10.930541766352043, -22.772713478365404, 11.88647333808758, -12.026200612706441, -15.44908666070082, -33.29773535214899, -175.3729701200199, -32.75882454784838, -121.91691684489209, -85.04518061122165, -50.95455178904773}
AVG PERF OVER 50 TRIALS: 102876.28
Generation 20: 468493.0 --- {47.16664054160722, -39.01894568175556, -5.897271983468587, -13.677354685732764, 5.540743564156598, -25.04732880300647, 2.8362672182609567, -33.03966874482506, -16.465624734845424, -34.46948932995485, -173.16062125043487, -39.47247217696584, -83.26396247891778, -40.57676595494276, -22.689181566492476}
Generation 21: 567281.0 --- {55.18991704662641, -28.24000804417459, 0.3817444453181267, -25.050783260287922, 2.251007414721502, -39.03275673149385, -11.420330130277089, -30.20654664139731, -19.48076291289564, -21.489529894829793, -164.65849881056621, -42.18204876360151, -83.29165499603496, -33.98617967543597, -31.225053107787808}
Generation 22: 606449.0 --- {70.42357385904471, -41.19626185765989, 13.812182831825865, -14.664990882004385, -8.792808803168244, -24.79133532241081, 1.9661267262716378, -26.320082922952587, -16.845884531329247, -12.742534912692633, -171.55290115202814, -69.57217108476328, -84.1705504186746, -40.46716152599329, -33.447752813902405}
Generation 23: 365348.0 --- {70.42357385904471, -41.19626185765989, 13.812182831825865, -14.664990882004385, -8.792808803168244, -24.79133532241081, 1.9661267262716378, -26.320082922952587, -16.845884531329247, -12.742534912692633, -171.55290115202814, -69.57217108476328, -84.1705504186746, -40.46716152599329, -33.447752813902405}
Generation 24: 449973.0 --- {66.45838806334754, -73.92172613450447, 7.663616071296249, -27.621439821228762, -2.2011342226737356, -35.072983289880824, -20.45047280797471, -18.33263846250272, -24.23114448740959, -39.88907768798474, -195.42412951535474, -37.14419768890619, -104.12747042574284, -52.979820943125546, -34.30832579058719}
Generation 25: 507702.0 --- {59.098960717667886, -59.00726724238781, 26.89963374480955, -28.42250961128375, -4.3423847068100585, -50.83044288004075, -3.9816751020314727, -43.38969623869335, -40.503629240874375, -7.529195253380564, -194.7296902850605, -58.30967969088221, -97.74490578055402, -40.32884414605573, -17.62461570466933}
Generation 26: 362565.0 --- {64.35209104441161, -45.59986971581586, 12.89519014879981, -18.190144030730995, 0.2507753229516174, -57.78576180627755, -18.372987064551157, -27.082390527883046, -20.947601368618887, -29.217676855134613, -184.3855169519782, -69.20193333578234, -85.98106350614816, -26.888597900804097, -22.871172743636492}
Generation 27: 393854.0 --- {68.01703027070023, -38.452689454131374, 2.947210878945733, -7.877533554840633, 1.8694174229365421, -37.506486805055, -14.603776568194927, -42.65752321237547, -39.02749694377551, -21.682246160659812, -173.32180129536854, -53.25599620883307, -77.89151931586134, -40.02326556699251, -27.32188888384279}
Generation 28: 720485.0 --- {69.59806923845218, -59.11371977783688, -1.7269082121692496, -11.270224781956298, -14.91816402353446, -42.11063511906205, -15.583441666944456, -27.108440431263045, -11.092684041543277, -15.924536913056766, -197.53520313724366, -45.38262582054022, -111.18132760312834, -62.764445439629526, -21.333127063417724}
Generation 29: 464165.0 --- {52.98976269818563, -50.21319711798416, 1.5141167814334318, -22.07822956335057, -10.745765948660196, -52.11959503471415, -3.0078491153673985, -12.719009087647361, -11.704889608027191, -12.363103463133381, -180.8369186473737, -57.02209360269572, -77.52242517234473, -47.08885210829506, -42.229731892997506}
AVG PERF OVER 50 TRIALS: 174548.44
Generation 30: 765037.0 --- {68.09322203598799, -38.92832593865688, 5.6154585777084876, -17.20121360731815, 1.382517209932663, -26.781237635918295, 13.438361364256085, -0.7785096844644954, -12.44626214478838, -13.35361707056015, -197.54588677781422, -54.28297877548419, -84.73777861480471, -68.43948795588953, -51.784208064422984}
Generation 31: 474277.0 --- {97.68848288815249, -82.36532192568751, -2.1762943120397145, -49.58343341825321, 12.794115189103277, -26.687656450777098, 0.23342420909567263, 0.30753643344102954, -24.935271413262306, -12.679381595072202, -228.59320316869943, -57.15027815544353, -103.9741347760061, -84.32566336558867, -55.80407948982206}
Generation 32: 541585.0 --- {68.3548665302894, -58.37335427494938, -5.627640328653525, -22.241948343115467, -14.193355024405898, -36.387171763823744, -11.101752459253412, -5.420673654648178, -9.432641225885957, -10.066669305189022, -185.9821197797554, -39.63776381557111, -90.0852039246079, -51.10282826225336, -51.82981443889467}
Generation 33: 428146.0 --- {49.538634614383355, -43.48985865965848, -1.2756119741135123, -15.850495806454745, -1.7915820029577083, -46.83704315210872, 16.72487789264322, -14.671950513774302, -17.576579241467588, -19.642315081232777, -207.03866195945028, -52.43166344205152, -103.87118241336923, -56.823298443351604, -59.87977348343737}
Generation 34: 853955.0 --- {79.68049228167199, -66.65706806357714, 4.084274635226704, -13.947121330820375, -21.901809233282016, -43.61690307544229, -25.736238380844412, -32.099292934891, -19.039263367031552, -41.14422312773117, -204.86956681214636, -59.005645063989554, -117.8571484507237, -67.91946509079858, -27.01136604778918}
Generation 35: 648697.0 --- {64.00284356053214, -47.788026185434276, 5.852767018205513, -32.230622623111216, -3.7226414441664932, -26.913989222880176, 19.001708983058002, -24.62441748299232, -10.316619312741755, 2.2295602079184746, -197.15242091538795, -65.3094079896907, -114.49635021886287, -77.53874072880609, -54.58087115801196}
Generation 36: 516183.0 --- {72.78578458852283, -73.63075137849594, -9.591343537549365, -22.265934339621637, -11.758495145065812, -34.82010125946605, -0.8322101955896102, -26.383543794740547, -13.876314269021215, -31.047153499227154, -216.0869517627826, -43.92674270334132, -106.48516366909588, -67.1817142331113, -36.87902078495591}
Generation 37: 496525.0 --- {86.64669097302298, -79.1311579610106, 16.151833386238255, -11.207084477275417, -17.569248943029827, -39.9863626396564, -14.356851073678408, -28.722251785192917, -22.900754244917103, -39.95896307080845, -241.46081997476114, -63.683422944847926, -135.99614749434912, -90.26367510983825, -32.48723173947442}
Generation 38: 960956.0 --- {77.93005537453428, -67.42168563484152, -15.617239103120824, -17.56066075612507, -21.858760745613655, -47.171249502983564, -15.454864451253997, -39.42917753263259, -20.699952789442985, -32.34881288253796, -220.39294453966681, -78.80948099043566, -131.17790132659596, -51.40984662371015, -38.55343364163288}
Generation 39: 571999.0 --- {82.79370560011064, -72.5753294178171, -8.64053440311599, -18.66448363947128, -16.687030993740507, -38.046520884688995, -9.138868891226123, -14.851149507870543, -35.26212200971722, -15.825901165551192, -222.05348416981587, -60.789438510748695, -144.917365882317, -81.29925773167423, -57.36326614137087}
AVG PERF OVER 50 TRIALS: 176121.56
Generation 40: 599528.0 --- {74.16581798530596, -76.91641973426265, -2.18888964008664, -20.117368706356046, -25.534798173354837, -45.86237741316438, -10.66913728584512, -10.700983981434309, -2.1912961988537063, 4.194995353212178, -251.0551673551557, -51.25275088749488, -101.00594470348534, -73.81013101883681, -61.66482569131541}
Generation 41: 781338.0 --- {108.79379341861744, -97.51745717581282, -2.1171614946921027, -30.491867753783524, -4.811335009881044, -30.098237646588252, 8.317052824417498, -6.699629648480817, -10.460363369852365, -19.37034477498068, -256.54999854647116, -62.98744980952582, -112.55705383710479, -84.89995613828667, -43.312361992803034}
Generation 42: 572965.0 --- {105.34632068716813, -80.39004140950401, 12.444468238706511, -9.944730167198829, 1.905198083717826, -11.11330731565105, 15.695795100781577, 2.986358471112389, -13.985056768707368, 7.3280943129113005, -270.19321061322654, -31.48542396426386, -104.64658558721266, -112.53463399562852, -55.371172816419666}
Generation 43: 487591.0 --- {72.77204965019902, -68.71500125873258, -20.78428617354529, 0.7396373020626665, -2.9483440017473956, -43.70681032981927, -11.80444129158546, -39.879315482887726, -28.03080535783443, -43.02783813849511, -216.30745896913822, -57.039450122804745, -118.8190825639671, -54.97046502240694, -41.397416357799926}
Generation 44: 309931.0 --- {77.59065239545636, -65.12729504655488, -18.04355554478596, -26.02193677864272, -18.045991503722355, -52.19909259868689, 9.10855684842874, -19.793697159402985, 3.6982757441515552, -26.35162434813173, -234.48232749269758, -84.43013227580745, -131.20460256877556, -90.60811913827456, -33.29589566550625}
Generation 45: 824941.0 --- {98.9128128536097, -97.03006352983125, 10.817686145132683, -13.797838462395422, -18.77983195823471, -18.207229595931114, 21.30430602773383, -5.53109644950197, -12.96595096729569, 10.038426943441213, -258.28702144068086, -72.76115909906572, -160.19038069939904, -121.63958081704959, -62.04100997328854}
Generation 46: 615844.0 --- {55.271014770765206, -67.24474139117847, -17.027882486827032, -12.824084063537633, -15.285686236530294, -39.83171691055324, 4.457917732782894, -16.96382290634751, -20.489794909514423, -11.902219827182718, -240.4962258426165, -63.369804591397696, -135.8050114076243, -84.96099088019965, -52.48546814599183}
Generation 47: 621108.0 --- {77.59710323446294, -52.95437378486383, -2.708669663046706, -15.070672489026123, -0.8323812434524118, -38.647459845285944, 0.5765611294046757, -45.92741539282663, -19.96139805798311, -19.470134116655114, -263.38833680681296, -54.52516279422643, -123.82792814715629, -77.91225707967888, -54.5394669080154}
Generation 48: 453587.0 --- {73.14470879734382, -55.19195066436971, -19.48292694817161, -19.169429069025185, -28.073149274119753, -63.910520716413664, -7.59819479039532, -36.49681185554675, -24.077177809997178, -28.496393474597276, -243.86676137022002, -87.85544577439815, -139.20535232058157, -71.813247250277, -48.53297324514058}
Generation 49: 524572.0 --- {79.86815126609342, -80.59806069672258, 6.579365731850844, -12.586576731732102, -11.047413887676932, -53.50894006417996, 14.377574517441012, -27.918386076307147, -12.840115350718683, -13.442102678640829, -255.00498538495938, -66.70364515187056, -123.64664671675214, -79.73918004165763, -74.58979242585234}
AVG PERF OVER 50 TRIALS: 168205.3
Generation 50: 670137.0 --- {84.74461444203912, -85.33882595074579, 10.131391148083091, -14.109690315962904, -23.796249059335743, -53.98297078982778, -0.7748184036975667, -14.670711879124347, -4.266854111940631, -29.635506405525746, -251.5842718174512, -87.01301924952361, -122.86605331360921, -56.06645937512271, -85.10751238987807}
Generation 51: 661202.0 --- {95.77223351899364, -85.62296486664022, 0.9972617995243862, -33.78431517157746, -4.853897100845382, -26.611230126517, 5.35636398467849, -13.945798206264296, -7.324126208953556, -17.2491415199067, -252.32055731655961, -69.764080287426, -111.05243363870427, -82.08320652652715, -81.43266987779148}
Generation 52: 535577.0 --- {77.26746923198282, -54.549067650253455, -13.093451353410142, -13.831912176261014, -14.792687679445153, -49.720037392603786, -1.7549191610490817, -35.28438732851832, -16.900350505863393, -39.386438272197026, -254.52832417478774, -45.99778169352642, -158.6804814657751, -68.18415386489589, -68.0378047357256}
Generation 53: 638002.0 --- {85.9434889284107, -60.346034685760216, -0.5756423405793107, -35.81961813222097, -4.707990749209885, -20.611074282152455, 10.759379896446267, -25.057647226480466, -1.9075662303744245, -22.64272011585948, -261.0733744581171, -59.24288480582063, -130.4247332828817, -63.8599251977473, -83.47454157581396}
Generation 54: 576367.0 --- {86.92586909882877, -72.12112739212363, -7.669082967146725, -27.96637239828509, -1.1966264458117468, -25.27412037723367, 2.2049641934669837, -23.99832847551015, -32.02207430499584, -40.54702889444175, -257.2493164303038, -83.5176355617805, -115.27888296642836, -62.897136907972595, -69.31779517898396}
Generation 55: 781836.0 --- {97.38893661644317, -81.47794942508934, -3.7201727040772523, -14.73998997183189, -4.551558186160721, -44.74040361105892, 4.864813457363905, -18.70165979798766, -19.744713810816094, -23.309548481241258, -252.74244326993934, -60.24894447173723, -150.27906556724676, -77.22979347473489, -64.60805858953343}
Generation 56: 580069.0 --- {104.21595772768086, -77.56891784043826, 5.283267837192376, -19.73961433835218, 9.669721891095719, -44.36294115079136, 14.66523812209702, -31.39687792613526, -22.77490817607245, 0.7661636873267916, -233.48142631415607, -89.86162996277857, -141.77577223124845, -77.50056624893043, -65.64390835177991}
Generation 57: 686857.0 --- {83.06970245179525, -66.50581074760679, -1.684987514659836, -25.52774071013006, -1.955647603035354, -41.121804324369, 21.006524503239937, -14.811859181967385, -16.03833912060375, -26.92699773682365, -238.59057289763712, -92.63786212370522, -136.3738218890319, -81.82339898928892, -63.569282313249346}
Generation 58: 693532.0 --- {99.01390996161007, -73.49980972747244, -28.620473766995886, 10.14616848831239, -25.171112409889286, -51.93690058996131, -9.131270829655111, -45.73843665858125, -12.886530705245878, -39.18608941336859, -270.9161927703296, -94.69987453382853, -143.01789171070916, -66.37322687839193, -62.39175694398759}
Generation 59: 629337.0 --- {80.62985776963086, -78.78879398668501, -7.681789117135198, -18.506355970587947, -12.183989283411723, -51.20436026983812, 5.753625637356144, -11.770130553198094, -19.307390004647257, -31.819661783056603, -260.3807891138398, -59.95307453595385, -132.21163700931223, -66.01641519424533, -89.30266503732167}
AVG PERF OVER 50 TRIALS: 185032.4
Generation 60: 739433.0 --- {82.46989362077255, -48.693431503849666, -23.093409221612525, 4.809751962730148, -23.27713039608136, -49.66144117158621, -7.084725207394617, -26.506918845430175, -16.06213829098884, -36.16508888149018, -256.11264785256236, -60.408424595974374, -126.4511759869303, -61.83855884815135, -67.117835815597}
Generation 61: 500041.0 --- {67.40768543290282, -72.3672798490355, 15.176089824333966, -43.37287578116811, 0.2777312760419992, -48.26392519392535, 16.984197302715106, -7.729302572580355, -21.25698119954965, -22.595614641857917, -246.64455681482298, -55.81851012405366, -136.05419431822463, -71.19744704460001, -67.16141032249155}
Generation 62: 639972.0 --- {88.31753572496535, -66.78970605976316, 10.769973250461486, -17.216449339412513, -11.935985563119418, -25.8530420501362, 15.004722055130655, -7.486623177783418, -14.967730852129224, -13.64456603008382, -244.19013607919072, -75.13923433293604, -144.78975081437835, -74.02849773089945, -73.01260327970834}
Generation 63: 463358.0 --- {88.96850684193677, -77.88790929286121, -19.909614659190563, 6.510534999294348, -27.809820306295272, -20.58159402327285, 7.834972946724737, -26.90949889023738, -10.384981772582984, -85.99169689047847, -232.09661844755465, -57.154772226505685, -139.28584204162357, -84.67918530133754, -52.18718641975681}
Generation 64: 562435.0 --- {84.25271360367111, -79.61086304039767, 14.41312526029537, -30.79891010339441, -3.0283046784799392, -46.4349452957018, -15.34664856897468, -20.12761083429886, -5.347648576429522, -45.1082595495562, -272.65275922469414, -72.30915305903757, -115.88261202002757, -68.00761282323408, -48.481934861115306}
Generation 65: 434220.0 --- {113.57290418831403, -73.92474129489408, -20.129717816796955, 1.2503969383875422, -6.185274193890875, -48.46283384671516, 3.035495458227549, -22.64497037155157, -15.407391907590366, -56.573885221860266, -265.90837905113347, -66.50491086044056, -151.15224780193634, -82.60034010865994, -78.53836247801445}
Generation 66: 381900.0 --- {103.50671685056774, -68.25240426434344, -0.9572502209834801, -18.935891218402265, 4.092186905557723, -26.657216671692932, -24.60932549032562, -31.41740574468784, -27.04040420985802, -34.47363047665041, -266.79319383336997, -61.68991402960649, -153.57725023664193, -83.11125751979853, -69.73186037532959}
Generation 67: 568488.0 --- {102.81286995180592, -56.75938266297261, -4.201942186352049, -38.530626931821416, 11.933591386725169, -40.46936408327798, -4.068667220557616, -24.822333839309756, -47.55832394856796, -17.509683149691426, -304.6335619413189, -77.23873949207908, -125.39354488186578, -75.77806748333285, -70.81128091060759}
Generation 68: 573000.0 --- {99.76234801228657, -75.87508165012859, -21.44184744233052, -3.717317786078251, 1.0753154074917433, -54.15374088107942, -35.161310793772394, -31.78088084283781, -29.250062256644764, -61.90572349140062, -302.36211812244943, -62.503123408408165, -137.8836138770766, -69.90844717911857, -75.23487340943242}
Generation 69: 596771.0 --- {86.40913985272098, -81.80926626967855, -7.080603986855498, -31.77016729341951, 8.957766974299325, -42.83357856755506, 6.045429314001899, -27.1772028348008, -23.932317278770462, -59.82156739932352, -276.0613593111103, -83.42284724833331, -139.32614474175827, -88.2311888432032, -65.38358470012861}
AVG PERF OVER 50 TRIALS: 189647.98
Generation 70: 503334.0 --- {98.07458629509225, -51.98129277152863, -10.627800381301798, -21.51505171653273, 2.522746567778924, -22.636820882851048, -13.7817804200285, -42.17122163512598, -42.24723950330731, -52.70547085487514, -295.72322913284347, -80.65222934044196, -142.3206850639371, -85.39207639658805, -53.279202784797555}
Generation 71: 491947.0 --- {98.61419242405704, -76.41464032913044, 15.678457160895633, -23.938180267045542, -13.894980578051687, -26.572883709458342, 0.4355246248971678, -36.54002118085704, -18.0725030472792, -42.29039538749794, -262.96800959463144, -78.24146915811593, -131.63798936133423, -85.5745110902705, -77.62526471057896}
Generation 72: 1221581.0 --- {98.07458629509225, -51.98129277152863, -10.627800381301798, -21.51505171653273, 2.522746567778924, -22.636820882851048, -13.7817804200285, -42.17122163512598, -42.24723950330731, -52.70547085487514, -295.72322913284347, -80.65222934044196, -142.3206850639371, -85.39207639658805, -53.279202784797555}
Generation 73: 508462.0 --- {101.35641664825006, -86.3383391801289, -5.561723566157653, -10.721336615007065, -1.3654170262193936, -46.968492147285616, 22.314547504862304, -0.19580928124270258, -5.883383676144646, -26.762914657567478, -248.7209833823168, -84.39419123022326, -145.3772072794329, -79.87363371825617, -103.83304528939317}
Generation 74: 1004861.0 --- {99.84118486752702, -69.5597458509881, 8.845635705539918, -16.85841219877164, -10.117655599768703, -46.4890737711565, 5.901985961947846, -29.381531927921856, -21.099027212375212, -32.695510897974465, -304.7944055875949, -76.78488434770905, -97.76606584506908, -61.24486257317483, -69.88358047466146}
Generation 75: 473174.0 --- {99.84118486752702, -69.5597458509881, 8.845635705539918, -16.85841219877164, -10.117655599768703, -46.4890737711565, 5.901985961947846, -29.381531927921856, -21.099027212375212, -32.695510897974465, -304.7944055875949, -76.78488434770905, -97.76606584506908, -61.24486257317483, -69.88358047466146}
Generation 76: 970855.0 --- {83.30403539665116, -61.66163098506117, 0.6943098130660392, -10.703696363234855, -6.301218060920342, -15.382491780539446, 0.9048757058868007, -33.54115344489942, -39.00037221376394, -66.10732990737688, -285.1855312049038, -74.65066665386676, -114.00170287937517, -78.79050878287315, -67.70258228300682}
Generation 77: 723092.0 --- {89.42406453132159, -52.85215510946972, 10.85572444405972, -34.474087030003524, -23.947681474817863, -34.511902392303206, 1.7023872123730737, -18.855522259465772, -16.92760978756189, -16.482687203671848, -262.33088810183995, -87.79261404285019, -123.62286521166226, -76.82159303357243, -64.51164925963532}
Generation 78: 908793.0 --- {114.55450410431203, -84.52333308773018, 0.37059826429976234, -17.680429771388756, -6.440364874411221, -45.915578762643875, -28.437825430639126, -32.38402271946333, -20.962016048594247, -42.697391009720306, -302.4138955213699, -80.42467714214179, -143.48980670429174, -71.16985862853068, -67.65339001006555}
Generation 79: 518131.0 --- {91.40405927011142, -68.30594496129464, -2.376344827814307, -1.0863834233303233, -11.092573757571113, -50.108181576568256, -1.3903617958187686, -26.794351648866716, -10.993398403159013, -60.38023205951623, -296.5398991875682, -74.9035948930194, -149.79000091070327, -76.11194958737468, -101.06208621518856}
AVG PERF OVER 50 TRIALS: 113247.06
Generation 80: 800394.0 --- {91.84653834261657, -71.33817475005648, -25.820614543236417, -21.371898366917748, 3.914035936265976, -49.7134878474453, -9.018581366245504, -40.13837415285747, -20.73510206502816, -25.584719443965398, -274.87222177446273, -102.91723100864998, -168.79251670770435, -83.0732534247791, -86.57104085666086}
Generation 81: 588362.0 --- {91.89623512866851, -57.49672673683595, 13.101303564322528, -15.394897438385938, -10.091056817683596, -22.266471701601354, -1.8023043917617318, -29.266931962777967, -12.000521512571762, -38.19948550455748, -264.5844389022696, -77.48929486959489, -133.0793237439034, -81.19609034330239, -104.88143906453385}
Generation 82: 1041778.0 --- {91.25925107964606, -71.53599349027799, -12.57803215337551, -21.017938431657658, 2.9306326061689507, -30.02952531369216, 7.564530667265458, -35.426860484306, -28.165547343617607, -35.950541349119646, -272.168609487963, -84.51678040850616, -146.73231607991988, -77.89898958283268, -76.77501441149542}
Generation 83: 1071564.0 --- {92.52311193509256, -72.18462479609575, -11.055288733634303, -17.891874698692973, -9.395410414623289, -63.37897451578732, -23.071920732479946, -47.787212443045114, -30.25215712018771, -49.32018252980436, -348.8681403862795, -58.59785302001854, -109.5078970138481, -56.324325858828466, -74.5731830474723}
Generation 84: 746989.0 --- {77.47819508734872, -68.50979628943757, -11.280181200594782, -23.11067944224398, 7.551987154702195, -56.097602669107935, -26.5733286089303, -38.3849613672294, -43.95229820053444, -26.285684641241534, -264.3554805987932, -64.98810689689239, -111.44387321235133, -51.121839261190665, -73.8938693221355}
Generation 85: 883145.0 --- {106.31054337202798, -85.67172452777108, 5.508158951029456, -8.137117137417265, 5.3800523218696625, -56.581864350355794, -12.140063672400604, -16.999778688567407, -15.04034731666949, -30.423286232095904, -350.59974875449126, -86.51203005842389, -107.7531271721393, -61.849245776457444, -94.53146566277262}
Generation 86: 706828.0 --- {106.31054337202798, -85.67172452777108, 5.508158951029456, -8.137117137417265, 5.3800523218696625, -56.581864350355794, -12.140063672400604, -16.999778688567407, -15.04034731666949, -30.423286232095904, -350.59974875449126, -86.51203005842389, -107.7531271721393, -61.849245776457444, -94.53146566277262}
Generation 87: 1019887.0 --- {77.0629462290786, -53.6969808430385, 6.246521868869377, -21.226722857985102, -6.720020764791877, -55.98395093171864, -7.812792372023425, -47.7558678809739, -28.5652830108164, -45.12746024453495, -318.2651126381898, -66.64822924996034, -112.64298118922513, -54.02711411262101, -61.50835450147474}
Generation 88: 890421.0 --- {87.37310380067235, -79.4736509657277, 6.825839254271223, -13.32012000138937, -13.657244968581033, -53.41597287454399, -30.46535573810916, -26.784611230649418, -16.87949001105941, -29.819552438230225, -349.5554379276564, -62.95241263120452, -124.60676536674902, -62.62662665131386, -103.95926313497557}
Generation 89: 1535185.0 --- {92.77102449444199, -72.27838857654241, -2.210591087687773, -13.672585711479641, -0.5024578447467816, -60.587746684693535, -16.47077324091873, -57.980529877166745, -12.795110667723918, -60.628963399145256, -327.46187000734466, -77.82570527633526, -115.24703336297175, -65.2414300166949, -72.36423953672632}
AVG PERF OVER 50 TRIALS: 266489.34
Generation 90: 911029.0 --- {89.50988428032873, -71.32721021061492, -19.670062499945058, -6.036952872432639, -10.933617196329099, -47.03971301626454, -7.707626171017464, -39.62549700454922, -6.769204009805625, -30.051264321464853, -300.74225747723517, -89.87827868806245, -113.44839235958534, -71.41294470207075, -79.71616114205847}
Generation 91: 769231.0 --- {88.26787678383691, -76.25181761415946, -11.272165921921253, -27.719792352692583, -21.724547968735, -40.13751528616399, -26.894309142584646, -58.72024436622409, -5.05530009535719, -34.68157034619695, -304.56075584866323, -98.57552056163841, -109.43402654794107, -49.171731514824074, -70.28946515098328}
Generation 92: 829355.0 --- {114.45629072618841, -74.35463525530174, -9.250886619653224, -10.744909438303155, -16.86634677407878, -62.21838192299034, -29.23572231911595, -50.971248277385364, -7.223939192099841, -62.78960155393018, -376.16656702763197, -92.16378077426046, -117.97900069923553, -59.24488927005116, -86.07585624130161}
Generation 93: 689322.0 --- {85.31981614362596, -52.47537434436441, 5.298427745331893, -3.1629657940338873, -20.66009352388853, -65.77091661762326, 2.0411581928087816, -42.229993193850284, -19.63343898383335, -36.06654257243514, -363.89183009505194, -90.76385069435462, -93.91135014605032, -55.48919463892028, -76.67561095936581}
Generation 94: 1490466.0 --- {84.33586619755054, -61.92091617226188, -18.6824826596939, 4.22545497590421, -9.8721934313551, -56.91364840015953, -1.6858481419298865, -45.76358764910015, -14.875288844172982, -30.477153763236956, -324.026526652869, -81.3174075620373, -92.05364707185562, -46.0240772829588, -90.73683040944782}
Generation 95: 1176685.0 --- {121.22449127556331, -74.75026914773593, 17.507138411110486, -44.60208177778294, -7.921537946959052, -61.07524192862654, 8.382964900942284, -75.00353003712809, -7.102570098602788, -38.93271136161651, -380.53840927914666, -87.55588180745563, -136.67479125153855, -93.19760084113713, -72.15745746205636}
Generation 96: 798640.0 --- {103.16926414168853, -72.48054227079946, 15.262518567707117, -9.891103966795065, -15.116397375264953, -68.32624696224572, 2.4765932590845843, -34.51987865850372, -8.800813752106396, -38.780016824298784, -397.2714296974017, -97.22072633625368, -138.89862275776287, -93.98523545121618, -83.6052106405398}
Generation 97: 1145532.0 --- {142.79349328541676, -95.21310262749762, -15.725692829654793, -3.445970595916048, -16.749310559629343, -71.72907775875683, -29.275001482460322, -25.63947423842992, -8.841753780199085, -41.46072511608952, -412.37056917128956, -73.76312752442513, -100.06751889063855, -72.33025714414296, -80.02471694072312}
Generation 98: 974489.0 --- {113.82540419933078, -93.58658562244533, 7.093432674996146, -9.856592713467553, -2.7507805153029796, -61.754849391047564, -17.961244218155727, -21.494990732677113, -17.100451695485155, -24.86258676764421, -334.35610896109824, -86.43030810439988, -118.39502760575179, -55.81836067240927, -99.38440615810008}
Generation 99: 1117179.0 --- {100.18584731468442, -65.72657125771339, 11.572260547971041, -16.87783625670597, 5.585290100041705, -59.08996276220322, 2.8640236530516194, -56.04786210022485, -36.672637685477014, -51.40595148880634, -376.0842991857918, -92.13372914289896, -117.43788309894184, -60.96547862469247, -83.38108042991354}
AVG PERF OVER 50 TRIALS: 480763.66
Generation 100: 1208222.0 --- {103.3789231178511, -80.8677419375919, 3.318630577534495, -30.126127195414895, -14.922147682244077, -67.32914188342434, -21.003922714201813, -65.84672985587568, -54.57203206304598, -57.89896306325739, -360.80984386496226, -83.62322648717992, -115.12675348033224, -64.3208253612621, -65.09447607171789}
Generation 101: 1011687.0 --- {94.19194125365703, -75.29198000201089, 11.036889847533164, -13.530791737732445, -1.1599069304307381, -57.945349055170404, -11.081528400963432, -47.63686839358172, -8.807343200740878, -34.46946929545123, -350.52862086734314, -76.21870509030194, -109.14512753512606, -54.970338500825704, -78.12324257929875}
Generation 102: 1064475.0 --- {97.85117902156907, -82.82006184030853, -8.85961232571924, -2.0600790421228723, -18.30645839870951, -84.2964397071216, -21.625810403261934, -42.77041710187638, -7.406941417410934, -57.12595171176403, -392.3323928972259, -80.61266728199342, -97.6287278228595, -68.96927488672402, -66.19969756955491}
Generation 103: 1711477.0 --- {96.45657027982082, -87.45400539458383, -1.8779684839799575, -22.07367393466145, -22.216518309519447, -75.07077778752561, -40.62545016372612, -54.80187878603825, -48.85113862264727, -72.01363050328328, -370.48559444307335, -67.14757635791855, -118.2885625622454, -53.79173365437843, -68.93568563009836}
Generation 104: 916507.0 --- {134.59330927947715, -87.78151324940029, -6.517899247862429, -3.3622021991585544, -1.2060159492345157, -42.248855170791856, -7.773371301968522, -61.00135989060939, -29.660134833437468, -58.89974517697797, -386.919304263155, -96.9032789422619, -141.06085180087285, -97.6461103544706, -72.77929598472049}
Generation 105: 1789975.0 --- {105.91267981321019, -61.65657384057144, 23.430487758933346, -34.892963195268294, 3.3920554050734673, -69.49723046870064, -18.639955875231035, -63.13844730528541, -30.953397708967675, -72.8948805210204, -403.81701262816574, -80.22002307532543, -113.0019215511316, -61.0284175440882, -72.49961708311241}
Generation 106: 769912.0 --- {101.94665814140821, -71.8195336049846, 1.578751176721651, -34.82922417746437, -13.31844389922817, -58.5160211568743, -0.61044054916497, -67.55420600766249, -23.562297444631565, -36.13205139461259, -414.5517159124656, -108.49920664933931, -115.84771570369338, -85.102011951542, -62.91505968809052}
Generation 107: 1111126.0 --- {122.62097523380332, -103.8577708119139, 23.609131572522266, 5.010295142518281, -2.0172160085384903, -85.692958331922, -31.9275676422459, -80.9472735832649, -36.78770748504719, -87.13344147202568, -410.98934039933505, -85.45171511593031, -133.8734523602715, -55.77917354103645, -67.5070600805225}
Generation 108: 1870939.0 --- {99.17557041889651, -77.71050505889238, 26.798047686105587, -23.904375810202147, -10.244612586815377, -73.12668770281256, -25.661617106400463, -71.90534077198049, -49.99753082438487, -58.10379476045659, -366.38030485062257, -96.96145687777918, -132.82762254312175, -51.9712968079001, -72.01846856537396}
Generation 109: 910117.0 --- {92.03360826014112, -87.00266094139725, -11.874980689173523, -42.493575563781846, 7.788561429457893, -82.32480473414466, -11.105879235828532, -46.710401288639964, -50.83861443459666, -52.72753008501103, -416.7380696562357, -74.16878106635068, -117.81310265923481, -86.35515703639845, -55.37413682603252}
AVG PERF OVER 50 TRIALS: 277113.58
Generation 110: 1249833.0 --- {118.47897064849633, -101.79952249682329, 18.53187069806972, -21.647618792566988, 4.461641293744785, -97.25762907672429, -16.946789247868015, -72.68712245906393, -47.2870507001195, -90.82130979109448, -420.4092975526386, -86.50373883123558, -120.9422175620269, -69.65906787546209, -57.027413911583835}
Generation 111: 922108.0 --- {120.56750907112152, -96.20586165812135, 6.363995607759096, -38.932131498814925, -16.956201830811743, -74.04988028548647, -15.78660242457622, -66.75984636915972, -24.171435335099076, -84.44777500937849, -424.63886539370924, -91.44824786626107, -109.88619103634286, -81.44787597424131, -71.3634694763349}
Generation 112: 768985.0 --- {106.72201240898778, -83.20114957026279, 8.865059280782312, -24.447074650900117, 13.868701282964112, -61.5778035616088, -11.296493603499272, -58.943191175632265, -43.33262673799764, -55.33241198190555, -405.31117402978947, -82.04260360038717, -125.49805592471805, -87.2758088229858, -73.6785524939543}
Generation 113: 970735.0 --- {119.91303920224001, -100.51378623389148, 5.779609896201569, -17.642646668277834, -15.953431862417617, -83.2014662063443, -10.727352647076748, -48.32378539466047, -46.97907364688206, -64.28994635954061, -366.08302425008407, -100.8664086245875, -127.35281906415709, -66.34692361227569, -69.65480391826169}
Generation 114: 1889527.0 --- {83.47708630758126, -91.05377221111472, 2.9191579564032804, -28.360007571225008, -13.099190030998582, -81.16725848384878, -29.825978639299453, -97.51700205436575, -51.02860472705976, -73.09661738173551, -387.9148251660818, -72.05483103997962, -103.23592581637813, -52.548819773927775, -52.86898784501885}
Generation 115: 995452.0 --- {103.81878445178178, -60.20869856473898, 3.080185552522267, -32.38197239118582, 2.5510323847493694, -86.38098931391042, -28.650761585099392, -76.89377878545015, -36.275528594105054, -46.321109913172386, -400.57447861432314, -84.2068660662224, -144.6594226832627, -77.90080204003795, -54.52404145071511}
Generation 116: 744290.0 --- {103.94628176577541, -78.88170228610406, 11.220805626090904, -37.654820732290304, -19.0294564805479, -95.97137510711785, -13.74614530904166, -72.21509989501979, -23.052903604938518, -70.22893165133739, -449.2600248609803, -55.55518982388835, -56.8467770906134, -50.02878742922648, -48.21441533080651}
Generation 117: 789077.0 --- {128.39455137252122, -78.45475573801203, 2.2460031454693006, -18.09852286633742, -20.464763292593624, -71.29848943655313, -56.296975170752106, -72.8768075010327, -45.05725297815272, -55.93543400609241, -398.2796619843016, -109.42259704625407, -137.47304675671575, -74.23824461421407, -79.57811990747516}
Generation 118: 1651876.0 --- {112.56953426445564, -81.61975807192076, 7.497653351284266, -31.490505236514434, -18.10716266945049, -72.25711031165706, -14.140430069086317, -49.422968649322, -20.500793330452115, -34.82856833039921, -452.95873812539, -68.09201767128647, -100.87309797977674, -102.85159229855711, -76.71193046249793}
Generation 119: 2066011.0 --- {103.75286567240408, -72.85990099730637, 0.24719803506335314, -11.956524939209466, -15.745305730807308, -82.6343553465623, -37.69870734456545, -61.510682997499444, -51.49219623921789, -81.1443416973889, -379.1047171820448, -114.12888091932982, -146.35909371674654, -53.02785409742683, -60.5960597084325}
AVG PERF OVER 50 TRIALS: 181378.26
Generation 120: 820385.0 --- {96.1539861476486, -82.53853377161668, 10.817185418881056, -17.731697759260022, -35.45111977095093, -87.22017678960685, -49.97888124130901, -74.34785868744262, -55.80286809889613, -89.82344524955104, -417.69631567757153, -95.96259074198467, -156.74595612423926, -65.0850116688646, -89.15682645146883}
Generation 121: 1291042.0 --- {101.40826444656315, -89.18454146996378, 10.76147366161486, -32.34881889182886, -6.629104976383252, -90.7797321145074, -15.999926266097546, -72.81471031077953, -54.716848044497894, -17.98409996559826, -431.12239227442103, -104.71797042515982, -142.2536036104702, -86.60768041139418, -83.6164325805655}
Generation 122: 1533089.0 --- {109.07843434857351, -69.94938036931879, -18.84527992985308, -35.15278400105274, -9.098250305308671, -63.00918691260358, -8.70848021788682, -40.59292207138414, -11.128449825146852, -43.782885911850016, -426.7087455039951, -72.68795278254458, -79.0881300485085, -89.3292053987553, -58.765936128340556}
Generation 123: 1135440.0 --- {114.71845126914594, -55.99143057188722, 7.224571834523139, -9.967020881747503, -13.271793691880994, -73.77182533721476, -21.220127630399148, -54.73428758979729, -33.799392423873904, -68.44297668697794, -373.4630721813995, -81.89669573690132, -99.12921571810581, -71.79925627948421, -39.43460146134248}
Generation 124: 1651072.0 --- {115.69271571775413, -80.55285686074232, -8.607368904066615, -6.953349196758888, -4.722777337027171, -68.63061830989665, -20.80801075573444, -50.011462626601386, -24.388601480535396, -52.85531277455112, -439.1827536501346, -80.19627934453013, -102.8181337424493, -86.0610742371499, -71.77203544783664}
Generation 125: 1550928.0 --- {116.56684751750657, -84.40717252672687, 10.759496280009918, -21.24003457336978, -4.195344318824461, -86.81704148514288, -35.24084857358419, -89.97315660187203, -65.8453401533362, -97.58377835330171, -465.6777817516154, -89.35435982045556, -137.380172951973, -58.01203411516329, -87.04361449734317}
Generation 126: 973380.0 --- {101.59047595072545, -91.1292242131364, 3.925260892110211, -9.970892427597223, -9.688505741757272, -76.71806602797382, -31.744051992261205, -77.53646846609962, -56.60047639201724, -89.697675664074, -433.40188550629915, -83.49437852583382, -143.1479403945137, -88.14984226103277, -68.52523730884435}
Generation 127: 1158410.0 --- {117.444196696159, -68.28375639646511, 5.858783394739809, -42.754466081564715, -8.353688998443786, -71.1442532643697, -29.06436796421578, -70.4599453578636, -38.45968852536323, -70.11991775942148, -456.022838205427, -88.66799039144144, -135.27718701898618, -92.34672332473205, -78.10581081224706}
Generation 128: 1067283.0 --- {105.75854060063979, -75.31914523704734, 14.7864799419853, -52.48232741609031, 0.030458958950067228, -67.12437994148037, -19.976750787709506, -65.82021647081022, -63.259977416493655, -59.086039632969864, -434.9066938834931, -67.7544434092099, -124.18712737050389, -64.3719676179984, -63.17472254601757}
Generation 129: 820667.0 --- {120.4585647962277, -80.26882200749827, -3.505456043841715, -32.33591011765519, 4.8273613406992855, -94.51029160475093, -19.301620682499333, -63.74868984285781, -39.76946846325335, -43.6466447734226, -409.2790563126235, -84.85997675213126, -123.34607235740386, -99.56758560043457, -51.12828191727461}
AVG PERF OVER 50 TRIALS: 284580.38
Generation 130: 1102210.0 --- {93.70515476145694, -83.59435770368631, -1.9046791588987935, -45.354902771497024, -11.86622093813208, -96.75566770712118, -31.381666055272618, -78.24403375879135, -46.41379461859297, -47.257331800140534, -417.84779163012206, -77.01963811113988, -110.02956287869094, -62.768729700147475, -52.68497936554377}
Generation 131: 1068217.0 --- {126.79443967088298, -66.90845896799482, 21.38299090464858, -15.258763676944778, -13.852871464565478, -75.17264023203388, -37.92251101462092, -53.930102501138165, -32.72817699914478, -61.97169551714695, -416.6900251811697, -118.47579786366748, -124.7085123998215, -67.4109991247558, -72.74974105562121}
Generation 132: 654784.0 --- {103.45874555944566, -70.09572461676484, -9.135598500992227, 4.669656424187814, -38.855127728628105, -80.43023586547339, -14.831899065420641, -64.6307393166895, -48.1811911082145, -34.61420727169589, -418.43855492586385, -69.51503018402519, -104.58249580051425, -68.75665674723031, -56.7575073633923}
Generation 133: 1628276.0 --- {113.77446009023132, -100.42431149931662, -4.757949396954783, -8.29751124147607, -10.674472525174853, -79.18883957480087, -16.42255415729852, -74.85165129781537, -33.574407421511296, -58.186014851926274, -448.19323652969507, -79.59646090851128, -103.63420219511448, -67.04512683500857, -73.2712022119157}
Generation 134: 953037.0 --- {99.94061845692573, -65.17243598671716, -20.42207682843789, -8.102491089394348, -24.33865719463728, -81.78261378250954, -16.417275627340576, -57.0442978673329, -31.002238923259156, -36.916648964501746, -464.1291637515807, -93.87417890478258, -103.52642921515024, -72.58994406536026, -79.66600486433458}
Generation 135: 1181712.0 --- {124.36176913722478, -92.94788650761478, 7.6148156495633925, -29.752502166472212, -13.77863912915665, -74.55311320968696, -21.04868323508609, -54.494879839588286, -47.665824585981, -55.11568379064772, -438.867733423467, -74.77329959490486, -128.36666363777636, -73.44090646644183, -70.7773557063936}
Generation 136: 1926436.0 --- {131.4769368096879, -102.59018920140005, 0.12816904256911954, -41.08552226054796, 14.18094380640327, -65.79789868536032, 2.761228492209586, -56.608130671003174, -26.102646477285642, -35.82542802228899, -458.77435043659113, -87.63594711669212, -133.41943774488598, -84.71631684249724, -105.58950226365289}
Generation 137: 1129802.0 --- {106.36428781314571, -77.69592441843062, 1.9950983192989833, -2.509580853122767, -15.160323813895477, -100.81344217923335, -31.875678031037587, -76.24224340663655, -63.68022058754157, -69.62285868571544, -431.5853101642527, -61.033446307087914, -120.89646296956076, -68.645784343941, -43.205494143473544}
Generation 138: 1219781.0 --- {109.07105530530067, -108.30973220981859, -13.610758889494853, -22.019399412495535, -7.184819215930037, -99.93578842031555, -4.931970689122201, -48.090063121563745, -18.695699242263668, -42.34516297812027, -435.68667532091945, -62.58490856829326, -129.01537967684985, -79.47969282272332, -91.98589111599347}
Generation 139: 920103.0 --- {141.88705700808836, -104.66360680581747, 15.076343045218286, -30.274152529185095, 9.284534870080769, -70.308514068166, -33.48244643384701, -65.30401187668855, -41.798137741534376, -72.93620512362338, -437.6610617628386, -88.67046263798282, -124.39610222613898, -74.19948000280482, -92.82481522912195}
AVG PERF OVER 50 TRIALS: 418195.16
Generation 140: 1010635.0 --- {121.57661491273994, -92.15505814523887, -1.5050569706854748, -28.416947375719516, 10.248033078792808, -89.91501070734255, -29.886154881721794, -72.92006226683004, -43.848400968086295, -80.09618702649178, -428.7200933562372, -100.06867234556015, -134.2683322941518, -70.11549379536828, -82.35872716288924}
Generation 141: 1242431.0 --- {130.625815302324, -120.86517906215497, 5.732741744370905, -37.554288267201535, 0.4823750953266326, -60.32243579643717, -17.196926864330344, -77.93121402829566, -47.81878798106708, -65.28095793092439, -474.77029140428186, -81.15753664723417, -121.11400550864411, -83.5712621365318, -79.15707841906092}
Generation 142: 1562464.0 --- {98.31011667925468, -85.35522279741382, -2.013237814023701, -13.523352664321413, 1.299470696544177, -67.35125012260549, -19.599150378051682, -69.50321388534971, -32.08115135187725, -74.57359473897344, -447.6005676122552, -85.60098108991438, -119.38589884339672, -90.87686897953401, -88.64041450947111}
Generation 143: 1299600.0 --- {127.03581872944862, -96.52057953046874, -8.812252795200964, -27.183331432884852, 1.19308395601507, -37.39919126952068, 4.493102989881923, -48.60446970650081, -42.785134662522275, -77.90084690484389, -457.8356885808738, -99.15624911697353, -105.36315114641113, -96.8444125309426, -103.12986640601602}
Generation 144: 909049.0 --- {115.93857136490212, -76.0411239513002, 17.269852088303427, -23.76958688455447, -3.0711636912983207, -65.04478737378906, -8.321089488479672, -35.169669843285455, -33.71426686772495, -63.5551586519613, -441.6122409732212, -87.97496328360909, -95.6443985041119, -98.29827276590683, -86.36690759705361}
Generation 145: 1070489.0 --- {139.6313949697612, -105.9769296373467, -4.151149541098248, -1.2003659490833378, -10.359129907118598, -75.24977483717808, -31.31131792425468, -59.294253347684204, -15.770383021196594, -76.7045790644741, -429.1110309951017, -93.63773621200934, -120.87681026420796, -80.27466996921719, -102.8467262488354}
Generation 146: 1198238.0 --- {131.4548173473507, -117.46759117315628, -36.08464587309842, 13.313587294170574, -19.73449269021676, -95.99117361680891, -66.949150907297, -77.21610165363538, -42.33018996854998, -86.08253878815391, -431.0931139178454, -107.51968252904577, -166.79657916083164, -58.66595501078988, -105.32628876411373}
Generation 147: 1265704.0 --- {165.61852154149562, -113.06397302878354, -10.763398218507266, -8.946282853427626, 0.017240849273505, -57.70090836396341, -39.78997157980942, -59.58629776373019, -53.74585363815005, -78.8352595663903, -458.37308756818663, -107.68968764223868, -129.670558334033, -99.10023868205214, -88.13401390097344}
Generation 148: 1193309.0 --- {111.4083580455351, -107.7613476810363, 4.136036330075878, -18.549383983471063, -22.361451765924514, -78.50585894522973, -19.723314900239178, -46.03664377410829, -15.880405477314433, -35.968098362161385, -442.8175055770879, -112.91630124750002, -124.97035952575328, -77.3101614239373, -116.12122642292402}
Generation 149: 927688.0 --- {127.46891495442361, -112.82091408543585, 5.1899846960870395, -21.436315584536892, -9.277540380852969, -89.04049777896235, 4.630702893809502, -37.07370987323584, -37.45235222757007, -28.4731124967011, -454.933373357718, -119.12581179453949, -122.03293821925321, -89.22372056688829, -102.78478403862917}
AVG PERF OVER 50 TRIALS: 328275.74
Generation 150: 1329702.0 --- {119.37011845308523, -114.4344931262188, -2.0037926705294113, -31.985160540516816, -25.65332586080232, -80.8890872956444, -8.982717520250596, -42.66394175031993, -48.51275454196616, -43.040139782472515, -433.3503664293521, -82.3537873622995, -174.0334639737288, -87.06603016450883, -103.4932448438338}
