TETRIS: height 20, width 10. Noise: (50.0, -0.1)
Generation 1: 24.0 --- {-8.618987955277975, -9.651898325516692, 15.69693947201358, -7.9563297692475015, -7.128618486099376, -2.590148949066009, -7.305584935252279, -9.686191125877425, -2.8708076530482973, -8.58912468714238, -13.737002236805473, -10.695699711196397, -2.4675358156588163, -5.157308219723248, 6.249595545060823}
Generation 2: 109.0 --- {-6.141273382505359, -3.5771612396165837, 7.797325965061067, -6.484663272736199, 9.466902962687673, -13.233899631138714, -4.921393304976619, 0.9294420570147301, 0.5963172085122999, -3.0204826718832853, -17.15955720467131, -11.841851036546226, -19.75835182618941, -15.859831119327765, 7.2959650614404685}
Generation 3: 686.0 --- {-7.703612952687376, -36.29577105202999, 10.219565213761289, -18.426242826420655, -7.2863672310156815, -7.357101210774192, -19.827314126378276, -16.582796045219283, 1.6446027363704374, -10.072772780592793, -42.57353436118689, -15.188373226100786, -22.598133183060035, -28.593077804061956, 6.108997264239763}
Generation 4: 1149.0 --- {-11.034515227763167, -17.75471246425103, -12.890161605355864, -12.548149609144124, -15.985112779188203, -10.773130187678799, 2.484981051003743, -2.3513211471112037, 2.71599451508938, -17.440427342294583, -30.205065285566818, -4.078994004111252, -22.594787467043968, -20.285729943125048, -1.361176640650028}
Generation 5: 2367.0 --- {-5.043746680178914, -55.4752394695366, 9.177656184968372, -27.841653827772006, -17.68739096983354, -20.660949369840395, -6.233391484315321, -38.42256753714387, -7.283880317099631, -31.10770994019105, -49.14733854133648, -25.015982337416244, -55.33882822964496, -31.28399384449464, 3.3834129807273543}
Generation 6: 3018.0 --- {12.533609571407888, -94.0095911616236, 12.91660548390847, -44.58198076473003, -29.780654137237285, -3.914533252281614, -34.82983325699455, -46.90312181890465, -15.707952163754086, -62.32800735135414, -116.7908853834594, -7.000555417830466, -84.65747953039919, -68.56776923699644, 3.4523277305691886}
Generation 7: 9634.0 --- {19.287097111175388, -52.45371772852484, 34.086363217099425, -60.64269690197426, -17.18240328838132, -17.22519706698511, -21.484417062500892, -59.98906374476805, -17.364178200745503, -65.11362956858392, -89.59226875860372, -10.608250382362044, -107.55937385676869, -47.15624369169963, -6.698637128344296}
Generation 8: 10341.0 --- {26.00158117350106, -77.56655594147867, 8.648245641297214, -39.144415257964255, -5.255882940804595, 5.77655158249129, -24.16188263452044, -51.764829509022675, -12.554793729506512, -36.907771191967825, -134.86477455530812, -13.662294825554707, -113.49465998879316, -59.322658579819276, -15.661712110302693}
Generation 9: 21370.0 --- {16.594279326534025, -57.24319152972183, -16.9427438651981, -49.00999077842122, -11.769994405541002, -19.297345881471944, -23.77050404310627, -46.681249763247415, -21.01901173344224, -42.18257772190998, -134.08287411711103, 7.0610686484236584, -79.62471206357138, -26.573964789494216, -21.86619818025971}
AVG PERF OVER 50 TRIALS: 27367.86
Generation 10: 65976.0 --- {56.50502616875219, -57.47303527108875, -19.050184613331275, -19.510733437450604, -10.17681103951501, -8.627211203061746, -25.96987312327318, -1.8580685391454992, -12.107003279091233, -37.333899870339565, -141.03810547669508, -5.071381944284741, -99.86860162977098, -76.03593529581698, -20.294822025705614}
Generation 11: 62268.0 --- {29.219132996663976, -28.346808557847545, -12.571440086013347, -4.146944661015354, -13.231430443201821, 0.02132383575628083, -8.511797964189022, -6.082639299694815, -3.2249652134786118, -1.8056203473301586, -132.5974910493543, -24.676749006813747, -77.58317478174936, -88.81695030835584, -11.909480865330746}
Generation 12: 75362.0 --- {45.35516528622892, -33.049802658566634, -23.04964412085635, -23.50392425723568, 9.553640589621807, -17.742354092161445, -34.56378483221367, -24.753201490657947, -41.80266356768786, 0.7809442813304592, -233.98989348831864, -2.92451022092071, -53.849927104516524, -74.02159514325965, -22.816538750506435}
Generation 13: 249132.0 --- {33.00894696645084, -69.82479420351731, -12.718820607068752, -35.24224854051167, -14.15574232758621, -23.998413209430794, -1.5350852366263084, -14.231674462001425, -21.041555286738856, -24.63573725704112, -179.01499097313734, -2.544978648010609, -91.97909840758265, -73.82856235382286, -19.344991227629496}
Generation 14: 106709.0 --- {11.36952119952852, -32.68587157189806, -12.409599294313768, -7.123863609887728, -11.64766198616654, 2.220644380569553, 20.58342909638986, -13.84128308387007, -0.610985171752894, -0.27203584948939863, -145.65086144446136, -9.454077605750369, -42.67994407212698, -61.41554127279329, -28.020136919676858}
Generation 15: 123259.0 --- {32.870987886072626, -72.0836465812213, -15.61165356920218, 0.3481331491257649, -6.322326902976746, -28.94187480589307, 4.041692120998091, -36.77616166634888, 4.793949984821413, -20.18376625519628, -181.01343683018942, 4.248100956429754, -68.45522376125314, -61.42769147429873, -16.00464329901515}
Generation 16: 400051.0 --- {49.0583606957146, -49.558810333333625, -24.451360627038955, -22.695987385071476, -14.16834974524873, -18.13855446681998, -11.129836191392695, -24.1771949294042, -14.216262535822004, -18.209441731988274, -163.03496038921705, -19.471345230197436, -74.84485944752132, -51.907452569357176, -9.206083451373596}
Generation 17: 186807.0 --- {56.66330661856808, -36.70199729109079, -10.371078024977852, -22.203458541763638, -0.7364140634674881, -34.90886823400087, -7.581479158858631, -17.812715824154324, -6.649723383875223, -23.89312775676762, -204.20761191922253, -30.273503464015086, -84.93875185405999, -49.81488576115899, -47.11602456965463}
Generation 18: 453470.0 --- {44.56214183240646, -52.54886210300627, -17.575977094465753, -5.952692163431749, 1.2632981884821488, -34.07683142501641, -20.935383494258208, -15.59234012025868, -11.583741055323813, -47.40825961865043, -267.16139050561816, -22.028526014540716, -45.50446164240903, -40.24038272474296, -54.702788278192315}
Generation 19: 385106.0 --- {65.5087811860795, -35.256347313822616, -5.895925729094282, -25.641300975703878, 7.3724722867811145, -53.25384507881468, -27.040385364203942, -20.740301572101124, -15.527027071293704, -60.161972426346594, -276.46922988926235, -57.24449988855554, -49.39721166260422, -13.695228655102447, -77.21441344109957}
AVG PERF OVER 50 TRIALS: 170425.22
Generation 20: 1031050.0 --- {79.45179133561082, -52.71934561443053, -18.72634077980795, -0.3410373564139171, -1.498938685365233, -39.10984806594576, 5.981484208677099, -23.132452647102912, -9.283492677995273, -31.284747234323653, -192.53481838721157, -37.99807782406532, -94.98649080311417, -64.5146967883117, -57.240275936520945}
Generation 21: 497304.0 --- {50.45904778843228, -47.432696244242045, -5.387831758911373, -32.57663975585341, -10.27722231878911, -34.57001072093303, -34.09439010665972, -35.31279140830391, -24.982579315413147, -23.831754827549215, -217.1160366794706, -36.955623952986016, -105.42095996610391, -60.086993894174284, -19.235490537898002}
Generation 22: 435983.0 --- {84.05748634762645, -69.53247748740534, -1.4481447948346293, -31.608011939630867, -10.769463484415796, -48.4287506237416, -19.3935922715785, -29.574074211211236, -22.313906330240684, -24.333309969595636, -265.8774849473775, -74.77270154823024, -73.1249869298926, -35.768714614987914, -39.214255390226405}
Generation 23: 374300.0 --- {83.9522422335855, -65.64178762168001, -3.6179302953004413, -32.5184619763033, -4.434873932769616, -61.16243300050046, -15.164827442383334, -33.67006162456104, -35.80966570071207, -47.50136347513907, -252.1600629940093, -58.096474831131495, -86.83069240645771, -33.9583813591748, -62.63720897093752}
Generation 24: 736401.0 --- {85.75501452532049, -62.803498367416665, 10.38209183853972, -47.416278340268164, -6.1379963492178105, -42.267126815718974, -15.676459890275535, -44.263427898700385, -20.21315084154617, -20.709926271521073, -249.25122356078907, -62.07096030953267, -94.35625812495331, -39.550826661714055, -56.11395762625604}
Generation 25: 406851.0 --- {72.51727451532933, -78.16196004441524, 4.327962979437568, -33.68489520470582, -7.837979687171626, -19.26498126632632, 4.036983033767687, -44.25944258432249, -15.685083939688203, -25.90967116825897, -243.1475131425528, -41.12677608877093, -83.56444060919749, -68.0028651992375, -35.411870051239305}
Generation 26: 743334.0 --- {51.376244421632514, -57.84054932392659, -1.2516925933122014, -31.35071976641631, -4.221329978761288, -61.514637938330175, -16.243807666112236, -39.83517878976197, -30.300094868261368, -49.206772840935, -232.4722094335238, -22.796235375743834, -82.99814305290346, -29.84552557687381, -55.536094734692995}
Generation 27: 568328.0 --- {65.98113882159933, -57.406559643817594, -6.266716387839579, -28.34377880162056, 8.374364990302457, -41.789871154860364, -26.611494631550094, -39.1690552739556, -37.89536509389313, -45.04907750008734, -249.48738961980524, -43.90506857428525, -66.48556911866507, -48.42805598560034, -41.38491081903929}
Generation 28: 445135.0 --- {55.24004071514934, -57.08101068095705, -10.842498546941652, -32.0165617647847, -1.7942012350253398, -54.24254036914679, -20.436773943242773, -53.055511324518555, -32.181438229502604, -33.306571427060085, -222.7959781880631, -63.90612318801336, -107.79298404796734, -45.517500917612765, -42.07152700713401}
Generation 29: 725550.0 --- {62.59707326898962, -68.52749789146186, -6.91683910232632, -28.900103264228786, -21.12528727914239, -70.09136490974171, -6.592659907381716, -47.91753347769832, -9.912199308979858, -8.239254033359256, -275.3077963868823, -57.420313886522806, -87.03507440290507, -62.88283100103199, -49.648060847147164}
AVG PERF OVER 50 TRIALS: 206389.46
Generation 30: 796478.0 --- {77.16270047941434, -33.13472897849928, -4.139321661311681, -18.777426867911004, -13.186513496787732, -60.02310769476222, -46.85553189534157, -51.01521084445812, -37.473022107301865, -26.86751987855917, -260.1264729520068, -60.843818911848885, -99.51256480569262, -34.27246286528518, -43.64720544971847}
Generation 31: 723074.0 --- {79.13633104991129, -40.74059239875239, -39.833625796633136, -3.0779809526788906, 6.95843486170831, -55.18052365230851, -29.12606274032707, -17.84889949998026, -17.035640776629933, -10.486341552320276, -289.6196645247032, -55.573207871254965, -67.63140195865824, -54.80352281375882, -43.52559559233974}
Generation 32: 422266.0 --- {59.054543468416355, -56.89693317483656, -6.969385122637393, -29.70637692427563, 3.1229293715682163, -60.08514647377359, -31.19512507086466, -40.60020215488191, -43.436424838345516, -52.23860809520505, -269.80192089355984, -28.9143364400022, -83.33293765329434, -52.65903725046726, -23.480069874712164}
Generation 33: 1003351.0 --- {76.70393927164095, -49.91521663006411, -8.032116983269225, -11.301232555202919, 8.195625778166324, -57.54558765730139, -27.92943071425409, -40.136183459311034, -52.66412715987664, -28.513011607491507, -261.2611347447916, -54.94900483133153, -98.22646271899958, -48.50088045426796, -54.606133333603275}
Generation 34: 1682074.0 --- {61.747003213373354, -49.25460391404889, 10.135043687262288, -34.55253216964158, -3.9632442348553054, -56.401398869313965, -23.35550828367139, -50.76287807078472, -42.98549569456722, -51.21648118848019, -285.02534016120313, -30.05193080527262, -61.49081200311407, -27.055697363654545, -53.15206644954642}
Generation 35: 539594.0 --- {69.78440786597996, -50.623028670786624, 6.675431029325486, -27.456732868794674, 15.999501508903078, -56.77264648135912, -8.243520550868478, -29.17524837596324, -27.44278588891634, -43.806390083631, -288.77900810128034, -49.46262259935301, -82.91141885135742, -39.886152259773354, -72.33945376658043}
Generation 36: 571036.0 --- {75.88657808116125, -59.362557274905875, -3.3395338349590578, -20.60348476685862, -7.580980616927545, -78.23123993660562, -24.948556188381243, -38.77463519309039, -43.777421572525434, -29.379409502885306, -275.01274467563474, -62.052718069583015, -85.95712829061601, -40.37151914020695, -55.04033440411151}
Generation 37: 589307.0 --- {57.00808919851295, -63.46991688534959, 0.2843152963222675, -22.996214292276825, -18.48564362961573, -62.3117886395229, -22.29141954843803, -57.40181974105093, -18.302885883653268, -54.74937518430063, -299.3201029210588, -39.159438237929905, -53.59354809519762, -40.36692023846741, -25.720521786764586}
Generation 38: 830468.0 --- {91.94399901735999, -58.77232689616101, -27.563521332135434, -5.99558117445072, -6.255228034771104, -38.736612809518945, -16.418293514400705, -20.192193279890986, -15.601141920164034, -35.43020253427935, -270.4586557470448, -69.47030041099431, -66.70846090429447, -59.814373156856476, -46.650077187346895}
Generation 39: 872858.0 --- {60.891729609739215, -56.67818189817199, 0.009504565384825803, -24.022988151354877, -8.529209695837775, -68.78015315560356, -15.879974118410313, -56.89099230810946, -35.03509164597475, -55.4175067198776, -283.01761677276977, -56.963910362678, -90.91724397324309, -43.555115970477914, -30.697166277039976}
AVG PERF OVER 50 TRIALS: 295781.04
Generation 40: 1226624.0 --- {70.12286492323373, -63.466333708261416, 5.613467676595183, -24.9591010543564, -4.181044528952986, -46.55885867443585, -8.643657483990308, -36.64369061645646, -18.22837111998286, -34.07671011371192, -258.6881267828835, -86.4564249321357, -88.2526384624656, -45.66354953157987, -49.40371918806805}
Generation 41: 639771.0 --- {70.12286492323373, -63.466333708261416, 5.613467676595183, -24.9591010543564, -4.181044528952986, -46.55885867443585, -8.643657483990308, -36.64369061645646, -18.22837111998286, -34.07671011371192, -258.6881267828835, -86.4564249321357, -88.2526384624656, -45.66354953157987, -49.40371918806805}
Generation 42: 711821.0 --- {74.08103688848708, -47.633433681353154, -7.48150328915416, -29.652556611164137, 9.731343556806124, -53.12149138617195, 1.6017007509849357, -27.245602700572498, -11.306869529731319, -14.54404759364914, -267.26481489732123, -62.89508189617783, -91.97931833429453, -48.1136924637544, -42.634003189589286}
Generation 43: 542694.0 --- {95.1492886614293, -49.036112435037204, 2.8301046292894068, -24.486540239810445, 4.561009727571321, -65.82493402074476, -31.87143745235084, -57.76078654607139, -25.798712471081, -37.87029092397706, -318.5877940603784, -74.38715191950047, -89.81301044071532, -25.839193001290905, -54.551668884107606}
Generation 44: 685481.0 --- {95.1492886614293, -49.036112435037204, 2.8301046292894068, -24.486540239810445, 4.561009727571321, -65.82493402074476, -31.87143745235084, -57.76078654607139, -25.798712471081, -37.87029092397706, -318.5877940603784, -74.38715191950047, -89.81301044071532, -25.839193001290905, -54.551668884107606}
Generation 45: 623117.0 --- {100.11477190983543, -77.66564136988384, -3.6687808781084836, -30.985462845767398, -0.5930609582997843, -88.74590275480436, -38.89929798461361, -58.77920480834513, -50.38881277642145, -53.704996170382195, -316.6271493467075, -68.26193890864143, -111.12309025516717, -25.839905106194365, -38.22806362903624}
Generation 46: 548893.0 --- {80.35404548931702, -69.82443407157945, 14.171551049769372, -5.7317219409722515, -13.733814091107469, -67.95171457632858, -24.261371576120382, -23.450215169699103, -35.96082901510516, -40.61963812921279, -294.6484403885583, -59.4903387556961, -108.16290228851375, -49.650412757989045, -66.11049879523112}
Generation 47: 1274693.0 --- {74.90331113782979, -51.7594651775408, -8.083028746428386, -30.770801061607628, -6.330420223492242, -49.34370957816857, -28.608238803288067, -47.176639483209684, -40.73139328315316, -29.97171587184773, -272.4604326614315, -64.78287082488714, -105.38561961486454, -47.28678779940347, -56.5023235318638}
Generation 48: 1010328.0 --- {114.007274275675, -57.24336859424452, -12.075558780407913, -16.884330282225697, 0.9413102197744938, -67.54754693268988, -65.02371191507481, -58.32520930607948, -54.655700876121294, -40.997562254222615, -355.2056236322459, -70.39922468221076, -132.7503930250751, -40.49178052865038, -75.67107246214007}
Generation 49: 797638.0 --- {114.5444390033929, -55.8418541408688, -8.738503591801567, -29.617065761476347, -0.5517453549884577, -52.443549800965044, -33.842817355346135, -48.48808180016309, -40.82059039348263, -50.61012618925698, -324.8128766293228, -84.04047807733545, -123.14857812155084, -49.31358503276811, -78.91127664788073}
AVG PERF OVER 50 TRIALS: 273626.12
Generation 50: 881062.0 --- {92.5712516930233, -44.96479771127362, -9.321181875228811, -8.61021656304697, -3.186735137879097, -54.395167294808424, -24.595089056403154, -48.56266311088554, -38.50091395396834, -53.859337010221935, -300.665187137344, -70.88578643712326, -118.95600608127081, -48.46840341002554, -79.33710430521809}
Generation 51: 768598.0 --- {92.5712516930233, -44.96479771127362, -9.321181875228811, -8.61021656304697, -3.186735137879097, -54.395167294808424, -24.595089056403154, -48.56266311088554, -38.50091395396834, -53.859337010221935, -300.665187137344, -70.88578643712326, -118.95600608127081, -48.46840341002554, -79.33710430521809}
Generation 52: 949120.0 --- {92.5712516930233, -44.96479771127362, -9.321181875228811, -8.61021656304697, -3.186735137879097, -54.395167294808424, -24.595089056403154, -48.56266311088554, -38.50091395396834, -53.859337010221935, -300.665187137344, -70.88578643712326, -118.95600608127081, -48.46840341002554, -79.33710430521809}
Generation 53: 904210.0 --- {95.400115734854, -89.51105746567865, -5.487718681670506, -4.463318745774455, -18.37510734380381, -61.41405880355183, -18.134223504452073, -34.770210139880376, -29.77233126104757, -32.59118920187354, -279.35135110230283, -93.82267017097405, -131.5054289952393, -59.29846023588014, -57.326823466514455}
Generation 54: 754043.0 --- {91.81528481359052, -88.98009895399429, 3.1859085506208187, -20.12262573144411, -17.316755150223923, -59.97318686583643, -31.81924731532014, -40.703079778262364, -42.427285019986314, -53.57380288175489, -317.58464037131665, -72.80232156388756, -130.19802995334592, -45.25288024896699, -96.36518152502639}
Generation 55: 987922.0 --- {113.68028225197487, -75.504688821791, -13.52880766282801, 9.43758229718412, -14.390659860144073, -63.09415542699196, -19.060162631408648, -38.09856937136732, -49.03197904895033, -66.54696260602502, -284.06314741229914, -82.03169374145357, -136.50414598225473, -49.313812691477736, -64.41428468338079}
Generation 56: 984662.0 --- {90.95765324415441, -93.17337192884611, -8.918979976610467, -20.114689679775942, -10.08741302610974, -66.6906641885216, -13.055508509431242, -35.80314883366137, -25.71698137987264, -64.42427938301846, -303.5685339432041, -68.94628138763827, -117.69814697858197, -52.58694794779282, -66.71933492190955}
Generation 57: 710664.0 --- {102.7295927537826, -71.79844880638683, 6.690569030381881, -21.17735491196672, 0.09312697531263225, -54.32544631522573, -11.631359820814906, -46.189249346575515, -27.57501187874569, -20.652595082799973, -283.2821637590067, -78.99927560860118, -127.44009450425479, -80.34134418976305, -75.14243720891643}
Generation 58: 1496256.0 --- {89.16091395220258, -80.52554063258282, -8.360994332299196, -27.99283734022739, -5.719259028566974, -81.18285417869737, -39.402945328003405, -42.61577235306347, -59.65574997317147, -91.24169190875286, -334.5440241393242, -57.496892195523344, -143.90067473843544, -45.76912644065695, -94.83654403487961}
Generation 59: 676278.0 --- {99.2090704619951, -88.72610184910313, -17.22219467387438, -11.634326057549671, -4.90533682267069, -36.53374479293131, -7.636776181148058, -35.75252816069439, -37.98915933868111, -49.37121344237612, -292.46910796128464, -59.75864200939755, -137.89777740659173, -71.48025624162497, -84.16037687914731}
AVG PERF OVER 50 TRIALS: 250916.8
Generation 60: 1204033.0 --- {92.16220569074017, -103.34375773491436, -1.2762291431755866, -31.643130692310784, -18.167877051337882, -59.58523863114045, -9.869623724101743, -44.479488486466565, -40.88960466747599, -66.68499713961938, -312.60733001348905, -80.327592984936, -135.11576178068023, -58.299036960513874, -60.43827613773219}
Generation 61: 786040.0 --- {113.99629338763766, -75.37247017396052, -13.61906933081785, -19.792344404338674, -21.78541928436956, -56.05944246826073, -14.634359632712565, -36.61333357884327, -36.13062775316261, -28.603980624338625, -319.56049032961977, -36.504003593602185, -122.34308393890815, -70.3968591478837, -87.11710084881595}
Generation 62: 1122358.0 --- {93.10046779821374, -74.02786508652005, -28.520602853728303, -13.682657889268981, -13.658104826780669, -47.452329987010586, -17.64270194239061, -62.2723569984105, -59.03304621835822, -80.43476502683615, -322.9970296838216, -74.32437893667199, -120.53147499381802, -45.948640153630315, -83.90932378313161}
Generation 63: 1278743.0 --- {98.40068953246492, -78.3933892620836, 17.21796643069977, -24.892051782512603, -5.115439549555064, -36.55908694130255, -16.434523467436662, -43.984929473539694, -37.60400499539687, -38.49580945968319, -306.7214421825097, -78.78814946135967, -124.30822041177464, -71.01539875736772, -59.73019587719958}
Generation 64: 1203773.0 --- {89.7891507716014, -69.27147398352128, 15.228349720928632, -21.72647715025672, -19.939356490234612, -90.7498798590384, -42.8404048772898, -76.49148238575486, -43.68729690541796, -64.45109590622187, -342.9991744704648, -72.0326911663001, -131.54778932605447, -34.707930882776836, -89.72211752160383}
Generation 65: 1277457.0 --- {106.38547427468384, -63.89758254769631, 1.469561951232327, -15.849474049187805, -3.5165798878963264, -80.92301733639664, -20.561672522667845, -76.99314095510162, -58.12532494490233, -61.88072716924401, -343.3040800395457, -66.75529312608336, -125.99898790552808, -24.61790689436853, -93.50970953681713}
Generation 66: 932760.0 --- {118.05412769934222, -79.7038520986975, 5.5512923799888805, -30.039370350945763, 10.95092699642202, -64.87420449372026, -16.892331330705392, -59.08121980979452, -34.93198742238295, -55.36636691366406, -345.4832491236139, -69.94344108293652, -129.56351528380128, -63.795134426627115, -54.51569739144933}
Generation 67: 962906.0 --- {95.86102316830029, -92.6649219009572, 10.099990847963921, -16.18631486493917, -13.393095732029039, -78.84050644802508, -14.753616779264627, -35.84788672322743, -20.93493738173961, -41.740651854548375, -351.70282877510357, -83.71228692417904, -156.30379886972207, -80.43835911086472, -59.47855896994942}
Generation 68: 1311871.0 --- {104.06334103022348, -91.77464610041069, -8.89927968631051, -0.33560447716419617, -7.524280460487906, -84.7997077645648, -52.444492094436, -70.12885909822567, -56.00964340214495, -65.24289327797761, -335.89255300022745, -64.17452630472881, -118.01510546071644, -27.912538519582476, -66.30286053244595}
Generation 69: 1439379.0 --- {116.94258053901305, -61.268014034302624, 20.16989753826413, -13.545447476901991, -13.808710339249897, -64.92772659169347, -35.36360451211251, -50.16764021483834, -48.109713394338705, -59.42280792092818, -343.19027555714047, -92.0161174509999, -144.04316414608127, -53.66976445820242, -79.41234855066037}
AVG PERF OVER 50 TRIALS: 277099.3
Generation 70: 1442281.0 --- {82.73652600910745, -76.54199755155673, -4.072387460949955, -22.565049043541155, -11.769635632525956, -78.92990259274663, -29.379749147438034, -40.26551449679812, -44.33165187535002, -59.39510426442179, -304.34709248683623, -75.05794102792747, -145.84168591898526, -48.0622690613695, -67.48565134679613}
Generation 71: 1108902.0 --- {110.60856803552278, -77.27314140586279, 23.094862056898492, -33.828227949849875, -6.166887241610789, -71.47777093996476, -18.387431958461512, -61.45595545594146, -34.87815302506855, -34.554356076905314, -335.8921880160286, -95.12329297725266, -117.9648821180943, -43.774153534454925, -76.73174217012894}
Generation 72: 1078994.0 --- {97.23933120158247, -89.00998837031737, 19.477511485383143, -24.296313067744336, -2.101236911861921, -73.83303837214896, -21.064645890135022, -41.928744590052915, -26.458021899768184, -32.838448221067424, -328.0010858149183, -82.77688380445494, -132.9454743794974, -47.23005039365264, -74.48738232787318}
Generation 73: 1560326.0 --- {93.47485468929075, -71.60025758867154, 19.057223744405817, -23.03900918194324, -20.850972954014956, -83.97379636910449, -26.06557127882951, -65.55790747650785, -42.91221803516238, -65.02617373157747, -359.0624711772189, -73.90037985151301, -115.75653568568934, -54.392027960940304, -54.39996348242286}
Generation 74: 2177339.0 --- {117.82870563962928, -85.94061050056075, -9.743913544679371, -31.914909531250387, -20.18362725622262, -58.242491432929235, -10.555637207003908, -38.21511348653172, -37.0420836355653, -41.317517641679586, -349.4200328895322, -49.71353170485975, -151.42294061495141, -79.37968193568534, -86.12026775584633}
Generation 75: 946798.0 --- {92.85889416018492, -65.63882044534905, -7.8282553614123405, -17.700177837976817, -3.6591217631691046, -90.57782510277234, -33.60691307740815, -73.64713512152954, -64.07797266178457, -81.63735000109298, -334.1225176666159, -53.115019442999376, -139.10427410100402, -41.89033937586822, -65.36802962228111}
Generation 76: 1595656.0 --- {101.45203902795606, -87.15741550397287, -5.210017095906185, -32.43257643110077, -10.521914991360099, -78.58029718338435, -28.45755768165253, -70.33427549244176, -37.849798716840496, -53.57578248505634, -351.6522292556491, -74.88508276160742, -146.50302994088958, -58.51065472584072, -66.0372658368724}
Generation 77: 1489980.0 --- {92.41345576142494, -83.39914420178276, 7.350211700534252, -25.6184668472426, -26.08235309606477, -77.59819374709029, -34.471464192758276, -69.90773715050106, -45.6828870267788, -67.14962742535768, -365.25599547926817, -71.22448810261163, -122.94145585836225, -39.78342264537821, -68.26438070269478}
Generation 78: 1654085.0 --- {108.4434517984082, -102.98629812312261, 22.489277416875172, -18.71415333188089, -18.34875036075864, -61.2348727643054, -23.4684579936096, -41.2985323777763, -35.20270668870758, -36.75094333482668, -356.5767210515443, -73.40926996773955, -168.83848478853298, -84.06352613217086, -78.6054447316726}
Generation 79: 2077073.0 --- {97.40570078784744, -68.47578974660767, 14.383398809838834, -11.441569288916416, -6.419343791877434, -70.39464667616082, -27.122002158043077, -49.81552469829109, -35.318252515532336, -53.80617315026595, -325.67718157978203, -94.38141573052478, -133.61214922618376, -53.32583548819444, -68.70047906944772}
AVG PERF OVER 50 TRIALS: 255496.34
Generation 80: 907462.0 --- {117.27721474275471, -85.39041194175584, 0.9270657200859711, -26.877668295665334, 3.9453574466566366, -92.85913101601592, -30.473574291799515, -69.39903083317904, -48.131142536194936, -36.33044590925364, -360.7553061679718, -70.94232932584147, -174.98717721570688, -68.65354488267373, -86.08132027203864}
Generation 81: 1517189.0 --- {88.13000155713267, -74.29834207265299, -16.601148641993657, -16.534160737951566, -9.930433763213658, -88.60101197903899, -20.367188277876018, -84.09976007657599, -63.88922969302627, -56.369438292062014, -330.7941236341179, -77.49500276984709, -169.24424807525034, -62.12758641525713, -67.27300240558735}
Generation 82: 1608734.0 --- {99.02498651430219, -62.710469954622866, 13.114923339358224, -32.49779287937612, 4.0220128409173075, -93.75106402701306, -17.293693502910923, -76.3638236596965, -62.51051128634375, -80.35118227423303, -366.0998793594171, -86.34445400376629, -109.26726993244057, -32.24429170397834, -61.379381202693736}
Generation 83: 689771.0 --- {114.57628258949474, -89.87797532943658, -14.12878551059321, -28.970216593729965, -9.635436193953078, -99.1966599263528, -26.055809589512233, -50.51266150288014, -42.997909516927656, -40.62678524831213, -362.28343595905, -70.38215899459014, -141.12538982101037, -56.385691279112656, -80.9556135760367}
Generation 84: 2269565.0 --- {121.68120168213039, -91.14471036915319, -3.186224292907385, 5.485949339188828, -19.16892203302169, -63.59084170559179, -25.43390665603937, -65.62424752991998, -18.41578913225749, -48.64745609345782, -338.608148490376, -71.28874660490006, -130.769994880296, -71.0459097166015, -79.57401657613318}
Generation 85: 2649509.0 --- {105.40057606761248, -91.51286925316539, 2.8204190714121444, -29.080182159160856, -14.505180528072701, -79.23886736865109, -25.54530833042287, -70.965394278875, -50.24093953036799, -77.82489800135318, -363.75012533024636, -81.89454291763913, -159.06545756208916, -45.90730494365984, -80.56927743624036}
Generation 86: 1098141.0 --- {103.72276544328663, -91.12677241358112, 13.093838369865926, -14.141353401382375, -20.66129806086058, -94.87085305573153, -41.225888033439915, -80.61569447345008, -81.4294628431019, -91.53915525443098, -373.10890686546617, -43.17282645104529, -167.0631751097846, -29.809263308420263, -89.39156372190814}
Generation 87: 1872847.0 --- {124.7371337041904, -107.76470181345846, 7.618057796002194, -1.0730564894784322, -24.092560606951295, -97.7702502809601, -28.924218257101217, -64.60664441062778, -49.122428147810254, -58.49505640338432, -363.6212266374708, -64.375023333013, -164.81768267023145, -72.45792739209149, -102.06140102256063}
Generation 88: 1003569.0 --- {97.7607555075702, -55.772362678464184, 12.38055586352405, -21.7400500550662, -10.375349769357463, -74.46756487891946, -34.093856672783495, -59.71910904218989, -55.95261322799033, -75.53774288767107, -322.02885586216433, -64.84095788695488, -126.29888987381914, -53.10944949552487, -63.15724580400591}
Generation 89: 937355.0 --- {111.62505145934146, -93.95203234011437, 10.260511437646826, -37.98120558283828, -8.60439645833745, -85.84515104390866, -19.419279136926722, -35.3871342574376, -29.586985169956286, -46.158137003370456, -350.27144278028663, -115.17040839502144, -136.36936788172227, -66.97075630415415, -61.73325050757664}
AVG PERF OVER 50 TRIALS: 237981.9
Generation 90: 761065.0 --- {112.28364111722796, -96.56083650075321, 4.277063960661597, -12.581485994017273, -6.122341046589062, -51.22548341163643, -12.353705913733506, -59.8608893894845, -50.41915651994172, -43.66774371343566, -386.6559984806204, -97.24153943042161, -173.8809851623662, -89.19056475534579, -116.49189728803182}
Generation 91: 940774.0 --- {120.20367539213541, -106.96628526967017, 33.57939127227898, -23.33865422467695, -22.231498267814338, -75.3080045524824, -10.64968011219069, -65.1763259813127, -43.41326667465353, -39.017808202644574, -375.95752468976417, -80.2886013873174, -146.61438833971414, -69.40774012084438, -72.90794348049548}
Generation 92: 1853745.0 --- {115.92618226617158, -84.18088633769068, 31.759255342162383, -29.906494884835823, -10.618506537344373, -51.185187380162205, -12.210473061085295, -56.791168003248245, -54.56422535284842, -36.43850926522035, -339.50289797710866, -87.75467381345749, -146.9159129795678, -66.22841134747576, -71.35863955710207}
Generation 93: 1120009.0 --- {135.78987810187056, -121.76898264388203, 0.558933929236997, -20.315187660856488, -26.230062414859272, -92.24299675345074, -19.658372031266545, -33.071481183715036, -50.429587266327204, -23.757376380556032, -365.8514419347868, -99.61392568733748, -167.19936299785059, -66.52576663052231, -72.68242318596361}
Generation 94: 1599353.0 --- {141.33498280738817, -134.24545554039548, -13.508568432549849, -12.13394534821521, -23.94787094935505, -110.18363171310111, -28.517972443318367, -55.97852934243366, -34.22064078573733, -79.6838714665974, -425.5167258518121, -93.65662327930482, -188.25581283310635, -62.25637850165534, -90.39452520553021}
Generation 95: 1593019.0 --- {111.6011233310026, -76.65040783359017, 13.93673321256731, -5.241833156689621, -5.898544254842846, -66.02495183090309, -20.71300533433896, -57.90712627499856, -54.72244329862957, -30.503180190199426, -358.3714012054761, -93.56390801516207, -140.98980537590683, -57.88451403719329, -52.03837426716308}
Generation 96: 1484425.0 --- {104.2318917147276, -69.05988395602384, -4.331957946954809, -21.83224978515014, 14.045246482691876, -110.32213230429367, -20.1228617655862, -52.04235349630791, -45.64109520257586, -70.5644401664332, -375.23214709971063, -94.67280172408675, -130.68023678798733, -48.69602736090163, -76.98559464626979}
Generation 97: 1737945.0 --- {131.6338376760467, -103.09164043772061, -11.417458701303643, -13.822261820824224, 12.157087217363017, -81.21720633687832, -48.001695372182354, -68.70455575990779, -46.356101226097415, -42.58154659690389, -373.73030363229844, -85.07515614596798, -142.30359053483105, -72.14219121542648, -69.42402087354748}
Generation 98: 1366224.0 --- {133.10059990974682, -89.19187374727547, 3.310689669552696, -23.58918067019061, -1.4270854223177505, -106.08946146115201, -39.869134674045576, -66.91396456037852, -68.22830308579616, -73.25955944235274, -406.8681052457828, -85.36036601366978, -147.9750805555166, -25.313008499964347, -113.92257749925179}
Generation 99: 1079733.0 --- {125.78419597239755, -95.37426870748888, -18.90805700264415, -32.951389721857794, -13.683653787035109, -84.54623929296515, -40.516592500375936, -58.08704963692513, -55.09330598892054, -45.63586041889191, -394.1171107849833, -101.26367762343915, -162.34181324249275, -52.02445989786084, -104.19174907995631}
AVG PERF OVER 50 TRIALS: 332616.58
Generation 100: 3513973.0 --- {155.29968466415067, -98.28520777702178, -6.92513531428818, -5.490648368962294, -27.927249926745176, -86.37962435316928, -50.60809299614256, -65.87225551337539, -45.89312259989619, -58.21456021004293, -421.89535235085833, -91.54672912575275, -169.77548617010757, -71.91751776199037, -85.53329119425014}
Generation 101: 1067695.0 --- {128.1822652084029, -107.17904065515806, -17.082247136511047, -32.191213305090436, -7.3516290752683355, -94.49210556309679, -53.45909789110073, -83.27901346696746, -53.30961932849931, -67.62227186469437, -417.57224425332925, -81.26258444305047, -166.69148795836162, -37.33224530406319, -94.40640701602956}
Generation 102: 1320778.0 --- {157.24982487120147, -130.82066580061922, -3.9105722011501296, -15.491785938061646, -17.990249273453543, -96.90601697181253, -47.55159011384373, -83.92427749527056, -52.546573796518445, -54.21845005520101, -452.7430963422353, -88.68731225988023, -163.73106340818367, -61.103426238169355, -87.26210006736015}
Generation 103: 756511.0 --- {109.26048496468273, -70.28676124610398, -31.308038622235745, -37.27889577808294, 6.81302961546546, -87.61383252873502, -41.1614782412485, -54.96162477280808, -42.25801075485792, -40.723984716141274, -364.43858794020616, -86.18947082247404, -157.1077677926445, -58.028337154921466, -92.64929385769537}
Generation 104: 1465818.0 --- {130.13838708633648, -128.00666961396757, -38.32953526193392, -4.414327952348767, -15.272553912600545, -106.30883942649241, -41.586629799460816, -81.83565672906164, -62.198437798343974, -59.81440783309158, -428.8119459980817, -74.83484246664192, -139.83407833281672, -34.79379383792868, -119.55742741770287}
Generation 105: 1380468.0 --- {109.02331252496651, -91.5252993970763, 4.2980336277229245, -18.266912797339163, -17.016488694316404, -80.78938861841183, -37.25814878856478, -71.94175308909017, -55.759164402508, -71.18224326033881, -345.88657491042244, -93.86925908696934, -184.4272286230586, -74.05708723053205, -78.7034341979697}
Generation 106: 1699047.0 --- {108.92934457130906, -80.51478545041591, -11.806734129955322, -38.03329110223797, -7.104567154333937, -99.6960485942154, -43.59916018891532, -63.42263428380126, -59.20955470167345, -38.91550138405481, -400.3959180983972, -73.72504368082075, -166.95906800595662, -53.287245161018625, -94.5002360231577}
Generation 107: 1006840.0 --- {109.76540036574991, -110.73221083636243, -11.187553354416218, -29.83483822495799, -6.717158919566302, -79.29617966943968, -33.5152308923713, -69.8915605283498, -72.15679422273595, -46.48113247569091, -402.65886033457923, -98.41427481916175, -145.2754515112125, -65.5450186264775, -94.10456375803113}
Generation 108: 1590570.0 --- {136.32474262286527, -99.4497381854317, -11.375743045446889, -27.329725251463945, -9.929372224752097, -91.78399255578032, -38.693763434483344, -88.85812687528318, -58.885711143851935, -72.21912054521844, -434.15616817849263, -87.94852692165384, -149.99335075009748, -39.5988497302679, -111.95977158703816}
Generation 109: 1085452.0 --- {125.34986971662545, -114.82519518159195, -3.6405895963023474, -18.119806637682863, -14.751399309927843, -68.11311412684049, -35.05083935304333, -62.2974189891397, -49.080470443288654, -65.61440259442656, -441.79728315740743, -71.93001660421746, -155.1327975469898, -79.12844927306665, -103.25733703831051}
AVG PERF OVER 50 TRIALS: 279505.88
Generation 110: 948004.0 --- {151.56947600331634, -117.47816559501466, -7.738751113470052, 3.339535464988696, -27.433717774667755, -76.53916824978326, -31.764705263367645, -33.9933104792083, -59.6118856494933, -40.279319546412076, -436.9743193853748, -114.3768522211439, -168.56845938262316, -119.17518013002545, -78.51137818420963}
Generation 111: 1042165.0 --- {122.36958054659908, -95.68789083654104, 1.161163347250397, -37.55061503798875, -15.116893168521957, -89.2614636790412, -30.07354216485268, -48.18269206207904, -58.70832240117958, -65.59567266902465, -418.2535846902315, -81.95180317494255, -171.29440440971328, -86.28363151067094, -90.41502711777503}
Generation 112: 1525376.0 --- {155.24505113282171, -109.64328482765868, 10.653138941470301, -11.987739693526485, -14.225081460344803, -130.47334357404912, -42.12955541131858, -65.47630890102475, -48.046217689155455, -77.98462609210512, -444.8523064226812, -112.21212037982934, -165.46174312839594, -66.76054864793394, -79.95751146270435}
Generation 113: 1456302.0 --- {118.02484101433984, -98.8253606886514, 9.451459791730645, -33.24026637196772, -14.798981351104803, -85.3161608991987, -27.112387192230106, -47.6885311390207, -74.98814721622462, -42.233605840279196, -430.6783291729555, -88.28889046009175, -163.8169499940067, -81.70026550668733, -58.536740993736835}
Generation 114: 1477942.0 --- {121.64893212283762, -97.11332658709165, -2.560431825044679, -3.2090082986185102, -18.71780755905468, -74.08344621163675, -23.195049596939235, -53.89184584806328, -44.615878180120404, -52.89125941741384, -416.81840104277285, -75.42604158496044, -166.0325385620261, -77.65989851000003, -102.36835924223386}
Generation 115: 1707404.0 --- {121.64893212283762, -97.11332658709165, -2.560431825044679, -3.2090082986185102, -18.71780755905468, -74.08344621163675, -23.195049596939235, -53.89184584806328, -44.615878180120404, -52.89125941741384, -416.81840104277285, -75.42604158496044, -166.0325385620261, -77.65989851000003, -102.36835924223386}
Generation 116: 2355116.0 --- {149.86944164768784, -97.29957369446943, 4.952821240828736, -25.009383523934698, 8.384661765846731, -96.01324335643193, -39.972084637387624, -68.96821258055485, -67.16539028273046, -55.73439874519373, -399.4497748149275, -107.81021099114905, -186.90031368724883, -69.2286303037461, -92.542362546532}
Generation 117: 1330275.0 --- {133.01022411258452, -114.46470722011635, -14.676964675095903, -2.2410297855540744, -20.631858313324173, -101.86896844232268, -51.02669235246941, -106.09829146761183, -41.209510812415985, -81.82415263567961, -423.2991482528157, -85.94699133069076, -175.44545699009518, -53.597808656517834, -71.65511256478494}
Generation 118: 1245884.0 --- {132.7200656691961, -101.25613599244116, 27.337624275063416, -21.647460430513934, -24.069433717168124, -79.20309868632287, -24.364244777443798, -59.2832709553107, -48.8588473121149, -74.95220211438597, -430.1929278748332, -93.59614373503075, -174.41550553445273, -78.53780553426373, -89.94382588370246}
Generation 119: 1544537.0 --- {129.83056828571227, -92.05656342156401, -3.6706068903288513, -0.6139132776135909, -22.30430396732431, -97.99537179431533, -48.105159106520475, -58.69338998077505, -37.63245987412094, -80.0712952037371, -364.00356797874423, -117.54034508301147, -179.72424802113898, -50.71989274644967, -109.25478768698417}
AVG PERF OVER 50 TRIALS: 174007.28
Generation 120: 1090587.0 --- {156.45228965210907, -122.10207207838529, -8.649893383858267, -27.563332165275007, 2.862068387175892, -88.87637059856972, -25.356943382977967, -103.89513177168604, -59.11181722285798, -68.62862814477359, -417.71269409967323, -100.53664778434842, -182.12221342928822, -59.1057571889453, -123.39533276283814}
Generation 121: 1300600.0 --- {139.56438596565573, -122.20702323842076, 20.286372587420185, -1.025207011800429, -36.10957435781191, -86.1597728568149, -25.725419110178393, -90.22367752527225, -50.93334396406447, -70.97219825521768, -405.112909573393, -99.77232267721496, -179.48509026735522, -60.76368508906521, -102.36857347161339}
Generation 122: 1447707.0 --- {143.76385807705879, -111.4565958151075, -6.070822665347648, -30.072626596093468, -19.750937474815974, -83.36702271857952, -37.925581133482574, -101.19583176970022, -79.875177230803, -54.72320763380121, -449.0992909893993, -103.25562064967657, -169.4462595313989, -57.881962675365216, -125.22011729285131}
Generation 123: 1075837.0 --- {110.13481061465853, -98.01921906849955, -15.874797575269714, -7.232615194924158, -37.80065853764435, -91.87133411660709, -38.173382571150604, -59.848308662458564, -61.699049696447425, -108.92006990136494, -445.31664138991584, -87.85332927112644, -162.98586135419984, -74.50994626846024, -84.0123404270197}
Generation 124: 1287165.0 --- {136.75022555319606, -107.54949472998574, -6.725841248034514, -10.976789870799106, -28.333739153024027, -101.78487825568871, -34.07470238015458, -58.31597001669084, -56.44349157732426, -80.97572526422928, -413.1116577961245, -85.14213546627887, -162.25888013373088, -78.72063695162207, -95.87730472354875}
Generation 125: 1248206.0 --- {150.5542260707193, -103.39616366499688, -13.282361649306225, -8.878508506817127, -15.960872459645934, -81.12820549165697, -39.63347098464243, -58.507598987619104, -70.09149883555094, -54.11988643868668, -422.3967633828135, -95.06726427643109, -164.8913447415331, -76.60854272323282, -107.09555497357877}
Generation 126: 1524225.0 --- {149.9184977134932, -108.19538129695333, 5.226111469460604, -30.67531630782394, -25.609300944004005, -90.82656685053719, -41.73409609643129, -56.05135520983537, -65.89700632766663, -77.40294250610971, -434.4115762679942, -110.72768229344015, -169.68811959105915, -87.09943491165791, -97.84949613670881}
Generation 127: 1328784.0 --- {129.26607356160315, -103.80424840649643, -7.411821872358999, -29.6628629391323, 1.0934251557942183, -104.01239903049726, -29.222714332268193, -69.94519287312012, -44.80237012624444, -63.256986093776305, -411.3377470422174, -98.7595061024242, -191.75875252797238, -57.3499010684749, -92.94900095301367}
Generation 128: 1788447.0 --- {136.89328120022776, -106.58194848281724, 4.183303006153988, 3.007301667571678, -38.422201813090076, -96.9492744970094, -43.38472906992362, -86.29449763069297, -58.3597391310111, -66.17418058638474, -446.290674947469, -141.25469718333625, -217.93677270321848, -64.89440556805775, -126.73807516378453}
Generation 129: 1286662.0 --- {149.8536813557451, -116.9746066570551, -15.379455170519206, -45.17117526322936, -13.292960728122564, -95.61677888521227, -45.98558851487738, -78.12094025153539, -56.14093608420385, -78.8981720300651, -459.92473652872854, -125.81194586753222, -183.7695951131525, -56.78486296760627, -95.34977462501395}
AVG PERF OVER 50 TRIALS: 258869.26
Generation 130: 1090860.0 --- {132.51942764081414, -122.17169363815897, -11.698883664941032, -26.133812152401227, -15.308076382517799, -97.38619809660734, -53.60005354541717, -41.59419390719516, -68.09238430687047, -60.119060463912824, -429.59249420621074, -115.52754660317123, -150.0982120232946, -31.429774802518686, -118.98176111883589}
Generation 131: 1317304.0 --- {111.48291796997225, -92.46014667209909, -26.05349513698257, -36.13690826042017, 1.726031955522899, -103.92567845954942, -41.111806312677345, -83.06420120895828, -56.50014597157805, -63.79580397418303, -452.0663080632755, -91.70254406588136, -174.7033459561425, -73.52576473150589, -95.66975722217536}
Generation 132: 910170.0 --- {151.3958478177241, -97.0445403728035, -11.932320287600541, -37.05535983285545, -31.326602927534104, -80.16698906788255, -46.33427796689404, -76.39791195193676, -49.028603782441955, -50.008917565730854, -483.6589039773395, -100.40777662103704, -153.88656160065608, -53.39980270160831, -82.80462806278223}
Generation 133: 997090.0 --- {151.9718517884735, -112.53200201418504, -8.020722373488713, -9.429755472598416, -2.2097971168409956, -102.9166138776322, -50.50324990917627, -69.48692609229313, -70.42192383167608, -52.673596406790196, -484.3233075040851, -66.85657819084484, -123.3584019129773, -67.49671225115851, -91.6799118308377}
Generation 134: 1257870.0 --- {131.08520889370587, -116.51230883151847, -1.1985398785819275, -34.83329535512691, -10.596180311585279, -102.82221683915162, -33.90053024515739, -76.07156511648753, -54.80170591227534, -53.343344833436035, -453.5983534373296, -90.88655324594569, -167.05224251876209, -61.61653111918719, -106.00550738491917}
Generation 135: 1019683.0 --- {151.9718517884735, -112.53200201418504, -8.020722373488713, -9.429755472598416, -2.2097971168409956, -102.9166138776322, -50.50324990917627, -69.48692609229313, -70.42192383167608, -52.673596406790196, -484.3233075040851, -66.85657819084484, -123.3584019129773, -67.49671225115851, -91.6799118308377}
Generation 136: 1528167.0 --- {137.3191415329737, -116.25869586170742, -21.497499469258592, -35.32942966095602, -27.14089488501488, -109.256744957336, -56.63857677855792, -71.1745974908479, -53.833091921960154, -53.77520971713617, -451.09826475982453, -90.66821014733544, -171.18565586845162, -53.51944873658343, -99.61376014282088}
Generation 137: 1175597.0 --- {127.19718614820465, -95.3991139037767, 19.257565191289636, -51.24017240357237, -13.397491170202223, -92.69661000500456, -24.385197744168572, -84.21549832680489, -53.50691604684713, -47.38832517858933, -463.34118000624596, -100.22443683999037, -170.36041263024788, -88.17371150569682, -103.67597709388238}
Generation 138: 2636012.0 --- {129.19795986806318, -121.04450390187583, 28.584568918233032, -39.434930778971356, -17.038528850764326, -97.39351255227025, -33.48686266215249, -58.183101075511814, -67.07891289457511, -34.07867707145659, -498.24470764929725, -77.36626470381482, -130.77869054103078, -60.34489415788478, -109.45872758409482}
Generation 139: 1141365.0 --- {143.8287196851333, -103.65350944945554, 19.001894821367664, -29.285090896345693, 10.200471512004945, -106.29844115833389, -36.27193484583117, -76.07376766100369, -75.81687175566879, -20.00136118686102, -500.11389915803113, -112.59163157221678, -145.023089627868, -81.04198390725685, -108.14941396772265}
AVG PERF OVER 50 TRIALS: 226001.06
Generation 140: 1168557.0 --- {157.13715305963152, -128.43414889637458, 19.57240262839874, -17.089321620567294, -21.232243226274374, -110.5891849516583, -42.32030030575755, -72.24223767481988, -57.80643310668477, -45.37728372626714, -442.04225424450425, -52.42233268925048, -137.16284955114162, -78.67001755624881, -93.90831515915244}
Generation 141: 1361090.0 --- {153.82489728437895, -121.76326873436675, 7.809944337142983, -6.646822077733756, -2.2668547584928405, -128.2081211753298, -36.772832729503754, -73.70786689624346, -47.879055067042906, -37.10676416473577, -498.45248693805627, -71.09745275365714, -109.31552982010396, -78.42423598295315, -77.13282335538717}
Generation 142: 2222080.0 --- {131.59050999176372, -101.2188489569431, 23.011185916839707, -31.857371604655174, 5.203349239853276, -103.50317319806655, -38.09874225913557, -75.49440492257891, -67.59290605150511, -28.718311484802825, -453.97856142745337, -117.93042552448202, -162.59634845760178, -74.55337901593221, -93.36853324713938}
Generation 143: 1192432.0 --- {132.2180699245156, -123.78315071932855, 4.171857251861149, -31.665327334985747, -35.64030926075119, -92.96842831384984, -22.08529752250334, -67.5030263998011, -55.23485360519468, -43.50766610502578, -470.1038051969613, -70.45142551839365, -155.45111472634053, -90.55272529515244, -89.70564748381736}
Generation 144: 1642552.0 --- {145.4511310244743, -76.30880911675489, 7.380404528290421, -9.37281812264023, 16.389413604047398, -93.40692802389216, -30.589789173446817, -69.0734679053487, -63.97201115070776, -66.86041701104865, -467.1474868711313, -137.26717930234054, -180.84914110019915, -54.66011328847356, -116.40257250938012}
Generation 145: 2326629.0 --- {133.4192357881171, -97.09659586658097, 24.79448632552933, -34.188939939288844, -2.7918886522783435, -90.60132537284137, -29.440682881227332, -78.3506703960974, -71.88780988796971, -71.39782276817267, -463.447392560752, -112.63489760719693, -194.14150761842222, -70.38259250480932, -107.78777497314798}
Generation 146: 1774007.0 --- {130.32059715446164, -91.98029413588034, 15.834180252334068, -18.549386145346258, 3.663164994556725, -92.2453460616656, -23.90449110806061, -69.34430009284905, -76.65902712823505, -60.381796708176196, -502.91751592593533, -105.24866383153615, -107.26759295950274, -61.998410562855106, -105.04161823500623}
Generation 147: 1402207.0 --- {124.79682892076268, -98.03427915149275, 8.615615951259834, -33.89878225899025, -10.603810033068342, -94.78677396487312, -33.30205874413913, -59.34212369406945, -54.11908012742644, -30.098150389433712, -454.45584520106075, -78.50882739290958, -154.12441096453657, -80.94484206041327, -85.08680551959445}
Generation 148: 2858011.0 --- {124.78978372956419, -107.77423165200796, 15.036721900903753, -24.102236421167007, 5.0120900735487925, -113.2312152846034, -45.781938166454786, -58.03655655732166, -69.22575607757892, -68.95733259952289, -473.1053244887258, -114.68615988233351, -143.39194730232376, -61.48778787524336, -94.1190875772244}
Generation 149: 1615374.0 --- {124.78978372956419, -107.77423165200796, 15.036721900903753, -24.102236421167007, 5.0120900735487925, -113.2312152846034, -45.781938166454786, -58.03655655732166, -69.22575607757892, -68.95733259952289, -473.1053244887258, -114.68615988233351, -143.39194730232376, -61.48778787524336, -94.1190875772244}
AVG PERF OVER 50 TRIALS: 433645.5
Generation 150: 2172681.0 --- {129.25253265213206, -92.67214124786298, 15.741021890090929, -47.791398555231055, 0.9321008073270072, -88.46168454830693, -23.97468256383688, -69.47183373759026, -58.44215946767011, -43.94872520247927, -456.23687544552763, -92.51310463884639, -118.68381093482937, -83.75964698164886, -81.15971520433271}
