TETRIS-H20-W10. Noise: (50.0, -0.1)
Generation 1: 19.0 --- {1.0924910884125365, -1.4096568465552552, -6.964371199665598, -4.735436195605076, -1.7143653276489728, 0.30768423305183057, -8.375272337714378, -0.07744588093198386, -5.562758631808826, 6.068331573808611, -5.9105050726284505, -3.685656579603716, -7.247436415080353, -9.64416704903722, -17.29787147374583}
Generation 2: 55.0 --- {1.0924910884125365, -1.4096568465552552, -6.964371199665598, -4.735436195605076, -1.7143653276489728, 0.30768423305183057, -8.375272337714378, -0.07744588093198386, -5.562758631808826, 6.068331573808611, -5.9105050726284505, -3.685656579603716, -7.247436415080353, -9.64416704903722, -17.29787147374583}
Generation 3: 142.0 --- {-0.6095385831799742, -19.14261859217024, 10.126304014773138, -19.48296648061163, -7.255447619640873, 13.0794306158998, 14.920148506171305, 4.361609073031796, -1.1275250205342031, 11.548217927867041, -12.096470265517716, 1.775042549862155, -21.920704099081245, -19.237204346668875, -19.07738366491724}
Generation 4: 436.0 --- {6.281527368235863, -10.618166120894575, -4.019891697097303, -29.56106052404508, 1.6133508799970175, -0.3532431740927606, -3.5049867397491132, -10.67188587667565, -7.922869710623024, 2.247065971084872, -27.615488876701704, 14.252504362836111, -17.14807070100965, -10.271174995495953, -3.0010470946662684}
Generation 5: 1463.0 --- {-2.426147437307881, -21.32246030604328, -5.375523065880451, -16.85186668493202, -11.105222819009374, 8.97793785577736, 5.274648490841993, -2.835943989743635, 3.6831846391318956, 1.7356881303676017, -13.605686942179242, -9.895577561207032, -18.728357352380335, -19.952244118372192, 1.5756546272685883}
Generation 6: 14666.0 --- {7.027781589696364, -1.5396435053844275, -11.995092041399463, -15.548610908066713, 2.118469868060546, 5.36351984932514, 0.3915351320754865, 2.088191579408539, -5.508559471397699, 2.4881104830602165, -49.874514080373324, -7.291216705682834, -19.501027133398047, -28.230279021963284, 0.26762743473077233}
Generation 7: 7719.0 --- {7.027781589696364, -1.5396435053844275, -11.995092041399463, -15.548610908066713, 2.118469868060546, 5.36351984932514, 0.3915351320754865, 2.088191579408539, -5.508559471397699, 2.4881104830602165, -49.874514080373324, -7.291216705682834, -19.501027133398047, -28.230279021963284, 0.26762743473077233}
Generation 8: 3505.0 --- {-3.260987258410945, -23.546260898198717, -9.787834402869187, -17.938104574750128, -10.13645263401969, 8.178000179416307, 11.551862104834914, -1.8617950338805755, -10.105841270540326, -3.3298528559413945, -28.278178980236746, -6.508980033350322, -31.836818924468233, -24.812954127887977, -18.592809716526908}
Generation 9: 4444.0 --- {-3.260987258410945, -23.546260898198717, -9.787834402869187, -17.938104574750128, -10.13645263401969, 8.178000179416307, 11.551862104834914, -1.8617950338805755, -10.105841270540326, -3.3298528559413945, -28.278178980236746, -6.508980033350322, -31.836818924468233, -24.812954127887977, -18.592809716526908}
AVG PERF OVER 50 TRIALS: 7469.62
Generation 10: 5463.0 --- {-1.3778329291765519, -23.045520071763438, -0.7838641956549406, -8.690989995851744, -20.19097333858206, -2.6370978861950354, 3.9734641931574486, -14.399498394660155, -5.739352504462092, -9.763632528948996, -45.99355631531971, 8.049969620880894, -51.19922910451599, -31.231507005680847, -4.746485295686861}
Generation 11: 17288.0 --- {-0.44503538148071253, -27.500967029573236, -16.964927756238993, -12.103125416084968, -21.21197757798205, 2.47857213996938, 7.6213970027590685, -9.231311313317942, -7.853795420687053, -9.061498640439618, -50.87689385016928, -10.598723317062749, -47.7521553174632, -42.5500892562622, -13.916425406267495}
Generation 12: 11572.0 --- {-1.7209610451743176, -24.953216121151492, -10.337160003724849, -13.276261322866818, -11.795556894983585, 5.679409645094863, 10.15007874524753, -5.6052006616180545, -17.772940336372915, -5.478777990929348, -39.657489547552224, 4.3316359911347, -50.19600849809813, -40.835650294147726, -12.610475621172998}
Generation 13: 17520.0 --- {9.659530807314113, -14.717923361523434, -5.085376474822517, -6.880060046941357, 7.832922127704119, -12.085143980821279, 7.157782510143262, -2.4018356249539528, 0.7555975990449539, 2.0766419098482016, -43.019584943728134, -6.559469357620308, -49.722711676948926, -36.76511436881687, -2.0311853764014476}
Generation 14: 23384.0 --- {6.029101854652012, -17.080518603014845, 0.5697330919136716, -4.586327011318707, -14.754453820166722, -11.395497139010176, 6.339252081506902, -10.20150373386478, -3.4225075041495012, -6.738113135367735, -48.99792459018392, -3.572678935042717, -58.93382814728769, -26.87966596703912, -14.025342772515923}
Generation 15: 15446.0 --- {19.698369000341795, -25.496070491071933, 3.8942567289765844, 1.7725302855749039, -8.210761684603519, -11.061853798764423, 2.1015826946581635, -12.69227997467647, 4.593285383074148, -20.38706848628904, -55.99498836031781, -17.44836907133947, -39.438508091692775, -26.580480583823235, 0.35635969418656543}
Generation 16: 58216.0 --- {6.029101854652012, -17.080518603014845, 0.5697330919136716, -4.586327011318707, -14.754453820166722, -11.395497139010176, 6.339252081506902, -10.20150373386478, -3.4225075041495012, -6.738113135367735, -48.99792459018392, -3.572678935042717, -58.93382814728769, -26.87966596703912, -14.025342772515923}
Generation 17: 21484.0 --- {18.251712889421064, -20.905260471723683, -12.764404576664933, -7.043919407654239, -20.531386869180672, -3.4746530085421563, -6.407080984427413, 0.6322321561778601, 3.1894679101735797, -0.9881751195880941, -66.0527383689532, -14.609224547162913, -55.138161830236314, -36.28922738433943, -18.78187308535033}
Generation 18: 46884.0 --- {25.86659254405694, -25.43407872520841, -10.094034873955325, -2.0645669118972148, -6.403097158003809, 2.0089127733510104, 1.3840708541712572, -7.643716382776835, -18.2736925453881, -10.241769614908911, -68.41930853046027, -13.96972798652643, -56.467206107576985, -41.02893699175186, -4.5523521068684705}
Generation 19: 113205.0 --- {25.86659254405694, -25.43407872520841, -10.094034873955325, -2.0645669118972148, -6.403097158003809, 2.0089127733510104, 1.3840708541712572, -7.643716382776835, -18.2736925453881, -10.241769614908911, -68.41930853046027, -13.96972798652643, -56.467206107576985, -41.02893699175186, -4.5523521068684705}
AVG PERF OVER 50 TRIALS: 41663.22
Generation 20: 80662.0 --- {31.165262500589865, -28.941998484910428, -10.90459410000065, 2.1103663672568214, -2.9789524468952884, -4.6989742822737295, 2.278997287013592, -4.142909594843278, -0.8491237847317463, -8.870225170070775, -59.18643533312144, -17.035261884205408, -53.22747663310538, -35.851032366473376, -23.881603500276135}
Generation 21: 112238.0 --- {25.541804937010852, -22.546847630292746, -6.567521413092351, -2.4503700757704783, -2.6599978520061445, -8.754030316185627, -5.07448299887065, -4.828429019713351, -7.63586466795187, 0.2508004369535195, -59.94706115352073, -17.605407453293058, -57.531968518405506, -29.01474678077267, -27.43887762730178}
Generation 22: 101434.0 --- {22.056396859603005, -18.699152925632774, -2.979490591720573, -3.1854734695147267, -10.014933760287372, -9.486906483322759, 5.325299060503342, -13.269588393806842, -1.8188560409704113, -15.74433019569396, -68.12530849187998, -16.11983974824271, -53.76179528383523, -44.66933933540744, -25.28077418426087}
Generation 23: 51133.0 --- {19.55157589515311, -23.55731109055629, -8.84612781353081, -8.242739867545076, -22.089004801225897, 3.3569882403840374, 11.472913126620405, 4.760621408398447, 4.140391507846999, -7.598335417482233, -58.06281182402772, -32.98113583953849, -55.04006667015968, -44.84903293029931, -11.18766592204458}
Generation 24: 98126.0 --- {22.88579107490875, -22.15068552737933, -10.791863545970447, -11.63123569203977, -17.659851304413444, -12.938607020010329, -6.246596563564253, -9.695878974625469, -1.4002681242497426, -11.033361212476184, -69.76402834159725, -24.856418425412006, -68.51181594984085, -28.475458992659796, -14.641431582103614}
Generation 25: 76289.0 --- {23.713746449429525, -15.699830026514647, -16.832525346000597, -10.59970790321109, -12.222422871175498, -17.57077722851559, -3.321785368225423, -15.920343452827009, -2.1632775154323047, -13.554405951005606, -72.55557011290357, -10.948252276864274, -55.609262683628494, -31.953120981098884, -17.070316844656084}
Generation 26: 94703.0 --- {21.48089998861354, -24.15273999161758, -10.206879405728698, 4.140536866947465, -14.101835912879157, -9.946764392952648, -0.7318737178114345, -17.277794438335683, -4.260746655178078, -10.635174792690158, -83.79999362260816, -12.80031411403058, -62.63830300127048, -28.023947555444582, -15.747984515299496}
Generation 27: 83448.0 --- {28.931497232964173, -20.052290759806336, -16.89268789540966, 3.8255362833559197, -4.909282771913842, -17.50025860836314, 2.605542654072947, -16.6218941768684, -6.212606526650389, -28.836021275876682, -74.57164819130904, 0.27410555774346435, -63.017793701791476, -38.52163666808526, -12.577928409299226}
Generation 28: 107569.0 --- {19.37413943610932, -28.465011022372256, -8.416746302943753, -3.819382599712838, -9.147754291816714, -5.761496177159305, 5.004266073871587, -14.423429417702906, -19.132275014312196, -11.827876127156683, -87.6421235056217, -34.57680246187602, -89.0104596541276, -46.158614707039, -30.198570643270834}
Generation 29: 127673.0 --- {15.08837107990663, -31.31404745232932, -5.271081812516428, -9.853804356389304, -14.633353232764486, -10.620672785441185, 10.438708039098316, -26.49471170951861, -5.509822665091411, -3.7746267218237834, -99.87847521211087, -25.000240578390194, -78.81337377100758, -31.225372053031652, -30.442293019496095}
AVG PERF OVER 50 TRIALS: 32172.86
Generation 30: 87444.0 --- {34.44724535739403, -23.07363029266114, -16.27182263859865, -1.900058216025613, -15.692898905945734, 10.149512032125557, 6.594384503675361, -6.9889381427632, -6.696977259496823, -0.772328276329926, -82.65863710824405, -35.82385896267476, -79.96643559256253, -41.45364717309847, -31.307256869318525}
Generation 31: 97877.0 --- {25.15788734247823, -16.48796131963674, -1.1691821118360224, -29.046923055851913, 2.6898920821939427, -8.928888840576555, 2.4083030939451726, -16.24251611060565, -8.97008133697237, -6.981852903373826, -88.37251116919177, -25.111967847203495, -74.42092812979371, -38.08696366006193, -32.34912006982167}
Generation 32: 326075.0 --- {36.6212558553881, -33.08911767025597, -2.9212146185093983, -2.212563145137267, -10.17080017560777, 7.919554985840801, 13.389761826372137, -11.388123005084566, 3.9395624570320837, 3.5390720887585387, -87.70290814478234, -30.70031663932441, -63.85058390452866, -47.205413696698976, -32.07248479430417}
Generation 33: 78686.0 --- {23.23060872865674, -22.609540979336042, 1.5177658843825572, -27.452885847543826, -10.00178944534061, 4.918384066371074, -0.4303108837034273, -3.009641578254925, -5.959652526648284, -16.083380221419695, -99.59548653298958, -22.833496384286914, -73.80147537809154, -35.761799972359185, -38.65329799848743}
Generation 34: 128507.0 --- {29.78347004610627, -15.444342793287266, 2.6391816266902506, -9.106087519077846, -10.15835995973291, -5.917252708358221, 2.756457796902277, -15.360922799427406, 3.8340363854963346, -8.323875689351409, -87.54357199835206, -27.737787345266636, -61.72672297902991, -37.05726678548222, -42.56474841854999}
Generation 35: 187017.0 --- {37.89446420500137, -30.460305404608114, -8.264201679257932, -5.095827257896074, -16.300426998670613, -12.735542691438855, 4.272304746751681, 3.3909958678518093, -8.804558311795043, -1.7088936883901353, -96.02599354229, -39.87602725323279, -78.96065145266074, -41.74469992896763, -46.05711122917853}
Generation 36: 201817.0 --- {35.69710267586878, -37.89833088653072, -4.091186750238412, -16.12310556176709, -14.448985500641559, -15.945038297112545, -2.5285187537840104, -6.943624267624395, -11.334861078485888, -19.975461111345517, -100.41306430943884, -34.101259613883165, -79.40362622674074, -30.724896729961973, -29.64777396518223}
Generation 37: 188896.0 --- {35.14824889957662, -35.36936673788647, 8.51776461157791, -17.995723843382017, -4.25300147188573, -8.791037731378086, 12.059016100067751, -4.393657464764882, -13.673601175870479, -3.5024562686405307, -94.23668925515925, -25.40743289147984, -48.881108613341375, -28.82125680181835, -29.90206176682656}
Generation 38: 172442.0 --- {32.95792522842756, -35.63905621499871, -15.070073487117984, -0.9454259198018011, -17.4828671525462, -19.82788157223793, 1.880039675537203, -15.777797148123483, -7.047942243243352, -10.573688996822206, -105.02962297813386, -12.641639926757682, -78.70942456107086, -56.893045998736596, -24.041351497379214}
Generation 39: 230481.0 --- {37.282283233247604, -29.8261035693929, 3.4178355611849263, 0.920960800096287, -2.487628717612621, -12.87515858848829, 0.01706504347671345, -3.8964050700457076, -4.623908197492566, -2.897654551952918, -112.065166700561, -29.983198148871463, -67.08952557877205, -45.1705954781386, -27.7387998017939}
AVG PERF OVER 50 TRIALS: 53780.94
Generation 40: 237014.0 --- {51.386466674293196, -40.590486520325626, -12.377234712693475, 6.423651425472257, -7.733739674109962, -19.683784602726696, 12.06751180645141, -7.696162750167249, -13.675272740679414, -4.663869695798883, -120.31166203011733, -28.556340927347197, -74.53827306797442, -33.930389323585594, -43.17790179939517}
Generation 41: 586175.0 --- {36.636750805897, -37.97754589336546, -3.9289959529507232, -5.865515567555931, -13.980859576572648, -7.093556791219, 10.271485085566416, -8.574446459213174, -16.20352444155884, -12.054453838444513, -118.94890154447127, -24.848391026303467, -67.94514839769406, -53.71524459235341, -41.02501583018122}
