TETRIS-H20-W10. Noise: (50.0, -0.1)
Generation 1: 34.0 --- {-6.781661691125164, -3.267156957281113, -5.716942309705155, 12.76394454003004, -16.587136984786063, -0.5547382052334742, -5.501996456731826, -2.0322450170928517, -4.422630964728381, 19.83074246013296, -13.102452250401713, -4.806907638643974, 2.238220472456225, -14.79995337656793, -15.623549138572308}
Generation 2: 111.0 --- {15.936432818280286, -7.491807279567745, 3.963828128771431, 4.484936586019421, -6.671568841396516, 4.999023043115134, -16.254345274895908, 0.42328572346422977, -8.820682048460853, -3.746036178622293, -26.615894994333956, -0.419069063015292, -8.810089790971466, -11.483544680594505, -14.131451847998843}
Generation 3: 1274.0 --- {13.749511794041439, -5.0796577621696715, -4.248081741141501, 7.462105737417339, 0.09232427729027481, -7.500274839854833, -6.455365593391894, -4.794135480409235, -10.8085867032381, 3.827477640382525, -20.071003077941192, -16.766552919325477, -28.243646452669477, -5.954661206948583, -6.623931106887282}
Generation 4: 2568.0 --- {13.749511794041439, -5.0796577621696715, -4.248081741141501, 7.462105737417339, 0.09232427729027481, -7.500274839854833, -6.455365593391894, -4.794135480409235, -10.8085867032381, 3.827477640382525, -20.071003077941192, -16.766552919325477, -28.243646452669477, -5.954661206948583, -6.623931106887282}
Generation 5: 5535.0 --- {13.749511794041439, -5.0796577621696715, -4.248081741141501, 7.462105737417339, 0.09232427729027481, -7.500274839854833, -6.455365593391894, -4.794135480409235, -10.8085867032381, 3.827477640382525, -20.071003077941192, -16.766552919325477, -28.243646452669477, -5.954661206948583, -6.623931106887282}
Generation 6: 5094.0 --- {13.749511794041439, -5.0796577621696715, -4.248081741141501, 7.462105737417339, 0.09232427729027481, -7.500274839854833, -6.455365593391894, -4.794135480409235, -10.8085867032381, 3.827477640382525, -20.071003077941192, -16.766552919325477, -28.243646452669477, -5.954661206948583, -6.623931106887282}
Generation 7: 8448.0 --- {13.749511794041439, -5.0796577621696715, -4.248081741141501, 7.462105737417339, 0.09232427729027481, -7.500274839854833, -6.455365593391894, -4.794135480409235, -10.8085867032381, 3.827477640382525, -20.071003077941192, -16.766552919325477, -28.243646452669477, -5.954661206948583, -6.623931106887282}
Generation 8: 25843.0 --- {7.385944992165623, 1.5725131247862087, -5.610852657115011, -12.755172964113989, 3.1118112573239847, -9.090951518356842, -5.826226940893102, -3.27149380559504, -13.82972729986649, -8.988891822318012, -40.474673232290826, -13.168161639219711, -36.78838261155416, -24.41988025268357, -6.821653557734777}
Generation 9: 24164.0 --- {19.404852448650637, -12.013451170141963, -1.9309538164451614, -2.597452167261259, -0.34070102565695826, -2.9335495787329426, -4.355114298403079, -5.909535184574846, -16.799779225199682, -5.628745475910911, -34.91054292597756, -2.417561779801783, -50.632416094131926, -21.06903779816525, -11.080671294877927}
AVG PERF OVER 50 TRIALS: 8687.7
Generation 10: 27941.0 --- {14.094790116950263, -11.720616006870037, -6.856085662102438, -12.65238303053622, -7.455668615644909, -12.992707575309417, -11.63591441169587, -11.631224751604272, -1.062490071198809, -0.30333838615671027, -38.08750377428507, -7.927429529837431, -37.47860396332766, -18.073822071817826, -7.318916421010837}
Generation 11: 44830.0 --- {10.814235879375813, -12.899925904628077, -2.9785863340691647, -2.96243871657646, 2.2327153966607507, -12.893782256976777, -8.532370958539248, -16.592889594779024, -10.953135145766787, -9.336242636477095, -40.285162353268454, -9.118280563467138, -42.487754249307756, -23.574560954021074, 1.2535786916092473}
Generation 12: 23165.0 --- {16.641061167787665, -15.918016648717117, -2.769310860936802, -4.2093875211946195, -17.91557450143646, 0.17913106626364872, -7.35285424328143, -10.18554931453702, -18.54497347572936, -1.9008202864286323, -43.067408576226896, -3.8654809415046074, -49.829177389260366, -22.178946017758673, -11.993987949424401}
Generation 13: 46769.0 --- {19.12293615314747, -27.99863241857077, -18.772669570829983, 4.9817585196089285, -17.438694504556178, -6.418112305212278, -1.7701296597412224, -12.187158140358939, -5.295899944465257, 3.7283461622741267, -54.45061345358724, -1.1006115344557656, -46.38038372012227, -26.202937042632914, -9.578564989950566}
Generation 14: 25274.0 --- {9.961240188685967, -17.161973736559844, -7.591397333770804, -3.2770011800772596, -4.335086641089319, -11.28838312778484, -1.4796026112620702, -2.7944812562940022, -9.796430631622687, -3.8979239814772892, -52.35654518784026, 1.969828598601957, -61.68662235673022, -24.924372732334692, -7.991821722108856}
Generation 15: 26859.0 --- {5.497045395617775, -21.156353033291218, -4.356623117497762, -12.4872429966311, -17.633193206181943, -9.712821367126004, 4.350058941812732, -17.060039090105548, -8.040805863482932, 1.1655728275125874, -46.146444388328895, -19.839237885231363, -46.47538324166131, -14.634313385559762, -6.106358600798418}
Generation 16: 26525.0 --- {10.360111280000813, -7.0316835272130636, -18.15257600536095, 8.747625740503036, -9.562613539217388, -6.841537792895483, -18.611050327752583, -21.196074619579456, -18.713188915793666, -14.97498675788597, -51.93068942433683, -6.087998152307785, -69.78453510340223, -20.121358063632574, -21.53653451104649}
Generation 17: 50249.0 --- {16.590732817105298, -13.643384383377871, -15.35950024385863, 0.9910081582067534, 0.478726680861814, -15.866703073678524, 1.1095912180128291, -18.972822263932944, -2.437973198446503, -14.017005912633756, -71.82718167893958, -11.854827597786644, -64.75511166661853, -31.06340198450759, -21.808285953619553}
Generation 18: 94357.0 --- {16.590732817105298, -13.643384383377871, -15.35950024385863, 0.9910081582067534, 0.478726680861814, -15.866703073678524, 1.1095912180128291, -18.972822263932944, -2.437973198446503, -14.017005912633756, -71.82718167893958, -11.854827597786644, -64.75511166661853, -31.06340198450759, -21.808285953619553}
Generation 19: 45296.0 --- {15.879387479641736, -27.913489563036364, 2.914508257781989, -13.550410604412846, -14.172641924636357, 1.9721832572711024, 3.400505125742426, -14.260313997531185, -27.742989070648434, -18.0257132329361, -62.77858429375517, -19.74266470915766, -65.43642172600542, -31.579047704503445, -11.319983261351094}
AVG PERF OVER 50 TRIALS: 29771.94
Generation 20: 121310.0 --- {26.68677943309058, -14.781021501127581, -5.3517170651979145, -15.950421687822463, -2.445100124985327, -7.624826663684553, -14.860856086873325, -11.941182062339507, -6.233225449125437, -11.62530768076044, -73.81952271301854, -15.550241175145118, -60.21525998999959, -32.16145499007435, -26.88259296218243}
