TETRIS-H20-W10. Noise: (50.0, -0.1)
Generation 1: 253.0 --- {3.3010474017886366, -13.701531312241286, 1.500278757609301, -10.180731711402471, -2.8994163485676943, 3.6324995595751375, -0.004659046121776903, -0.7323016790306923, -18.352862477466235, 2.1970646605594806, -17.847004612069885, -9.466077195097663, -1.7141740175172626, -16.832512788281115, 7.872509430554102}
Generation 2: 125.0 --- {-3.542492130202291, -6.526816352788239, -21.813017102399623, 7.962786170537033, -8.218140871552837, 7.1403475685876, -6.703900230710332, -16.581416124725646, 13.32922718392299, -2.409974421662099, 3.1326261411124126, -25.644372756016416, -16.383000778448285, -11.698587197370449, 0.7275773058619774}
Generation 3: 483.0 --- {-5.9297256829631095, -32.11597315647957, -6.534953895575644, -12.358290344758988, -23.27157591154822, 1.5539743513137427, 6.2467800519660805, -8.364195807609187, -24.910038924569246, -5.732013038425164, -15.137464407186673, -24.473192923826577, -15.019437560794186, -26.391488849690155, 10.5071341009727}
Generation 4: 1746.0 --- {22.66766550431693, -14.811300099565669, -6.082647326261824, -11.469773247180532, 5.301019949703987, 15.83135606085735, -0.9705323962695203, 6.144048891282234, -4.341287514594619, -6.052692059752009, -37.471204997714764, -15.29274823332291, -26.276376789659345, -33.53166459309091, -5.382823621096204}
Generation 5: 2969.0 --- {22.66766550431693, -14.811300099565669, -6.082647326261824, -11.469773247180532, 5.301019949703987, 15.83135606085735, -0.9705323962695203, 6.144048891282234, -4.341287514594619, -6.052692059752009, -37.471204997714764, -15.29274823332291, -26.276376789659345, -33.53166459309091, -5.382823621096204}
Generation 6: 9047.0 --- {22.66766550431693, -14.811300099565669, -6.082647326261824, -11.469773247180532, 5.301019949703987, 15.83135606085735, -0.9705323962695203, 6.144048891282234, -4.341287514594619, -6.052692059752009, -37.471204997714764, -15.29274823332291, -26.276376789659345, -33.53166459309091, -5.382823621096204}
Generation 7: 24112.0 --- {21.100549595577686, -24.741426381361148, -6.442373774771155, -8.183495691409219, 6.4075092098149495, -1.615547107267206, -9.78711795749557, 2.697381336350379, -2.7504110872829974, 1.345718521654291, -40.75286918582758, -30.12060978762287, -48.72249281661817, -30.062598109623483, -13.828703333621359}
Generation 8: 19595.0 --- {23.583510004241607, -20.342022558933525, -14.55084605633297, -7.98621835745319, 0.20382875140468748, 12.699117915164367, 1.455527151328241, -5.1894993094260435, 5.576539947291174, -10.017219674509288, -42.89062281952346, -20.55923642309599, -32.727281365286615, -42.743117551887664, -8.195306537876696}
Generation 9: 15568.0 --- {25.542953789618927, -19.96974164533723, -4.194385329040068, -9.405298712779445, -0.7146989828594359, -0.3689855570838052, 4.869257727878675, -9.103621063436837, 6.907939510054023, -15.97500354693582, -48.6377823230456, -10.63571226781643, -60.718149453556734, -34.5145338765732, -14.111433604349564}
AVG PERF OVER 50 TRIALS: 10520.08
Generation 10: 31166.0 --- {20.86140571164115, -17.300703110509275, -14.001179934288157, -16.244157005761565, -6.658821495108288, 0.9288045435246834, 0.6491533036135426, -13.58838758271334, -0.6050431702553625, -4.0288092197145975, -47.49512763626047, -22.86694922828628, -41.73401094578196, -32.762106496083874, -6.465129841020735}
Generation 11: 29250.0 --- {15.851442492799425, -26.364776047212224, 1.5590051729358247, -5.287426941690326, 15.818934357176138, 2.0573668872287945, 1.4707620899318932, -6.524551960066332, -17.073705423678213, 4.763553005606156, -68.99305498537778, -34.52896330201944, -68.61769536321128, -43.01160237641795, -16.355472026968442}
