TETRIS-H20-W10. Noise: (50.0, -0.1)
Generation 1: 42.0 --- {8.828113526838706, -9.783169098005343, 5.262825889432573, -6.261279430098488, 0.36079049285898107, -3.8423044487166154, -9.05770068936391, -6.960950368589145, -2.2475506446789617, 5.748005512524308, -13.138360845474942, -0.3989684412380834, -10.698700978208564, -5.366726996191002, -13.477764091880108}
Generation 2: 266.0 --- {-0.6610254669461231, -8.124750973094837, -9.8845363576742, -14.50623703209265, -6.470982373930062, 8.809120323958759, 5.699797891794509, -1.9298861868958332, -3.241668641175882, -1.9438314343985437, -10.32433139870684, -3.054126843831819, -20.292252261517078, -23.42866838355399, 6.253684008721152}
Generation 3: 251.0 --- {15.107697928139977, -5.7287366235310815, 9.619598825157139, -20.42021400434795, 9.467895089220468, -15.412420070659898, -1.8313455356099422, -4.572767670357189, -12.22908291072908, 8.448175852606246, -26.4060962515626, -14.28590009894154, -25.71640526494103, -19.087539001057596, -33.990846326103686}
Generation 4: 1243.0 --- {14.933607206742428, -18.623305974307637, -4.604411694702963, -8.760414476999866, -2.5263321122450115, 12.319681763670367, 0.7489785878927925, 16.568252709907256, 1.0269754542284466, 14.96707404957348, -16.62196521639987, -9.809244915743436, -24.702354410113152, -42.06008327075335, -13.25709431189524}
Generation 5: 1499.0 --- {8.761772981844743, -17.26569380813968, 6.5710432768031755, -15.113890165312968, 7.2173187622529635, 8.267278667317719, 18.36528423437702, 6.173481204141532, 1.271003659976107, -10.682173966257977, -12.070749159353365, -17.25854210779116, -19.062006083638277, -27.17806920192337, -7.867198621566532}
Generation 6: 1525.0 --- {11.513154251734829, -21.84725999559816, -6.495146426653405, -16.506101662060914, -21.486614638999164, 22.611495949158545, 2.7450719904357017, 6.304654195034994, -4.934856348632862, -0.067122441319039, -22.222246622755836, -9.136449260417564, -37.884820463355936, -42.25480913391648, -1.1931569690085393}
Generation 7: 9621.0 --- {4.365746680855355, -8.675569222679956, -17.34295376064113, -7.386091118805621, -5.066757041564855, 4.732572677750968, -0.44494743240107315, 4.936014992182434, 3.1819873618920056, -26.920037569463478, -46.158687287991434, -13.61972585777092, -29.901230138180598, -41.75651685603911, -8.71346649406005}
Generation 8: 10289.0 --- {-3.3091897338171368, -6.827361979459921, -7.960651963985225, -15.429612207567477, 12.861257971544887, 6.959730651429058, 12.077865172197225, 1.2768341344656147, 1.795855971094361, 3.7431177420881134, -38.12298306103504, -6.945177144320608, -43.06741130386633, -39.18355010825091, -15.953649678950246}
Generation 9: 6824.0 --- {16.196144997770894, -17.627459183604614, -14.01872076657543, 0.7755060961257545, 11.087330919957841, 11.075429049710115, 1.246277800979767, -3.2399281579454176, -3.338491887743463, -0.10924208676674407, -47.134500621367316, -18.715440541134, -55.40795587894824, -39.390043159163945, -19.034759233931204}
AVG PERF OVER 50 TRIALS: 5163.92
Generation 10: 11766.0 --- {16.196144997770894, -17.627459183604614, -14.01872076657543, 0.7755060961257545, 11.087330919957841, 11.075429049710115, 1.246277800979767, -3.2399281579454176, -3.338491887743463, -0.10924208676674407, -47.134500621367316, -18.715440541134, -55.40795587894824, -39.390043159163945, -19.034759233931204}
Generation 11: 12737.0 --- {18.465012383104067, -4.072817536941999, -13.762148298751915, -15.940525533763237, 8.135439343317111, 15.345416458004943, 7.602123115207235, -5.257484069343239, 0.6634476951158756, -5.910582062147299, -33.16222350372345, -40.16636338541026, -55.42510867795246, -37.66997325904206, -13.035336529273097}
Generation 12: 16914.0 --- {25.545973884233128, -4.60063638750443, -14.139142509192526, -0.12169890923357585, 1.5786224847763188, 13.781965932063901, -8.581202596256627, -0.7890563317853858, 8.089828750483818, 10.882960193276219, -32.50478362669718, -32.50785791973181, -60.999435747915015, -37.2816446753809, -19.830832004625464}
Generation 13: 23934.0 --- {37.16238817395445, -14.686085469197387, -13.468906725374477, -1.9630291430037534, -4.616145028997694, 1.084690902762249, -1.206063375843295, 1.400214455988096, -3.115839986636828, -6.8318848280460855, -42.796454919632076, -20.868938666060135, -51.6833692320573, -45.353984489827255, -20.116164658159263}
Generation 14: 24582.0 --- {25.693944601768322, -15.082014971187238, -9.98166772175414, -5.965364305138422, -10.764219495255375, 20.177483362978037, -1.5710187758303156, -8.152216864667297, 12.782386593999295, -7.5337471175561355, -55.159709065040595, -33.11146056572071, -60.704537449225, -51.02549325320789, -2.763994367161561}
Generation 15: 38722.0 --- {24.36022288777394, -28.15774164634529, -2.4907060962628584, -17.788935649246298, -3.6985689659222656, 4.199807236575156, -0.46085424861866997, -0.019928517541622837, 5.146456603092462, -9.778699960874901, -65.73144138300076, -17.872341683852536, -44.87057080558975, -36.45188098729193, -5.8260513628208965}
