TETRIS-H20-W10. Noise: (50.0, -0.1)
Generation 1: 7.0 --- {-11.648681868081907, -13.353697786337541, -8.473202827807619, -3.9047494540931096, -8.69604140279005, 4.516326239855926, -11.422397301300283, 1.4775751190849453, 2.364643679249314, 8.19701487530817, 4.695127343389258, -4.0104614272385035, 12.018933727436739, -21.002880874610366, -4.855260425540167}
Generation 2: 1294.0 --- {0.3750838287658733, -9.227841295109352, -1.9642231832711003, -12.330729874244007, -5.867536315532131, 15.223364484389366, -2.3063187847245996, -6.23533768835952, 5.022598344049481, 6.479985547084306, -1.6281944880209636, -4.387756237577879, -33.89403207495215, -25.692510048095052, -2.523561600727208}
Generation 3: 93.0 --- {-8.75631337708318, -19.273492254623314, 17.294176218289596, -28.41127257137778, 1.7084042239789916, 8.536027917022054, -11.54936551771403, -9.15577637983614, -2.861711720417163, -9.482968965259827, -18.901670694936865, 9.951847897338464, -12.172993980159337, -20.61673023670808, -4.561266453296256}
Generation 4: 1032.0 --- {-13.727564982907914, -8.257694360357492, 0.5059046090513899, -5.7443497515116935, -9.38541160012243, -5.26106149578359, -3.6768217232345264, -17.704069128956267, 16.5472315889343, 14.938963789372801, -22.986351033585933, 3.808331284390311, -42.32741657537143, -34.28669598668853, -1.7079335025586144}
Generation 5: 1797.0 --- {1.890155322853933, -12.61304351392581, -21.347365380979305, -19.43763075892383, -11.0755618729725, 20.25489223596024, -7.820090289957875, -10.180126360113436, 6.21994690321122, -2.1266612195789807, -18.111632886606206, -1.6189878053662774, -39.60323794279208, -31.90995437950422, -2.610912964587381}
Generation 6: 1450.0 --- {-6.476403698963973, -4.118556474101748, -27.82339935696428, -19.201693557635508, -12.288189139439565, -2.1753023274852943, -14.094413117509479, -25.07340516934793, -7.1882786586287315, -2.85806723229717, -19.057181379481904, 7.5409369002223645, -39.28083959426267, -25.22952385879659, -13.896155896725173}
Generation 7: 5028.0 --- {4.806639659694421, -20.777765518154183, -15.307745358840378, -9.531959856490445, -7.027196712577544, 4.1486736268213615, 5.308975984659766, -0.5010322395109181, 13.001256875233814, -4.868925012492104, -22.530828256716305, -7.009241293800701, -39.463772140912695, -34.01932521577168, -8.204804013451074}
Generation 8: 8445.0 --- {6.821656416966853, -12.000622690899204, -28.40977435596112, -2.0040978475969293, -4.582649864902303, 0.987130973912036, 2.553957335030069, -0.9166519344145545, 6.284269377529157, 13.155718110271009, -24.482518959824322, -16.80105113460192, -29.44482311455824, -31.21293493875602, -11.56441158398578}
Generation 9: 4201.0 --- {-3.621873774049102, -28.459110100025352, -5.607955195456778, -15.081139342856563, 0.8352927979198466, -3.22545160881712, 2.504630066634004, -6.3852701174902435, -0.845331310882306, -0.3594626408936472, -37.92225500865226, -17.88335501179556, -37.86675381759565, -34.96254339305183, 6.271152867430827}
AVG PERF OVER 50 TRIALS: 4028.38
Generation 10: 7975.0 --- {7.5135697202471095, -14.844868502635972, -15.88091179711136, -4.49386048263627, -4.936164485698393, 10.789015253399189, -3.3558161670555373, 1.169433119066725, 10.356282232209825, -7.309788657973581, -59.01138239341468, -16.698936643468798, -35.1881887161163, -24.200453069826445, -14.364630878396285}
Generation 11: 19289.0 --- {13.088363938569723, -1.1236822324388687, -4.382206344821784, -16.81046840862104, 2.117662042332511, -4.264775665989712, 3.9114522235067635, -2.802089157903377, 12.443408006683725, 4.044400989642712, -54.783968926710024, -19.480280014245615, -34.29475707121017, -28.80428834792933, -22.793049028743685}
Generation 12: 21796.0 --- {2.7170050239946155, -6.594530719296173, -16.936087759631068, -8.85141896311992, -6.390999019393791, 10.873940310988628, 5.07216253036893, -8.199967738857637, -1.1138600110160597, -2.8207676933635013, -47.255574655634874, -13.58756851081191, -44.12997490817139, -28.450144548697608, -9.754907861032239}
Generation 13: 41824.0 --- {13.069508496099576, -12.303858903383126, -18.740002245955612, -12.70186852827787, 8.089262230481776, -5.4798256369873375, -9.069491416573253, -12.877572296111023, -10.725056457026188, 1.7897294348225812, -60.65522345771994, -8.258880422076068, -47.265826843386115, -29.939602413237463, -14.819387733431597}
Generation 14: 47136.0 --- {14.019322898184713, -12.102880989248515, -3.0393468048882752, -19.148868684553644, 8.498331735450513, -3.3175861645871234, 3.5754921277375393, 2.4764227009148474, -13.229683306486335, -4.159151464327041, -52.674317002455666, -21.10593230033266, -52.26809535748389, -30.186092095172874, -19.454916590409134}
Generation 15: 43409.0 --- {17.770894176751746, -7.107232147744449, -21.900283191432564, -3.0888334142953684, 0.044030157408770365, -3.2171519960154358, -9.233522551427665, -18.16309085648466, 1.3906192879073824, 0.8015042875375373, -59.510064915813665, -29.741413551140212, -53.94620244082279, -23.11760993945254, -21.601403339059196}
