TETRIS-H20-W10. Noise: (50.0, -0.1)
Generation 1: 8.0 --- {-1.7605133569675937, 2.344394695327804, -5.202294766837019, -2.0930119162754686, -9.614822826362264, -9.55766417173937, 7.803567300890878, -4.621387422990015, 15.265132812396246, -0.6270692882637025, -13.139016754254293, -13.237990401405524, 2.1773818771108013, 4.085427381736446, 4.115785410705676}
Generation 2: 111.0 --- {-12.974242267194356, -14.434009074165644, -10.205196917187358, -19.832655913466198, -2.992832122927121, 0.5807099462337515, -0.6286494433209944, -6.162570863247798, -8.109071824502678, -19.738770734006614, -11.327420455225463, -0.006407381039374993, -6.842813071392856, -2.1794209590545703, -4.655919284283632}
Generation 3: 726.0 --- {-10.393523040280703, -4.069631904764417, -2.8548929061184993, -11.592459587418801, -6.22308819716651, -0.4540967556604395, 0.05462827218715027, 0.5846969868384218, 0.3594404461931826, -4.680209498160447, -27.138517464126505, 2.9387822098120076, -13.425252183898095, -22.979036724187477, -14.397595220967876}
Generation 4: 4557.0 --- {-1.1349797814840283, -9.95901757766805, -7.19639388297038, -10.563400038229846, -5.769195876076225, 1.7349047742745536, 5.847601887350982, -0.838859492448699, -8.306197345493404, -4.0634515500568, -33.98013071371016, -15.230896355972071, -6.842062809491927, -8.16454210262576, -7.793005406847297}
Generation 5: 2950.0 --- {7.55507169389363, -15.183110808172552, 5.720218723243213, -14.767309147027648, 0.07320530760518373, -4.315469079036926, -6.186933101601415, 6.090358527090173, -6.792942790195859, 12.243469939161345, -34.84906460514978, -28.346899911909922, -30.914984990524086, -16.560003013680774, -16.401700014371205}
Generation 6: 3858.0 --- {6.156605088365064, -16.809201939574233, -14.108967190233066, -23.855284760853948, -9.495716784904667, 6.230856620742584, 3.2978967638959116, 7.440244114229307, -2.5876811179280486, -1.0767191241993943, -44.96122998800848, -20.768355282137012, -34.44643245233482, -21.556797823957943, -7.500587007438995}
Generation 7: 4433.0 --- {7.5299211949811395, -5.047655248480082, -6.058163884741685, -23.274064127456413, -11.421514692538656, 5.8304888219066315, -1.5560345223742482, -30.57397543624508, -6.735392903286641, -17.376650073989108, -55.45889580813194, -21.066217294981996, -38.26798788555821, -35.40620734940567, -23.142446874382333}
Generation 8: 8672.0 --- {15.140362750516445, -16.956964032282553, 1.5214104061562184, -9.088764783358315, 0.17513554894686045, 6.284757699282101, -0.3245913188699583, -18.59926308593455, -2.109085365010242, -6.842850148610717, -28.67029375989824, -17.230955583000235, -38.632278149307325, -19.8046223414827, -24.36063506343585}
Generation 9: 32719.0 --- {14.43957864999495, -23.549778104661407, -10.660384926896908, -14.663995160149632, 9.294532525293908, -4.544395938664691, -2.329175183401008, -1.0766541506081078, -14.040933942372307, 3.2063280654579995, -42.76300844785349, -16.467928306795333, -36.990044157166935, -16.960560270511607, -18.804311366731298}
AVG PERF OVER 50 TRIALS: 8217.56
Generation 10: 19679.0 --- {20.718998262543078, -23.85826555648797, 0.012868479985631565, -35.89972894059995, 14.175088348003852, -6.049368427968729, 4.837687028556172, -14.566910663883757, -14.151163244795956, -5.603280834506517, -53.46642966812692, -28.990889912987413, -43.74041791908053, -18.525920923942618, -12.116979403555867}
Generation 11: 60175.0 --- {19.99019791662245, -21.147968036498497, 5.311669933090455, -15.522462746077188, 0.6213785607131235, -1.7194271239036585, -7.507897289749321, -19.08962069736971, -10.594422694457384, -13.027793786674138, -55.273821686033706, -31.821964971171866, -39.50643490775137, -16.73271509111421, -13.366898684830169}
Generation 12: 206178.0 --- {26.13335408134245, -17.775432831297422, 0.2370781316017232, -13.068325586729127, 12.924784943375892, -12.271864705161033, 2.2202583705872123, -6.582937111297979, -13.224090045051126, -5.51739010776123, -73.32741008505204, -21.09758565682434, -35.33661558023487, -25.819127620326576, -9.818545372739344}
Generation 13: 91461.0 --- {14.208299474568305, -23.052044749444892, -1.9216747121800517, -22.30979444012623, 12.737372909963987, -7.028418142967322, 11.20265440035768, -3.196925990655587, -14.463061021184267, -11.073771692148375, -69.4224469730888, -11.62325390718009, -43.85244483351915, -32.57625165532729, -13.548360258962557}
Generation 14: 92326.0 --- {14.208299474568305, -23.052044749444892, -1.9216747121800517, -22.30979444012623, 12.737372909963987, -7.028418142967322, 11.20265440035768, -3.196925990655587, -14.463061021184267, -11.073771692148375, -69.4224469730888, -11.62325390718009, -43.85244483351915, -32.57625165532729, -13.548360258962557}
Generation 15: 80646.0 --- {23.00964043628379, -16.481153104203354, -3.8097037755410934, -0.1559455945004551, -4.27621545156906, -14.158640663968207, -2.4907958489162056, -23.378975551539824, -5.067114494071242, -14.825314425080318, -74.90048756929184, -23.602827113221256, -31.965471166348717, -16.233647787455126, -5.079688291076481}
