TETRIS-H20-W10. Noise: (50.0, -0.1)
Generation 1: 7.0 --- {-9.606865186315346, 6.107208430833393, -5.862416839309928, -3.2674186096801083, 5.953617314505413, -17.957153816656945, -1.029154139259945, -12.378818404867788, -16.38031724995727, -4.133272536497642, -10.211441136261698, 7.197980527333786, 7.797827013257273, -17.87320201916109, 10.747746409478856}
Generation 2: 26.0 --- {-0.20469873373398473, -8.648501912095071, -5.7415628643397225, -8.107638012218406, 3.1444626402865037, -12.71080804195989, -16.43370356631735, -23.674104190192715, -22.261982801457556, -13.564254784812292, -10.12642015243322, 0.9632474602496632, -3.3263226837356106, -5.887189429535231, -23.620343662833676}
Generation 3: 192.0 --- {-18.43294827252431, -2.354145585406929, 15.704891626944582, -25.41019352375725, -11.328435218479312, 3.5707589363650225, -6.39607353146452, -17.141132296842784, -4.403108186606002, -6.664305147756449, -10.855900617877223, -31.10194770750789, -16.092260839560073, -16.070172245466708, -28.398336057435284}
Generation 4: 232.0 --- {8.372669994527747, -34.356915224720375, 0.4297250070955141, -5.107034132582971, -13.337462285038765, 15.579651215037368, -31.799099451162448, -4.38733158076, -16.226088787029475, 5.9779692484908775, -22.46011512582905, -24.637662114729594, -27.17203735819646, -14.792910229840082, -33.74365372164636}
Generation 5: 355.0 --- {4.622548745287428, -10.701241697081649, -8.279872913776565, -3.9505520413699386, -4.607631407881337, -2.109553886308293, -19.249985141873005, -3.0401499849043967, -19.011336236055982, -12.12854885123734, -15.443327443476873, -10.498378600183866, -17.896123823872966, -1.2941455324751914, -7.450784471315622}
Generation 6: 355.0 --- {-2.374327273745908, -26.204047648335138, -3.706749854682017, -20.007030065895847, -11.2734169710382, 4.053379598049427, 13.917507689987715, -5.2207403444122615, -12.35300166099126, -27.67407562570139, -37.89333659068156, -10.135699954674088, -7.684690031104193, -28.94403422147301, -10.360239474654133}
Generation 7: 727.0 --- {21.324047999114175, -35.343386303560386, -15.37896984451543, -14.352980474641857, -9.182988356595903, 0.2306763881625411, -26.793592744889075, -15.784336485176887, -28.60393393554284, -2.8257455248381103, -26.62499711871375, -18.737978492989697, -42.94121330241866, -23.58032180947926, -15.801214913345287}
Generation 8: 3049.0 --- {-1.5298189892892085, -41.44957158033758, -18.6260693226971, -22.464149855494462, -20.279027351971543, 4.315282696000172, 5.679820781766011, -5.724504000099341, -16.74593784168451, -16.754180497166928, -38.45778456744161, -9.280986659495218, -29.396187255867662, -22.35744830354588, -18.10810292771673}
Generation 9: 6106.0 --- {21.72438234424645, -34.860722200559906, -7.781411031356604, -12.324123474882875, -9.41865201521076, -14.184790957820322, -7.282524560838164, -15.054024703996754, -11.939102815077517, -22.15206221877164, -39.590069837706935, -18.358008898338703, -36.7882397006463, -26.859423826411632, -1.7181311984338912}
