TETRIS-H20-W10. Noise: (50.0, -0.1)
Generation 1: 20.0 --- {6.889294840381687, -0.691850383386458, -7.526478917141407, -11.9213934738051, -13.396138920909097, -9.943619272786403, -8.269849295069754, -1.2943427806685421, -5.958010150127857, 7.112732757575778, -13.397532627015554, 10.595409320554792, -13.335725696988918, -7.889493229663831, 4.922771550257943}
Generation 2: 557.0 --- {15.488392931230976, -8.844651960198169, -12.854900879158356, -12.129746404261674, -7.916303870581666, -9.762510081142981, -28.38716640140193, -6.708860783158078, -2.175295081527147, -3.0655462321776596, -14.039803603698289, -12.70644507596888, -15.789998731715253, -3.035389124897157, -1.8456338674853625}
Generation 3: 474.0 --- {2.6475038149811425, -12.15711884524686, -2.1993276307192495, -14.463384529145761, 0.5329756425595324, -16.07995191592763, -24.55447388989353, -14.891030940167468, -15.959504095354879, -1.086738028404421, -24.715923733072756, -20.756851258894205, -24.53897574634408, 5.04501947873557, -5.657378594182534}
Generation 4: 745.0 --- {-1.7351764481279206, -2.279034865832381, -9.339454880637051, -19.377715298170294, -13.792815543296658, -1.1954940586038887, -17.868176716583648, -19.26034151193248, -17.361834945880847, 6.596254757944842, -37.49457854165968, 1.2845706977092348, -18.011710790056586, -20.419236632426582, -1.2129009310195813}
Generation 5: 513.0 --- {9.598648298238901, -9.66020888417951, -14.710532125810442, -9.03635311069379, -13.328352216532641, -10.198315810312142, -3.2149276805843634, -11.10927941416828, -2.5696924621335135, -7.090513120472345, -36.79505447643925, -11.266491209956849, -17.399727578468937, -11.62157014106635, -3.3474827593564327}
Generation 6: 4048.0 --- {3.298294866780374, -8.390867003655892, 1.895261300622197, -19.677968936386886, -4.888451622160115, 4.084419301448156, -1.4647546087719476, -17.46658961260495, -1.6569508897467244, -7.8723353860599, -46.65239644160176, -15.497557307755631, -25.965061046469213, -14.041852858406363, -14.909660559010575}
Generation 7: 2025.0 --- {10.551090729752774, -15.10149836401662, -9.07480019903464, -9.324130047608172, -20.74574300937509, -9.921769138721874, -7.336946015725197, -13.688268188768758, -4.247190435109099, 5.238494878121489, -37.02425223580498, -5.24461958473734, -28.774191280276103, -13.773355577504411, -2.259583310551425}
Generation 8: 19438.0 --- {3.298294866780374, -8.390867003655892, 1.895261300622197, -19.677968936386886, -4.888451622160115, 4.084419301448156, -1.4647546087719476, -17.46658961260495, -1.6569508897467244, -7.8723353860599, -46.65239644160176, -15.497557307755631, -25.965061046469213, -14.041852858406363, -14.909660559010575}
Generation 9: 13756.0 --- {-1.4531406107777238, -15.703190869998641, -9.61449399126138, -11.722817504469099, -7.703364117965034, -5.404565289913965, 1.9158213182495598, -12.011543586268035, 0.5743730923993553, -27.3827895373158, -66.50780542839593, -2.9677049947022898, -24.51694461096863, -20.595437657508214, -7.02175376523642}
AVG PERF OVER 50 TRIALS: 10859.96
Generation 10: 21959.0 --- {-1.4531406107777238, -15.703190869998641, -9.61449399126138, -11.722817504469099, -7.703364117965034, -5.404565289913965, 1.9158213182495598, -12.011543586268035, 0.5743730923993553, -27.3827895373158, -66.50780542839593, -2.9677049947022898, -24.51694461096863, -20.595437657508214, -7.02175376523642}
Generation 11: 8690.0 --- {2.319435000806503, -16.461586051673486, 0.7641491477921427, -4.8754823636624245, -7.451745441574244, -0.2368196320935163, 2.9680047572180634, 2.676775617656535, 6.822179821778775, -2.7984546932509846, -42.79308229550451, 6.172581407221088, -38.54612592294151, -36.58986936261978, -17.39591199561442}
Generation 12: 41171.0 --- {18.680071888576478, -10.66764641368172, -14.165656839233218, 3.861972509960161, 0.6576765143911132, -6.101668296165612, -3.5464660085222146, -7.505369424069303, -8.849033862650074, -1.9905107578718848, -49.521301211380546, -30.370931668765756, -27.728765562642355, -17.501108578928996, -20.754630649095414}
Generation 13: 18659.0 --- {18.680071888576478, -10.66764641368172, -14.165656839233218, 3.861972509960161, 0.6576765143911132, -6.101668296165612, -3.5464660085222146, -7.505369424069303, -8.849033862650074, -1.9905107578718848, -49.521301211380546, -30.370931668765756, -27.728765562642355, -17.501108578928996, -20.754630649095414}
Generation 14: 46718.0 --- {1.0621040749379027, -15.612187004252567, -10.76837579443651, -9.10234881346045, -1.3100932498539084, -17.344195670374912, 6.6059363596715635, -4.798626343150737, -9.395001235445408, -6.590249339013106, -60.40602975805155, -5.375280548693926, -29.41606949157527, -26.9852901858083, -8.795203306233601}
Generation 15: 33000.0 --- {5.379514064265189, -21.463946730073875, 1.654900860567019, -9.60414820119875, -5.338566944714261, -14.692078250170447, 1.7577708630870374, -17.958734374634226, 2.7481897126269055, -0.8903235389025443, -62.22817374068939, -12.490097120642742, -36.90682737650479, -21.31117591958499, -24.669594463211972}
Generation 16: 32343.0 --- {20.945022520563008, -22.139118441961564, -13.549332285299492, -12.852056004117344, 5.9049137320059435, -4.195972903743517, -5.656019301234375, -10.38889443653805, -16.30853972722212, -9.747224329877303, -47.080928479287046, -6.351169272784505, -56.92976073077255, -31.23730172574676, -22.031068843890075}
Generation 17: 66236.0 --- {23.42063126037538, -19.0168528904689, 3.691025945442945, -5.87707858162417, -1.1978947084567215, -4.267012466028969, 3.7469207254208445, 0.4509765827127197, -4.626736041979552, 3.4963357918335944, -73.73099565837352, -14.1539069881452, -47.209456645964316, -29.056821695252456, -29.993287072883803}
Generation 18: 116396.0 --- {23.42063126037538, -19.0168528904689, 3.691025945442945, -5.87707858162417, -1.1978947084567215, -4.267012466028969, 3.7469207254208445, 0.4509765827127197, -4.626736041979552, 3.4963357918335944, -73.73099565837352, -14.1539069881452, -47.209456645964316, -29.056821695252456, -29.993287072883803}
Generation 19: 148761.0 --- {23.42063126037538, -19.0168528904689, 3.691025945442945, -5.87707858162417, -1.1978947084567215, -4.267012466028969, 3.7469207254208445, 0.4509765827127197, -4.626736041979552, 3.4963357918335944, -73.73099565837352, -14.1539069881452, -47.209456645964316, -29.056821695252456, -29.993287072883803}
AVG PERF OVER 50 TRIALS: 60323.72
Generation 20: 555674.0 --- {23.42063126037538, -19.0168528904689, 3.691025945442945, -5.87707858162417, -1.1978947084567215, -4.267012466028969, 3.7469207254208445, 0.4509765827127197, -4.626736041979552, 3.4963357918335944, -73.73099565837352, -14.1539069881452, -47.209456645964316, -29.056821695252456, -29.993287072883803}
