TETRIS-H20-W10. Noise: (50.0, -0.1)
Generation 1: 38.0 --- {-9.53268527198507, 8.041802460842144, -8.651327142474448, -4.229922453416077, -4.285074617553838, -11.30335864453704, 0.20191445364245383, 1.8385957116037668, -3.3027283444209417, 7.61752595389088, 3.610347314711531, -16.634725792079312, -14.422060906011058, -5.01188119836438, -25.509212283990582}
Generation 2: 84.0 --- {-3.4333579059993253, -10.341970207070244, -6.925378876333223, 1.3318928455951502, -10.235791497458859, 2.928790819523805, -0.8667901815145316, -17.966128469686787, -1.1718885049492382, -3.9287026553160933, -4.420136914554091, -5.562982458951049, -13.55352625072366, -17.71683423566307, -8.705270578573604}
Generation 3: 522.0 --- {0.8304203124572132, -1.9934649973833198, -19.038416535341796, -10.639807982876277, -20.830048610371733, 0.98567136181856, -8.667161224897868, -0.8979089928697057, -5.235537036677066, 11.987529112044829, -8.564638538776096, 0.8692700226545842, -33.671199905385, -17.821240907482363, -10.414712175767457}
Generation 4: 699.0 --- {2.9106495736851663, 10.383525466743114, 2.9990245390111063, -7.451400030734021, -10.431944472526908, 12.098012372635049, 4.808405383859538, -8.259238448032683, -0.156494919138344, -11.798333277424668, -27.210440329545705, -2.8781788607765897, -38.119579616777266, -28.804562940440825, -19.405183609631734}
Generation 5: 1401.0 --- {-5.583523120649341, -19.357187307129557, -25.188011797732937, -6.868312832302454, -23.058695490239003, -2.8114893364385205, -12.43011252665287, -6.588205500450907, -6.092178841532143, -0.3393962110312527, -20.93055219874207, -2.5418313828411154, -45.79118621382418, -16.5248180889856, -17.714131945709095}
Generation 6: 3615.0 --- {9.069385441917674, -23.329951176871845, -24.280279236329676, -0.05991349286251513, -17.666813843026645, -14.8983859265418, -1.6113518468189896, -7.9541664391724405, 7.112357128017376, 10.272428911653497, -28.36717650542943, -0.3010629927473847, -53.06866937289666, -24.560760857012177, -18.035120218932676}
Generation 7: 5588.0 --- {1.3647091866688639, -22.531829118467563, -23.21627673653182, -5.542041669666196, -19.697419368930394, -3.219526709616767, 9.791601514017252, 0.6417287720844982, -8.441169448501856, -8.646222826477633, -33.159947021216, 2.4018120564480103, -40.041988500987436, -29.669785150495958, -14.918165051579606}
Generation 8: 6679.0 --- {6.210656718035019, -18.883679069501323, -4.903980139649979, -3.2577166742280417, -10.742011825569577, -8.293509203628265, 5.979407341440464, -3.6594367957162914, -1.0058291973260296, -2.2311836109525403, -35.072196948955906, -15.946714153380855, -54.78212087293386, -23.1402521617159, -11.526238101966982}
Generation 9: 17419.0 --- {10.328641112228247, -8.483188630085877, -14.497227589226586, 3.527671412460488, -6.354992003190066, -0.028444879176890314, 1.0900808236905362, -19.074011491420606, 1.0621387427021722, -3.9265741946222517, -39.85514899425736, -9.014209258135805, -52.127211707042136, -35.72786439889806, -11.645177581481143}
AVG PERF OVER 50 TRIALS: 9672.9
Generation 10: 70099.0 --- {14.453437938041798, -18.93480970243834, -15.610771304313651, -0.7304505898461642, -3.765540339566721, -5.077784032528896, 5.361267566299448, -7.550464931366515, -14.216555501621457, -4.937860288367134, -51.50500569445405, -5.814782317114985, -61.262974179949964, -35.05912931674683, -4.239621281938522}
Generation 11: 33581.0 --- {9.72565051859353, -15.84546184868015, -10.676807112162262, -4.189100776173754, 0.08462075956306947, -9.115943409733315, 5.120344880917549, -3.4136783402839455, -5.0457099959199425, 0.043257404079450334, -44.50240971772107, -6.495406941219612, -50.966755897011225, -28.798436140686803, -13.982990986118104}
