TETRIS-H20-W10. Noise: (50.0, -0.1)
Generation 1: 53.0 --- {-11.426152228715715, -18.123280477577023, -15.145976412705053, 0.6106869458261917, -11.613556699782706, 0.43974329511785476, -19.07523503004034, -15.0224969569947, -21.49004052833812, -3.41551018217158, -14.595731850050074, 2.7953145572894913, -8.247200686423064, 1.4588070967111135, 0.03281216884345135}
Generation 2: 55.0 --- {-8.463868191489851, 4.350540745031729, 1.3902225583649193, -16.457577960295133, 6.4492987657901395, -4.786010055957179, -11.140025056903195, 2.32566816232018, -7.908202209944977, -5.9035644119125825, -22.26421917862769, 2.9214309057107966, 1.0098197525012012, -19.012689508332613, -4.612211360144433}
Generation 3: 264.0 --- {-8.108212682376303, -6.430380213618897, -10.012634264014972, -11.375217334615016, -15.552661595285493, -2.451495419522715, 1.32866694953832, 1.6282355186610662, -5.423341245110667, -15.486360064649027, -23.97583526840712, 3.1388530566109685, -20.569999502072417, -8.743876214521432, -6.206458872663313}
Generation 4: 396.0 --- {2.3503718317042486, -0.7837980202421923, -18.814196960109474, -7.178356437993033, -11.990232129946534, 10.214961100775138, -5.873838565842807, 7.092484460612251, -21.0248518450321, -5.6082809638024695, -16.817138519411266, -12.443433041650582, -21.173864876421465, -23.161211737846735, -3.257333992007276}
Generation 5: 2123.0 --- {2.847475300302194, 1.5195884143048128, -9.967953340275669, -12.820127936934876, 9.50145859099117, 1.1109140090435976, -0.264864434103083, -3.3357731180537002, -3.475248365542921, -11.530165095072249, -29.25273785150422, -21.040473752429442, -26.997012001205533, -19.105456802494068, 2.494312829252073}
Generation 6: 2147.0 --- {-6.515971683271676, -15.427570203220375, -33.742627430793036, -15.719590241075291, -10.228930843658786, -0.760292843313584, -12.139609882928383, -5.831668100733719, -11.765068628317508, -10.999664062337805, -38.81555544251578, -4.778068390508091, -30.719115899357455, -24.043163875549673, -4.174352639282624}
Generation 7: 4169.0 --- {-7.144764268137721, -15.948551551507197, -8.672962655986376, -10.853219642820845, -5.420428314309429, -26.889197770012103, -6.761121839870097, -4.399446355468243, -1.2025732825693032, -11.381135572901702, -55.039302817544026, -2.174833447186886, -26.817995936699482, -19.936241175383156, 2.774408509907584}
Generation 8: 42604.0 --- {10.506421918422259, -6.7015145420288516, -20.692590526669782, -5.78238371791128, -6.396628534556031, -11.336056650896513, -24.31000882312089, -10.115125459210509, -13.295773523610737, -6.275075493799582, -49.89152306964127, 0.6324148641025129, -40.72467271959245, -18.530384909297215, -1.842495145730255}
Generation 9: 37219.0 --- {6.814470935674753, 1.2717911472443504, -6.7137151614688815, -6.944158443621482, -8.051138536784713, -8.89877006769434, -9.578515746157965, -3.727768953271111, -3.2660187042497544, -14.792730062287054, -49.648753109428036, -1.906256375387117, -25.67808791097351, -13.340156931300164, -13.272770488301754}
AVG PERF OVER 50 TRIALS: 23764.06
Generation 10: 81633.0 --- {2.0483118268479976, -9.76264204497718, -3.6755833366519415, -6.135328903998964, -2.714716812439592, -14.542611298723497, -0.5751390427476011, -8.395212471641818, -11.489537109957313, -6.516635025459251, -45.270232332725605, -3.7520831237688785, -40.8848781883298, -11.886458041151892, -16.75027921129439}
Generation 11: 20818.0 --- {18.253236874526173, -22.439655191293774, -16.234236745053803, -1.8140085227474634, -5.522149316581018, -3.3439745850724165, -15.78664677765888, -6.065292637185521, 0.6979293451265107, -9.07717356305294, -52.8523501883361, -2.5623164722254996, -44.78191916498329, -19.43497471038857, -17.321769977606017}
Generation 12: 23487.0 --- {2.0483118268479976, -9.76264204497718, -3.6755833366519415, -6.135328903998964, -2.714716812439592, -14.542611298723497, -0.5751390427476011, -8.395212471641818, -11.489537109957313, -6.516635025459251, -45.270232332725605, -3.7520831237688785, -40.8848781883298, -11.886458041151892, -16.75027921129439}
Generation 13: 37657.0 --- {30.193366761620545, -24.741552520202454, -17.817487489956356, 19.4197963333567, -21.068271951003858, -2.6669779442783117, -7.831228320807755, -16.70086598046175, -22.222907665461534, -5.824492418207024, -77.85659095179504, -20.500703411927667, -52.58058246752257, -20.746655610196473, -18.76945383839477}
Generation 14: 78136.0 --- {23.32584361622105, -20.41733267300366, -11.211017998710975, -2.31158863068233, -11.20861788864926, -10.314106332704363, -1.7536337641999022, -22.7037687016197, -11.806209004636537, -8.798858701108848, -61.61843521974033, -19.000502973751217, -44.29868093019021, -15.524906090396371, -28.178329245027918}
Generation 15: 41818.0 --- {11.321347611204446, -11.171926547384812, -15.496392711581946, 0.37503147028141615, -6.6924464735937175, -7.848976241583696, 4.072042337952188, -16.32748373370582, -9.230946456607334, -3.014546383115844, -69.57081607200841, -25.950333611936443, -54.332258702426856, -32.850539773707474, -16.198597249155547}
