TETRIS-H20-W10. Noise: (50.0, -0.1)
Generation 1: 143.0 --- {-6.6170506691480755, -2.9574233847956375, -13.89677845072583, -11.778150514292795, -8.023989504620989, 5.650076760942245, -0.2288577933404394, -8.523923237136017, -10.032541260407225, -11.315130448645114, -4.666139920417063, -13.549347607501112, -6.043668111381982, -14.75127450601292, -3.5988865977521374}
Generation 2: 259.0 --- {1.9702461609525566, 5.39377171240713, 0.7445539380381168, -1.6134874564284958, -7.5116738494562805, -5.939320517531815, 2.2689646205293723, -5.783138953915667, -14.474261952256953, -18.04700154631471, -27.73979303999684, -10.989374699821788, -21.860742404283894, -16.90584372568999, -14.860108986466678}
Generation 3: 677.0 --- {-6.305392001920307, -14.434816390434237, 1.040143097454905, -3.8539999933356297, -10.909822452992866, 0.3225657852893553, -5.029779890264332, 4.872495386665696, -4.315026334032152, 0.4424047348971518, -9.395522263599606, -13.520242332563818, -28.259760227940266, -22.446330701944525, -15.895947791747151}
Generation 4: 2957.0 --- {3.0818771361411876, -17.48130325964471, -3.6758995134067383, -3.195844186871529, -12.060239839862398, 4.650235696568677, -5.360165078217413, 3.3721853211863833, -10.663340991468518, 8.562621434056892, -8.540884686172108, -9.319948041499934, -20.93332711999756, -14.741903760373631, -0.9118009482856362}
Generation 5: 1633.0 --- {-4.500644935918566, -1.2959889341563802, -7.485792761480024, -7.611260761341519, -7.323728996295351, -1.3069330737100078, -7.116125658813547, -5.3665805288314665, -15.415646073852395, -5.412127836969084, -4.524082672048426, 1.2693313966760638, -28.992212709217746, -8.869366337261969, 0.36754305980722535}
Generation 6: 4635.0 --- {14.152514670601308, -10.769863668070641, 1.8089168759096008, -19.94439039493247, -1.4405604587494247, 17.089751871519695, -2.564774246067701, -5.8556744876419184, 1.8211767257670797, -20.374892278577892, -21.00885605525307, -17.540024990204316, -47.59798620213069, -36.3371183038666, -9.338886685231483}
Generation 7: 4694.0 --- {12.617156685581591, -9.966251293526275, -5.782565512419406, 1.3368409454923604, -9.960238165191079, -8.047991586875254, -18.622671738790483, -8.62704711951355, -9.246174449710015, -10.436819226136194, -23.108266629506538, -1.043703812009154, -38.903903230226604, -11.875670309336956, 1.539835066790888}
Generation 8: 10534.0 --- {12.617156685581591, -9.966251293526275, -5.782565512419406, 1.3368409454923604, -9.960238165191079, -8.047991586875254, -18.622671738790483, -8.62704711951355, -9.246174449710015, -10.436819226136194, -23.108266629506538, -1.043703812009154, -38.903903230226604, -11.875670309336956, 1.539835066790888}
Generation 9: 4160.0 --- {14.125375871275965, -8.110912661983999, -7.021662843323286, 1.8777901997430284, -11.23982774300569, 1.641368530366825, 1.1872453213089855, -3.820534907209252, 1.8217468561890122, -13.59056687073748, -26.770858836903148, -2.990702952829924, -58.56199706555789, -21.84989372888805, -11.167917637180974}
AVG PERF OVER 50 TRIALS: 4331.86
Generation 10: 9211.0 --- {11.322597884657172, -22.812975180125264, -10.193689512169005, -6.503785109086049, -0.22567189243583652, -1.4905346188587991, 1.8803104398417592, -6.5481412657406635, -3.784148657472164, -20.52046058225395, -22.19431293360769, -10.734964641759031, -48.886052049896726, -30.963191625151037, -9.885084627585815}
Generation 11: 13796.0 --- {23.499439723090184, -20.296920544905202, 2.685685557211177, 1.4615122475899351, -1.3779241879580804, 9.36125457579342, -5.444851490250027, 3.231837872646837, -13.886589997097644, -14.971839393519577, -45.44979251357124, -1.3277762128562731, -51.962473872609266, -32.493772190081444, -15.525537071330959}
Generation 12: 11483.0 --- {13.598795872645784, -0.03626051417207421, -4.7458262478434845, -7.188511517181429, 2.4011610740165956, -10.132389952280562, -6.42462129123629, -8.45096671933931, -7.953231874046965, -10.274420773181614, -32.445129266331676, -7.120621650433405, -57.78522390712621, -26.59461203611486, -14.13423874729296}
Generation 13: 15309.0 --- {16.936110315220382, -28.392666114631055, -17.050601336253685, -17.43919039250691, -8.619425736889173, 3.243015285974052, -16.355433825048582, -1.555421968807841, -20.430440360216355, -16.686283561791562, -56.946874709169336, -10.050961109630233, -71.5272482562612, -24.415527323798923, -27.80323652565545}
Generation 14: 23429.0 --- {16.936110315220382, -28.392666114631055, -17.050601336253685, -17.43919039250691, -8.619425736889173, 3.243015285974052, -16.355433825048582, -1.555421968807841, -20.430440360216355, -16.686283561791562, -56.946874709169336, -10.050961109630233, -71.5272482562612, -24.415527323798923, -27.80323652565545}
Generation 15: 135849.0 --- {20.844182379344133, -20.097371168301336, -4.604180680807875, -2.729177963349546, -16.416741702624527, 0.3617243379588153, 1.2044824640359728, -7.375222683084558, -12.917848806917661, -7.671818060533579, -45.01085764788407, -14.88098931527827, -66.79249915341322, -31.280901976813666, -15.266414949048798}
Generation 16: 58659.0 --- {26.455597457758596, -37.560293403059944, -4.356032126088261, -10.636024496042895, -6.312238030883145, -1.2683110243861961, -5.266564655185027, -17.689037777823167, -26.444784949906186, -23.68345617460319, -55.96349205170792, -7.054881674550201, -79.38196442187032, -30.358959202371395, -27.489742326129655}
Generation 17: 74593.0 --- {15.70421431976381, -24.259921964185843, -7.636698356284123, 4.460932899885648, -10.372737051446673, 1.1758461893057972, 4.549854233218596, -2.2113777186144405, -13.607924314313685, -6.803468361444409, -67.4572767295607, -32.51619003183443, -73.96636365355063, -46.786246751598235, -5.655035051932675}
Generation 18: 98092.0 --- {24.249402799541212, -40.01029464326504, -4.756489499278046, -13.931624045484241, -12.518768318720516, -5.909503369512712, 10.262165172493884, 5.709655704713922, -8.13669293254965, -6.3378906226494145, -72.79089782009582, -0.604430665117917, -67.02004768413323, -39.10981016136735, -16.435343555933095}
Generation 19: 153927.0 --- {22.7333366529814, -39.69292853771827, 6.886138504322317, -3.8707774107755495, -21.815939068575258, -11.227000562089543, 5.379067665068643, -24.969251525061832, -14.91122496283391, -21.068004347945347, -76.77746053360812, -16.264779395373825, -67.925879123146, -32.49791042819298, -17.92123810131091}
AVG PERF OVER 50 TRIALS: 39009.46
Generation 20: 101921.0 --- {20.472395953250086, -20.23471730226127, -5.3525536035741705, 4.920447734277705, -27.59674441031975, -4.842374309646068, 18.02995797840962, -1.7403842091212764, -4.709073501147067, -5.225774341497015, -82.37548921225938, -30.69333422556979, -80.71762402762134, -50.85379949452792, -27.458380924299497}
Generation 21: 97674.0 --- {27.00693887175783, -39.1065954557798, -6.213332272389552, -3.901028144256167, -17.941927909419654, -6.800724994333905, 16.931090755383373, -0.44165987378382754, -4.654006439639347, -25.410126434352897, -83.80737936888102, -9.438274450621918, -64.74548660783312, -50.415038592013374, -29.14622446423089}
Generation 22: 121235.0 --- {22.048913061759528, -28.494581944423647, -4.388664885375899, -4.002297497667881, -15.899777314179156, -5.245036629890125, 14.135332706840035, -10.446767151269505, -5.405896292019478, -12.615018862235084, -78.23537040388743, -21.98814784292309, -62.21312748738336, -32.287946746831146, -31.22074629581597}
Generation 23: 442986.0 --- {34.54219267817818, -39.01745610897997, -6.505535066716051, -8.12439589783525, -14.16307389755387, -15.664297914903873, 1.7431605319196475, -4.493117923939397, -20.623591932451195, -6.903941689974268, -105.44348759631359, -36.52251660933282, -62.89072320459147, -33.95953935302637, -26.23377801624004}
Generation 24: 103708.0 --- {30.366950421369577, -39.76788587292002, 3.232652832812386, -2.474778249842795, -14.319825575212304, -11.809464450768624, -3.0667437411609777, -9.895811677209974, -32.543187109677326, -23.983114019675234, -90.4476118123083, -33.216772719537296, -75.42763639481855, -23.662225905027658, -16.503896497950883}
Generation 25: 95189.0 --- {30.569642839024432, -28.110226616703102, -4.155054364554926, 1.1655139294041152, -3.923811058881652, 1.872616790112719, 8.00916250637291, 6.222539967971879, 10.795760731172496, 8.277983520767867, -94.92366706423721, -27.11968647027754, -52.352091493396514, -29.549242633951735, -32.61126221400271}
Generation 26: 116646.0 --- {34.3529737455878, -41.19578230873247, -7.67806120921532, 1.7503196689296354, -26.493806981971183, -19.18897654396708, -4.26599155339741, -20.455886030848507, -21.363986238095958, -3.6043710655149312, -90.6206039845489, -42.074007105450036, -82.3660878454043, -32.92658104107304, -31.726266196246417}
