TETRIS-H20-W10. Noise: (50.0, -0.1)
Generation 1: 18.0 --- {-8.858057590695328, -12.124503744082503, -11.267085567762686, -1.2687271935482205, -5.270881624868804, -2.8766621060841917, -5.472715634582256, -11.157224930272449, -15.684896272316902, 4.584496006309829, 6.864669395748841, -0.8870962102559883, -9.012556048152282, -12.651661160200504, -4.976782223040011}
Generation 2: 803.0 --- {-8.21395748133334, -21.56239539035319, -5.552841745722411, -26.14276336307819, -18.634155738212197, 9.181760716849654, 2.6803884378253824, -5.471110753662922, 9.760873163307384, 6.129187837551896, -27.626978871956105, -2.394878101848913, -5.316760694394058, -16.190145426679543, -7.390143800860132}
Generation 3: 932.0 --- {11.001583294328327, -36.21629217232646, -8.569616139672217, -0.5036009296641248, -0.4918279446102414, -0.7656345331674972, -2.088630385076473, -6.5399907915241435, 0.3713595932538406, -7.78188824857503, -36.69026702899039, -6.5858250262584805, -20.982383148895515, -17.111937242738676, -3.39260733244931}
Generation 4: 1548.0 --- {-4.186160219013277, -17.250675753226158, -7.505781913817882, -16.912693099149415, -8.075695350928807, 2.639879055028799, 9.691275061464212, 3.981804227002912, 3.335479481446929, -3.247479035766509, -27.86690026549298, -4.596349688706106, -20.46242447664254, -15.090796562281811, -6.888814672796677}
Generation 5: 4669.0 --- {-11.429856124551813, -10.507172929002651, -12.986823936297398, -15.102963783002117, -11.178520638539764, 1.4601245541351353, 4.23162043040747, -4.83141597462908, -1.2244955813603484, 3.045068729109158, -23.638412807402382, -11.646702408200207, -38.995087846107864, -24.577544334999782, -8.676873185295065}
Generation 6: 5628.0 --- {32.90320928493857, -19.92029991573832, 2.1747702166702254, -8.738337098697372, 6.694271231871943, -22.070193042600877, -14.276076285518089, -5.782318171769242, -16.92793987543388, -11.365562851990383, -61.79352761851549, -26.735653921816898, -41.66501586823897, -3.046642178957587, -14.291409239213355}
Generation 7: 15376.0 --- {21.306873798872438, -26.153877326158003, -11.980864570526219, 1.0157226483454385, 0.10611614676481462, -18.64704138162528, 5.347809727893097, -17.556937965828034, -6.003221278992425, -5.975231286156562, -63.63505978778909, -10.809436493917062, -22.382981977481855, -11.341151618197479, -9.940755961666591}
Generation 8: 49004.0 --- {31.696925939152457, -26.587837605648946, -3.9165393377613436, 2.231332534395696, 2.7830912666005547, -6.045311149606944, -13.956970083190932, -8.337154345793534, -17.577457177296246, -4.363350993678246, -58.519497979722736, -17.634614425556848, -42.671298465841346, -19.366177533429482, -6.877584601525149}
Generation 9: 45494.0 --- {19.864784906077183, -28.589038779392396, -9.38275640506251, 9.469358461829279, -8.265181347335204, -2.7470964103648345, -5.72112018553182, -21.62448955325209, -16.471814403469214, -16.576799095535335, -71.33813995852081, -31.279808255077338, -29.486458090644756, -14.920579031025952, -9.57987108939232}
AVG PERF OVER 50 TRIALS: 47500.24
Generation 10: 87963.0 --- {20.822302899954654, -21.710620685826107, -15.212646720291218, 8.086334068274432, -7.202752780259699, -7.493429614054235, -11.949491414250158, -16.826817475268783, -10.095373048130126, -9.906801443428012, -76.21942583505555, -25.665057969940694, -55.291612302183644, -19.52158386535999, -23.944460914576823}
Generation 11: 107039.0 --- {42.19308936285135, -22.700548215154107, -8.763232623958675, -5.2805979225692585, -1.6261752889523828, -21.658829461305114, -14.969594167538446, -17.719703015416, -18.80387735807213, -8.411499789382844, -73.18661403678037, -36.388627017170805, -58.02076564766871, -19.086829917247126, -15.38475497261972}
Generation 12: 70299.0 --- {25.86131891589336, -28.002267944261547, -10.143178443741606, 1.555189469683766, 6.179972533643164, -22.07956214147979, -14.163178072185657, -5.607502738157189, -1.543070222650912, -9.896802209599635, -77.569161394836, -35.59946212624492, -55.89402295119023, -27.426457064593546, -17.271686213858207}
Generation 13: 54569.0 --- {42.19308936285135, -22.700548215154107, -8.763232623958675, -5.2805979225692585, -1.6261752889523828, -21.658829461305114, -14.969594167538446, -17.719703015416, -18.80387735807213, -8.411499789382844, -73.18661403678037, -36.388627017170805, -58.02076564766871, -19.086829917247126, -15.38475497261972}
Generation 14: 145322.0 --- {22.163325463133543, -22.032292056172906, -11.92376871103725, 9.154012893864266, -11.546342898891279, -16.44798866369968, -1.4074707221056793, -17.854725038706633, -5.817975551433216, -6.995939068187091, -75.60727385264781, -32.469175915866906, -44.563548119836, -18.687324614860085, -24.67342798174839}
Generation 15: 292370.0 --- {36.83287948039349, -22.834421064603287, -7.088864971835652, -5.688671509909794, 8.086817773576996, -19.988805746275812, -0.08875187245331873, -5.044673486582845, -5.239088284014228, 1.2834742293084958, -100.21038374923845, -37.139573218474645, -48.41247939041961, -28.991201487773605, -30.244629108919398}
Generation 16: 328702.0 --- {36.83287948039349, -22.834421064603287, -7.088864971835652, -5.688671509909794, 8.086817773576996, -19.988805746275812, -0.08875187245331873, -5.044673486582845, -5.239088284014228, 1.2834742293084958, -100.21038374923845, -37.139573218474645, -48.41247939041961, -28.991201487773605, -30.244629108919398}
Generation 17: 703077.0 --- {36.83287948039349, -22.834421064603287, -7.088864971835652, -5.688671509909794, 8.086817773576996, -19.988805746275812, -0.08875187245331873, -5.044673486582845, -5.239088284014228, 1.2834742293084958, -100.21038374923845, -37.139573218474645, -48.41247939041961, -28.991201487773605, -30.244629108919398}
Generation 18: 459766.0 --- {35.9387891688608, -20.523525649055188, -3.3110904269734336, 7.920978568996401, -6.814390227145421, -18.837419701292877, -16.08807107452913, -7.186237456031686, -3.7739451418402483, -12.972004345718647, -109.137899154756, -34.395162780940765, -57.84994734441324, -31.16254756879108, -26.22065414666295}
Generation 19: 132881.0 --- {35.50011722907043, -7.535373725620577, 0.9892079335063577, 11.018715469644075, -8.573719508432248, -19.284834956392096, -13.250157309955721, -11.205536199462097, -5.913342901767023, -0.3334637694475049, -109.37519446269333, -35.6898844321015, -57.47432841420657, -34.839754792118036, -34.119815238720506}
AVG PERF OVER 50 TRIALS: 150340.82
Generation 20: 267889.0 --- {42.49662487222894, -33.280010515801536, -5.648498963471776, 2.21006583712843, -6.411975636695646, -10.52623913234731, 4.59748099835317, -2.6887326270496974, -12.783951419533903, -11.554131901283702, -120.51928666016207, -43.45484224184568, -50.32856718710035, -41.585293194419464, -30.59129797203852}
