TETRIS-H20-W10. Noise: (50.0, -0.1)
Generation 1: 11.0 --- {4.238925302770628, -11.3031279125479, -1.0521492431920532, 6.445645316845122, 0.7307946236204736, -17.49051658918617, -6.711767319747408, -3.1622251791471534, 7.243422248766431, -4.727256794661889, -17.66988342116992, -12.15489349870169, 7.410578599167358, 1.4420011355970852, -3.0162229720051323}
Generation 2: 215.0 --- {4.6547140409253585, -6.878832163126786, -3.887286675314829, -12.878502889749093, 0.7315296147675729, 0.7453852666805676, 2.2749073706370924, -10.589863568207829, -12.429654892846367, 8.348340767624986, -22.54899850236188, -22.704195385259254, -6.596761873801688, -13.33308555945568, -3.903961528682966}
Generation 3: 262.0 --- {2.5892794454536014, -1.445857101188076, 8.251054474133939, -10.849934345087604, 0.7014786778327133, 4.661290982038225, -3.6289708961339997, 7.597411065845742, 6.7524361886321715, -2.543388354930632, -40.367462222392085, -28.398448860136753, -5.563071334210327, -14.709592134972992, -16.195609928829118}
Generation 4: 889.0 --- {7.222851728622607, -10.399223751061243, -1.2784732786584305, -19.15930796020266, 1.875580772134132, 4.313122063267071, -7.408135826840731, 3.0797166574918653, -0.31531175058629035, 12.500426348827535, -38.097183452813304, -20.179418796463942, -16.781460800999497, -15.020041547035266, -3.8196954578346998}
Generation 5: 915.0 --- {7.222851728622607, -10.399223751061243, -1.2784732786584305, -19.15930796020266, 1.875580772134132, 4.313122063267071, -7.408135826840731, 3.0797166574918653, -0.31531175058629035, 12.500426348827535, -38.097183452813304, -20.179418796463942, -16.781460800999497, -15.020041547035266, -3.8196954578346998}
Generation 6: 8846.0 --- {-4.816264286189578, -21.404841866620536, -4.8294325340786575, -12.470741441115555, -13.17305219721248, 7.093975361343761, 8.375466904389361, 1.1445331493281938, -3.711271819323592, -8.44854279607351, -33.58100018773936, -5.11252777510993, -13.045961941573548, -20.93667208494309, -9.663677410255131}
Generation 7: 3457.0 --- {14.276690631144753, -7.61005968538907, -13.204210763507302, -10.283329926375869, -8.758035629770863, 1.177339273621894, -4.505420780055167, 13.542321645742245, 9.706068670823333, 6.461971897828459, -48.81202322112895, -21.69591432834843, -29.16102890396673, -39.19536572579598, 3.8400521941836407}
Generation 8: 23062.0 --- {13.055732314563178, -4.773287753541295, -12.024420939676563, -6.149343594442296, -3.8362799439257236, -2.82331227409437, -1.2843808609418323, 8.61225284908134, -7.421909415445553, 9.130829009618257, -47.94305843764593, -12.574006512259793, -25.84136882200649, -19.688430625666875, -13.557583485317355}
Generation 9: 12456.0 --- {8.256475137630622, -14.472280119236679, -12.073918340275823, -7.676170758450563, -9.569109876493155, 3.85934123809076, 8.22254070841705, 10.95468661386309, -4.022408057881573, -5.465130052782424, -54.95833567771518, -8.47894052399529, -21.383158230369034, -20.311822606851674, -14.88021781935375}
