TETRIS-H20-W10. Noise: (50.0, -0.1)
Generation 1: 54.0 --- {4.253134382637613, 2.6869730436425137, 1.9546959857472195, -2.559077212638976, -0.592872673414818, -3.91527454291384, -6.2303154921251895, -17.76369296976408, 4.546041685649385, 2.238016042763266, -6.595170491610123, -4.997308222854003, -7.998406831499366, -3.9962980754257678, -10.86662172270005}
Generation 2: 98.0 --- {5.5770952048388915, 0.2772817225865174, -3.436976738309624, -2.293702941552538, -13.231660640036491, -14.447246871404209, -21.933270779471385, -14.574133269338649, -19.106511837145224, 1.8428097451822962, -9.728277878721581, -18.112769066207235, -13.973106246314156, -7.067678871814128, 3.0187507943062384}
Generation 3: 349.0 --- {19.083124745986865, -3.88997341097543, -21.968523556197155, 21.54718042617984, -10.593962261004297, -13.37326389309866, -14.557680629051884, -11.156884006027012, -11.522495405958729, 5.6698420818682695, -29.458831711023414, -15.9077201971178, -30.255486549421676, -17.813347403528564, -6.970457893428716}
Generation 4: 1046.0 --- {12.98872618194111, -12.072293268727446, -17.318968479931137, -6.607593056555088, -10.335650138887743, -11.87330449175786, -4.175088229966552, 2.010455489698412, -3.018850845625331, 17.44142684341924, -27.50464466930803, -19.445353193053343, -19.704546886222253, -16.03550964962857, -8.69663492398928}
Generation 5: 791.0 --- {16.508237232871636, 8.590075768375865, -30.574692719481217, 27.469048516963014, -21.042989573004782, -0.8422022917917502, -20.699535851893877, -18.485088449831313, -9.586033426014163, -9.186678327862037, -33.98197781357068, -29.407617745561755, -36.21126050444256, -28.611199642963435, -14.364982549227234}
Generation 6: 8702.0 --- {11.66360278198336, -4.294525474305809, -30.836128683374454, 25.499371931745184, -9.079009854266033, -10.593794371097328, -12.414154424014333, -25.43443525076402, -1.9736439210662748, -24.22570096523241, -56.16881703954536, -31.59782415473321, -46.0012933371707, -24.340231605655312, -10.17229254956799}
Generation 7: 8389.0 --- {17.170845949509225, -8.040543276616322, -22.263492441931923, 21.213805822021776, -4.938840428607788, -18.15304539083363, -21.791001709244185, -17.10400819143028, -1.1801467061434252, -2.276974209762894, -55.28975525480662, -27.15532820339068, -42.15553143593649, -9.799448614141312, -14.284690261792978}
Generation 8: 17013.0 --- {17.38902148468287, -10.372657036288025, -24.533559985536392, 26.104486656104328, -15.720556032890633, -12.219705810860932, -16.93608049543608, -21.95730839675349, -10.870595116797238, -3.2354167952673514, -52.62623670417376, -28.013109967011417, -46.335489731697415, -10.144810114893957, -10.905348574152015}
Generation 9: 49254.0 --- {12.874515260646337, -12.893913544931552, -0.9608041158982168, 0.9392641450728259, -0.32994482585348894, -13.683610129488027, -0.8100120891372082, -7.584444798718149, -5.950599916192664, -0.502130727883916, -51.1316095423719, -36.332598670588325, -49.53629391007769, -26.556754547040047, -6.281781509120024}
AVG PERF OVER 50 TRIALS: 23604.94
Generation 10: 35232.0 --- {12.874515260646337, -12.893913544931552, -0.9608041158982168, 0.9392641450728259, -0.32994482585348894, -13.683610129488027, -0.8100120891372082, -7.584444798718149, -5.950599916192664, -0.502130727883916, -51.1316095423719, -36.332598670588325, -49.53629391007769, -26.556754547040047, -6.281781509120024}
Generation 11: 74029.0 --- {12.874515260646337, -12.893913544931552, -0.9608041158982168, 0.9392641450728259, -0.32994482585348894, -13.683610129488027, -0.8100120891372082, -7.584444798718149, -5.950599916192664, -0.502130727883916, -51.1316095423719, -36.332598670588325, -49.53629391007769, -26.556754547040047, -6.281781509120024}
Generation 12: 183775.0 --- {34.852976563456494, -21.88949537015405, -12.108940526551846, -8.083150362140225, 9.52071482839779, -19.029707572465966, -10.161095267523379, -14.800104441648022, -15.817115017125726, -17.062311130256475, -72.36751555294066, -44.676138041480264, -83.00052729291502, -17.322401297314826, -20.1624452609365}
Generation 13: 78067.0 --- {18.811457195067575, -14.707216506744182, -6.64805174974979, -10.586217694657023, -12.261890766119276, -11.958304777426669, -7.223531782117427, -10.27179147052352, -0.7116473893529243, -11.770396975703818, -61.42173220600721, -29.115578417492966, -67.58539735086084, -36.57966250084724, -5.007479241918997}
Generation 14: 60980.0 --- {12.01925185638145, -23.96112486363313, -13.728491818628722, -13.43307029411605, -7.106799916401751, -28.137453149243015, -4.604978931726504, -13.246747739013024, -20.09928162084372, -6.6340917170737495, -67.49381451050857, -31.77488924166224, -65.24587337587874, -14.411985414026852, -14.138695791738629}
Generation 15: 62556.0 --- {20.084343584939674, -13.464338726361907, 21.2842129347613, -17.053610336314144, -14.546556876203326, -16.14541556091965, 2.614203239194462, -25.911574692996417, -18.217270349731578, -8.781612413150873, -61.30681616174198, -36.34452280973236, -62.73743865592094, -28.411482634087164, 6.5152273687566975}
