TETRIS-H20-W10. Noise: (50.0, -0.1)
Generation 1: 19.0 --- {-2.042892378384702, -0.2914057133446484, -10.546214927373224, -2.5078006937669963, 7.714686446145922, 4.2985091898787315, -7.820048815196011, -6.417115814975438, 1.646508576222817, -10.061471662033917, -22.682481468331957, 7.436369791222715, -2.5415484948289366, -19.061860341791235, -0.4592071856248423}
Generation 2: 272.0 --- {3.113990068355141, -8.871243732166928, -17.40696031128224, -14.170202603554579, -7.7927787232107795, 1.468981053094768, -8.3983974722218, 0.8383472017602605, -7.49652184872524, 6.138410079562214, -32.328501592066516, -1.300092032804292, -4.331877060486788, -17.042050883058085, -1.8605325551911882}
Generation 3: 585.0 --- {-5.243241377231682, -5.517431095153886, -29.38800648130274, 0.00434246904536284, -10.529483769769282, -0.831144353114873, -9.337573347404277, -10.321242632850819, -2.8211473591125302, -1.4905612983129695, -15.400010835503704, -8.227733600282253, -23.37738542223412, -23.416743462300108, 11.706926911171399}
Generation 4: 1032.0 --- {3.113990068355141, -8.871243732166928, -17.40696031128224, -14.170202603554579, -7.7927787232107795, 1.468981053094768, -8.3983974722218, 0.8383472017602605, -7.49652184872524, 6.138410079562214, -32.328501592066516, -1.300092032804292, -4.331877060486788, -17.042050883058085, -1.8605325551911882}
Generation 5: 1410.0 --- {8.135839074200579, -9.457524834041543, -26.911231455127766, -3.5007224976835083, -10.774958410442913, -2.314658514546988, -6.691750726080498, 6.1882772931788494, -3.6127690273066815, 4.686616899994235, -32.164462029606604, -2.2027317271262916, -14.377076859124685, -30.857044225668773, -0.8162360324729274}
Generation 6: 2779.0 --- {17.157381658595966, -26.72259954630592, -16.42468275379989, 10.238881836715063, -10.532963527038605, -3.3215471282234486, 2.710523405666775, -17.648848427106017, -14.238277848283143, -12.888963060843764, -48.348404187052715, -9.115701065078618, -32.38001775158665, -23.559336048135485, 5.712508054990064}
Generation 7: 14198.0 --- {5.104381276940618, -7.107177343473433, -9.981614054836932, -0.185919240989596, 3.051758930720986, -0.6595703526797931, -1.9792368048899327, -5.805215977361136, -0.17234257802329012, -1.9214306533048306, -37.046611377842176, -4.967746929272069, -28.98683975481123, -27.99729710719181, -1.993100181351593}
Generation 8: 15041.0 --- {26.773762886281915, -14.66223326752039, -7.161012639072949, 4.590735572913861, -3.3905198987809513, -17.378740646378823, 1.6404707555659686, -16.277077635690162, -6.515346125061429, 4.097979129002471, -43.535594450213196, -12.518063744103479, -36.38756722768757, -20.67211164393487, -12.46038525413621}
Generation 9: 27306.0 --- {23.140014397652916, -29.242413340084735, -20.99223088777146, -6.481613011789685, -3.560161457680339, -14.414804566940344, 14.140405493733136, 1.193875182304529, 13.3368548065692, 18.705647408690687, -65.3437605085675, -15.495541955081423, -25.874691223693556, -29.706573731163388, -23.83196479812038}
