TETRIS-H20-W10. Noise: (50.0, -0.1)
Generation 1: 9.0 --- {5.179177429198286, -2.6288312781992578, -7.9837674611366305, 5.410971249893914, 9.263045525215231, 5.9611647835745485, -1.1293681798432154, -8.748397680474616, 6.462788779634883, -15.468125800903872, -23.59742627277804, 2.76962767676151, -6.476159652285317, -9.460819594271069, -4.747264095570703}
Generation 2: 186.0 --- {-7.383715512773254, -18.86648046270336, -3.3509819382582338, -0.8485529034261893, -4.515219557095619, -6.970286715578874, -14.257808304169359, -11.880740573361104, -9.483294725316092, -7.792427535622075, -36.31465973738335, -5.26964029553078, -5.147710572224513, 3.0856911841999892, -11.885324595362365}
Generation 3: 284.0 --- {9.546774294295627, -9.72587534162725, -19.11808265827098, -6.525557617623051, -12.97252494850822, -18.94131346783157, -13.011611589778655, -3.439472075569972, -12.390720743332034, 0.16171015123306498, -28.991564655696088, 5.33623263353009, -15.148248029437767, -11.908856560306814, 0.031301932991214976}
Generation 4: 871.0 --- {7.572508216396216, -4.273782653085638, -22.816701313158667, 11.532874614789026, -25.260995334824962, 6.207949510835129, -20.91601825678177, -3.2111286524202756, -19.994353876179186, -21.247879418104944, -32.60009110648163, -5.746338166638103, -16.972313689252722, -13.528376743533425, 2.683259979970889}
Generation 5: 1405.0 --- {6.114425883891924, -16.810398395835147, -19.611264798744944, 5.924491900757099, -13.975525696019885, -4.23412161027117, -20.782345598160305, -15.286532306877227, -8.373021127434043, -7.939765381498237, -35.24954652363896, -9.919235914556445, -25.68147442900522, -1.937427000811395, -12.627565676302924}
Generation 6: 3542.0 --- {19.97664201221717, -18.66377132710911, -5.1788688380311125, 2.384410147461228, -3.668692515045347, -9.60879476928261, -8.09950171243713, 4.365572268185409, -12.235636849311037, -0.3249002656944251, -33.79069877122764, -6.592775656522826, -27.05463896720658, -18.301092703919572, -8.75296927596306}
Generation 7: 3908.0 --- {10.871089775274022, -2.361344071908178, -22.158984395683532, -7.569023398451528, -0.38550015675814375, 0.12245134886708264, -6.443988101533781, -0.24715954482654245, -0.62186407266163, -15.406198801730305, -40.80204812872401, -6.999359824339066, -19.468745052027543, -25.277174485545505, 5.327925862726011}
Generation 8: 9429.0 --- {13.219257169414847, -9.235000190624687, -24.65181361826682, -6.71362714848165, -1.4998925452044647, -14.77993568123625, -13.270866497767301, -5.852312845405256, -2.7005380144833833, -10.30519726320019, -36.69128167206077, -3.886535494283308, -35.285493664692346, -28.047268343284248, 0.6267567834795462}
Generation 9: 9190.0 --- {12.139009552663515, -17.641391831735756, -14.81407000182493, 13.297842355835353, -5.991608299833341, -9.190163228979559, -7.704329025786274, -3.2091379553604913, -15.773564572516252, -0.1710115205347147, -58.3065435834185, 16.62692063473783, -29.759781114407623, -27.542645699933797, 3.5446372725124045}
