TETRIS-H20-W10. Noise: (50.0, -0.1)
Generation 1: 81.0 --- {-9.043980991561227, -10.058854235672703, -1.9756647960063987, -1.8275731236586834, 0.2045120651173155, 0.1635262286429407, -2.5397069756971757, -6.964302005498208, 10.55642199343316, 15.779666708815409, -17.97958912193976, -9.741064144364524, -8.439501050841288, -14.064657638497778, 1.679797521736919}
Generation 2: 217.0 --- {4.650699556686488, -7.720286110987834, -22.467627374012267, 5.700204434691161, -11.160396999090734, -9.906444469818638, -3.28357678855895, -13.47063945051002, 2.53512313293209, -6.61511959275769, -12.214765527376729, 6.114112109800184, -29.934803313000245, -9.966564928535455, -6.284378026105022}
Generation 3: 436.0 --- {7.027379282222745, -6.343480884067839, -5.083393778455173, -0.69589182700679, -18.160481045469517, -26.090029023177735, -1.4243154726367555, 0.6336236771245929, -14.867035519179721, 9.406328996621838, -42.34296585120062, -14.024270444002706, -8.507603822747651, -10.094836202059565, -5.531163483438327}
Generation 4: 1210.0 --- {7.635601122976387, -24.149228231304843, -20.2881977068944, 2.103787279401805, -13.617803562731797, -24.6824720635375, -1.0153092664730137, -11.034543275812837, -8.328468789218846, -1.6163640953780507, -21.712371069068467, -4.887365920592925, -31.756682077743996, -8.092937101896469, -2.346250073023312}
Generation 5: 2863.0 --- {12.62748757999994, -19.461544972436062, 6.588639493505202, -5.484465115408215, 8.720666810379779, 1.0662381333241875, -7.484640679552419, 8.768775172733292, -9.373765677000005, 22.470467378461997, -38.60909655985346, -35.710700551854416, -34.35244917744934, -31.276003910485368, 6.848033243903374}
Generation 6: 7041.0 --- {-5.388828516185275, -14.499630362580085, -10.526731700589048, -2.605855740379601, -10.462252754874804, -20.661694820270903, -12.070686752344102, -16.24579952146666, -13.209095045074257, -16.91048467666974, -37.06199077257198, 1.08385370715569, -30.440635357031773, -15.771747408436072, 0.41694791031021294}
Generation 7: 12949.0 --- {5.02721269793993, -4.513042418824263, -3.47682046623526, -0.46716876969003573, -5.686278374523065, -23.57750471694873, -0.5964396498010611, -14.66887286776842, -13.50486679858777, -13.020123907903956, -49.21938209222731, 2.0886970010710826, -31.2903079121742, -22.846564507694495, 11.457435625958595}
Generation 8: 33387.0 --- {10.940031064494502, -6.25644834956311, -7.891185230110929, -3.684179181002752, -2.4025266097719973, -7.975775211500175, -1.4745392074214907, -9.924247148583852, -4.647758688087738, 3.1461562351146397, -45.26369921762188, -23.886579265026786, -30.878460414635626, -25.417197396852178, -3.048403452691803}
Generation 9: 25177.0 --- {10.940031064494502, -6.25644834956311, -7.891185230110929, -3.684179181002752, -2.4025266097719973, -7.975775211500175, -1.4745392074214907, -9.924247148583852, -4.647758688087738, 3.1461562351146397, -45.26369921762188, -23.886579265026786, -30.878460414635626, -25.417197396852178, -3.048403452691803}
