TETRIS-H20-W10. Noise: (50.0, -0.1)
Generation 1: 15.0 --- {-7.2133361458588485, -14.375564174692375, 3.2749028090932835, -1.5313677503866254, 1.823012285151942, 8.163771132216203, 14.397003971024587, -0.4487352380029259, -1.6255501186926422, 4.892536009278835, 1.6485192717850037, 1.164409308792941, -13.302518948088526, -17.275810058627798, -3.742193330753769}
Generation 2: 79.0 --- {-6.405788144439475, -9.601751277052479, 3.2469479227733324, -6.092242907058214, -9.370326992879884, -12.450248936592565, 6.806554923017908, -22.386713221714373, 4.685638515931563, -1.4365370392339107, -21.551023162825768, 5.453435123933278, -1.7949750033141763, -19.13047143282135, 3.208093465476658}
Generation 3: 897.0 --- {-3.2540984745807053, -28.59306249485563, -9.194325308772076, -6.23451852940111, -12.350916525412359, -4.664705814697804, -9.994048778463814, -10.386507608290742, -1.6382435650507245, 0.30461460669630513, -33.88129710965532, -3.2364810358839264, -7.056488858357342, -5.924868041874347, -7.3747986327834685}
Generation 4: 814.0 --- {3.1578091575157328, -27.161676356410425, -14.848916778024707, -16.465779577289766, -10.31304030899616, -16.555180884918784, 5.998636616641874, -7.480101303697309, -8.337840838923448, -2.7332451510626914, -25.024776583276285, -2.2411233986494583, -10.979871949797802, -22.226601756148717, 7.9908819477460105}
Generation 5: 570.0 --- {4.201576383748607, -32.13416897120619, -18.606299370557537, -35.4151812967482, -10.330392388065963, -10.5117922871015, 6.6058921658417775, 6.363636372556034, -14.260601621689911, 0.1982104998200902, -30.498486997935004, -6.9175029274404904, -21.654282381328123, -13.148707261253723, -2.217224121849668}
Generation 6: 1132.0 --- {1.1473370185319882, -32.52617708246535, -15.500405473363006, -21.040789274217765, 1.9387084342425762, 5.663119339153547, 0.15676209764376203, -11.9748938412891, -11.118358265706862, -10.99893175418496, -20.66548230935063, -5.821129726214052, -22.305736577698028, -15.260240833829565, -13.670579032887826}
Generation 7: 687.0 --- {8.237376150725128, -17.35774189630731, -9.22348287089074, -37.90216622695104, -2.37895228605875, -4.020936603742278, -3.6977966204916037, -10.555793113333316, -14.805450495134162, -7.733944273351657, -21.320294248920465, -15.16099975154618, -26.783994016843735, -16.42735629885626, 6.440085419089568}
Generation 8: 1858.0 --- {-2.8770615432361955, -25.426494365556877, -17.93261772239385, -17.11611550398831, -14.871403187200164, -4.212272483611327, 1.7732350656671176, -8.381929452552708, -6.8757553921154555, -9.66820024114794, -29.305699172965184, -5.4715277346180375, -25.378717872963975, -32.86942937178917, -7.025597416894105}
Generation 9: 8830.0 --- {4.31484619793253, -20.86171196457198, 0.8984777018009442, -16.915725675217857, -12.261508067783572, -2.4238923047281418, 3.7447327924130205, 5.165176193410986, 4.028078922433936, -0.08063590077516025, -25.081230541401204, -9.791660325786875, -29.968971952082132, -22.90460748290414, -7.668204459564704}
