TETRIS-H20-W10. Noise: (50.0, -0.1)
Generation 1: 17.0 --- {3.6688261198400705, -21.341510646259465, 3.05333200696671, -0.010235121951641677, -3.6460650821312446, -0.21428684210615637, 1.1985057770705492, 10.569085279326778, 5.457449347442651, -6.528765192706841, -7.145872620627758, 3.1052614666964966, -4.3697255719940395, -6.445777113505397, -12.339493474546043}
Generation 2: 135.0 --- {-3.6311717166317456, -11.277616717162207, -0.2551073854521384, -8.852883311224858, 9.403486518354562, 5.426632065373603, 4.618179501416556, 3.2116984710435825, -11.019217586292203, -4.911814720907806, -1.374103792414381, -15.26298161155721, -10.336801404279804, -18.21438910487013, -11.032406116846984}
Generation 3: 161.0 --- {2.189245176761379, -0.5692368806090267, -14.169847605221404, -17.75056039682282, 8.149231760010402, 15.22236023337089, 5.783539879721748, 11.359442288638682, -0.12504794308353784, 21.448919939022407, -10.843012109759659, -38.102061513021575, -24.413094817079912, -12.936880228768286, -20.74206321462538}
Generation 4: 419.0 --- {9.410513436040166, -11.383338785273747, -5.44449611614056, -17.398246413823976, 15.080137214186017, 21.269267510654153, 16.552465335037787, 6.249292873182295, 1.4368670658346971, -1.732932079385628, -12.301554066388974, -18.37318518886894, -30.73233183702463, -37.25280046893733, -19.321850180638194}
Generation 5: 853.0 --- {4.566248085174299, -4.248743967884053, -0.40152344313558874, -9.023494725931938, 1.8993143992270516, 4.268989957289035, 8.455886447308243, 3.796356620935191, 9.331939594362684, 24.93540401103084, -23.873679205828402, -33.60640673908536, -17.586873542627885, -28.433643453824917, -17.808110115122794}
Generation 6: 6392.0 --- {13.565303573967253, -7.908628761512931, -12.526695265376137, -21.999227403211908, 3.8218271752445756, 23.238602406813698, -0.8875769585138116, 3.1276500678531187, 11.315217772347104, 15.502717711947874, -29.995978329631846, -16.24460507380624, -30.056527607358145, -37.15065761786573, -13.105220539989102}
Generation 7: 9371.0 --- {-0.09871289792110183, -11.426168557387175, -11.712519449150522, -11.481396079809166, 3.267816304452958, 7.200154812740395, 6.573624353626957, 1.3884481123729184, -1.3711037717843269, 9.080238150182154, -8.25500672358141, -12.520588255564476, -36.28962986298771, -16.22626401737513, -12.376909682888918}
Generation 8: 6538.0 --- {4.090139426452599, -24.07301909267326, -0.6085250206726931, -24.303481230825756, -3.05824674988464, 18.1042993448367, 5.387078547536122, 6.39331699127537, 14.982524511215606, 17.929799804552193, -40.68929748162561, -8.3421532246818, -37.47083413820701, -39.55956572731504, -16.192218029395647}
Generation 9: 20434.0 --- {5.955568943572037, -17.8474500595923, -22.26705483351151, -11.27744958977981, -14.589343779808942, 11.900214641946315, 1.2080770054881338, 9.214800993200258, 0.958924064129504, 21.659150713391874, -64.83252285093677, -24.175449577635195, -30.56056440477574, -43.2341745018253, -2.935490762584106}
AVG PERF OVER 50 TRIALS: 11176.2
Generation 10: 37672.0 --- {21.555293935145674, -11.275215106916178, -5.910881183879181, -7.016963646657861, -0.28654914257124986, 14.157534028648653, 3.7974045295624097, 10.618837160711678, 6.30940511633791, 13.90261217112061, -44.89815687606231, -48.50326402769086, -52.05782441122985, -44.15063616542456, -21.327584737756766}
Generation 11: 32356.0 --- {17.066740156863204, -7.894547913935153, -11.18048481148366, -14.102790215295629, -5.333063737915067, 2.057837349371061, 9.883907139606558, -2.87932051254751, 1.9442458110257443, 3.2728942628560613, -51.76079722209167, -25.02108545670853, -30.38150837199448, -39.8093211749412, -6.695262432834516}
Generation 12: 57157.0 --- {26.11322013201749, -2.948918784481096, -7.308303917409274, -16.03301096581294, -4.412887392952293, 9.773636582456271, -3.797462358605774, 8.396727626160708, 10.91251688965848, 12.153381630257757, -53.16522317527835, -26.03583897129434, -48.80013095379823, -43.10466700473318, -26.185211446921073}
Generation 13: 96076.0 --- {21.874938723065725, -21.192492449230656, -10.056003883308355, -18.82438191546411, 2.33259219049725, 10.31910753073522, 15.910371938732698, 3.5413616937615995, -5.894314420341139, 10.810294922786255, -76.579295899555, -15.072231789586613, -38.171775874462064, -55.03143676608355, -12.755618109084189}
Generation 14: 54365.0 --- {17.61243291566314, -13.047177183201262, -4.3202618609329315, -3.3168837886849776, 2.558742328283359, 15.439611127532794, 20.57429944388651, -3.8766382067182925, 15.771755161292571, 8.069779826859024, -92.66992491246378, -27.11625458911802, -28.432232514310833, -41.720428493518966, -23.09827195915399}
Generation 15: 39298.0 --- {17.61243291566314, -13.047177183201262, -4.3202618609329315, -3.3168837886849776, 2.558742328283359, 15.439611127532794, 20.57429944388651, -3.8766382067182925, 15.771755161292571, 8.069779826859024, -92.66992491246378, -27.11625458911802, -28.432232514310833, -41.720428493518966, -23.09827195915399}
Generation 16: 79985.0 --- {28.140305496846672, -8.510789918758162, -6.471215628248375, -11.601810424433372, 4.159748317117115, 4.899973933239406, 12.082698288877918, -3.039304550497068, -2.664829074502913, 14.737334904345959, -84.0640245384775, -19.891105435911793, -53.339026473160416, -46.26009984454946, -17.621839009774874}
Generation 17: 118553.0 --- {24.950981830980815, -25.020787953064783, -4.565906465256545, -9.747963750831584, 5.527342968784631, 0.016620437571475577, 5.776234538157324, -3.329727162583052, 13.736712043076517, -3.0035347258679117, -105.1956015201299, -29.40547053422118, -26.888488626616436, -38.70298821623859, -23.60385279685116}
Generation 18: 38434.0 --- {29.00662481428893, -18.933977676533754, -17.70843034262133, -14.980567775918459, -1.4528259782120094, 9.508623854173841, 10.35803946134572, -17.779963945204194, 1.377067111704748, 7.290092744520338, -88.98562584091877, -28.11192176970861, -42.987704181293005, -42.42392697292484, -26.54111649452757}
Generation 19: 120282.0 --- {24.565864417945683, -18.84939532772929, -14.880074192558897, -20.20022877253122, 12.152795343048455, 8.10246546410711, 8.069782085382593, -8.603713724375336, 1.379343525595444, 12.531824367417638, -93.14256914419852, -29.611645750968883, -27.02112524245757, -36.270620543223295, -15.480467775534496}
AVG PERF OVER 50 TRIALS: 21364.68
Generation 20: 64393.0 --- {22.815718912079333, -28.379477469029958, 0.21533190554266746, -6.22448043928641, -8.585701644920459, 4.613820591945966, 20.643017732917485, 8.489531767939528, 10.913315955108365, -8.14528988677036, -94.05875659915745, -29.270318704654837, -14.36345011734862, -27.517296397308396, -29.665906778120114}
