TETRIS-H20-W10. Noise: (50.0, -0.1)
Generation 1: 35.0 --- {-6.311360123359079, -11.406715331131391, -15.384277081745658, -16.827542289705992, -11.716881868625427, -6.770630033151738, -4.532374736425583, 9.823548243292189, 2.8622349386895527, -4.443459378786788, -3.007446291875517, -15.82993571015875, -1.8222208279718428, -2.050370497453499, -21.036357376694923}
Generation 2: 64.0 --- {11.23617754205395, -13.712608998204558, -14.600557756952249, -11.788354194096705, -18.972058123646605, 6.8814678621732766, -6.4407566325390055, 15.238431214338917, -5.900212221384195, -5.934309007148835, -27.795091139993232, -5.275434717177415, -10.498573097460309, -17.542470067638124, -7.3303113037108565}
Generation 3: 304.0 --- {-13.362029972446098, -17.63229739507673, -6.21887721107386, -10.27247515776629, -18.86254006673604, -28.188381428013347, -14.335216609744968, -22.151041438449774, 10.47733810824692, -8.946793755880362, -15.371580909205322, -23.891292614104596, -28.692308106794556, -18.277627808327857, -9.786197056675011}
Generation 4: 535.0 --- {9.721079176541139, -13.46320201970992, -25.756746939410903, 1.7202769677162397, -16.245685611226502, -5.289707361508253, -7.597696630792932, 11.520701526991719, 5.014445096591514, -5.533891164736877, -33.447000031636975, -0.8153076210852959, -9.592192908723522, -33.486933138664654, -12.611220897855992}
Generation 5: 638.0 --- {-33.80511126909158, -23.661092437592302, -37.02564847479172, -22.50383438768713, -24.736403881046748, -32.86798155520148, -6.765012908955268, -13.55899145292415, 1.4414757644743499, -16.432561098224525, -15.222705458053763, -17.771239964827988, -28.20591361478605, -16.359142919608253, -5.204668094575623}
Generation 6: 1567.0 --- {0.12323166279132458, -10.508659874777882, -11.979277174498069, -11.447413730050405, -25.293772378199968, -5.7062281417830825, -14.547038314758371, -3.290284895552379, 3.7613695145068364, -19.815838127332384, -31.25237945434821, -5.875992612644526, -30.171039751260118, -24.94553892732036, 5.974523506032833}
Generation 7: 2637.0 --- {-3.2179393003075196, -14.192438512796354, -28.524141608540383, -18.0149136072706, -5.363245425045765, -7.400953207321941, -5.38556110876606, 9.71452399947388, -0.309863098593711, -11.346589560491683, -45.95328917361303, -11.42478667234484, -27.326619262288766, -19.155487042902394, -6.488061249203547}
Generation 8: 3687.0 --- {-1.23371880211735, -21.53210798826334, -4.428442934106883, -12.150722077973441, -5.132613598239253, 1.1889375800873987, -6.246947112950295, -0.8024977130865034, 0.3349434350284879, -2.1557695634017042, -35.17397939178145, -8.334825474558722, -23.720674928248666, -29.319872415004255, -3.6456467612715455}
Generation 9: 8076.0 --- {9.41391994097046, -15.915178454041538, -9.160174332568953, -12.70686257745348, -8.092570671871695, -9.226045099014565, -2.016750566832468, -10.456022328868913, -18.68280016503704, -3.9277936298766067, -41.94188783723253, -13.037188101654984, -37.79075279717037, -24.53118350391145, -12.635698363939685}
AVG PERF OVER 50 TRIALS: 6210.4
Generation 10: 17748.0 --- {9.41391994097046, -15.915178454041538, -9.160174332568953, -12.70686257745348, -8.092570671871695, -9.226045099014565, -2.016750566832468, -10.456022328868913, -18.68280016503704, -3.9277936298766067, -41.94188783723253, -13.037188101654984, -37.79075279717037, -24.53118350391145, -12.635698363939685}
Generation 11: 31724.0 --- {9.267184388424859, -12.764283160162424, -6.557332060600451, 9.07804175925647, -17.57721165859479, -11.883500399357724, -16.968874441627396, -19.20165809410022, -8.224000852007098, -17.605592665070425, -51.742996040919934, -20.680582032976062, -50.60589957821391, -22.488704527266595, -10.088380751747788}
Generation 12: 29029.0 --- {14.536853059239816, -17.40833099381026, -2.092365722887676, -0.360448331367234, -1.1801253955850095, -17.136362384178355, -15.560492186729146, -14.549092296843043, -9.318539862857028, -2.601735013063843, -48.166733203223, -21.615567158415764, -50.61794715096373, -21.320594216693838, -17.085499043921438}
Generation 13: 12079.0 --- {3.3273212022852356, -38.01928696981706, -0.7950132579327782, -14.128078732872329, -18.06957045995796, -18.482757415221144, -1.051029818591699, -16.51238516266607, -1.89829190860085, -20.08715745252929, -46.89543113076819, -17.090041068069727, -61.62409556937786, -24.4348017188973, -14.383471360730232}
Generation 14: 26302.0 --- {9.256675224908983, -17.823423699899237, -8.114839026380807, -17.08492208030845, -17.11967662057924, -25.419913025180243, -4.768824728907971, -11.172101947094035, -12.849699381188742, -6.304943514821695, -48.872318220594806, -14.573117500743866, -60.96302506201623, -15.701177506353485, -11.151962478943}
Generation 15: 43163.0 --- {24.73092493150787, -15.71165129830608, -2.8494788215162155, -6.313896895874591, -4.704511655256685, -18.884691485647213, -3.661516371062802, -24.779611783292992, -17.18150064640819, -26.108836374087783, -46.765725257013614, -23.748622700814245, -56.403000631587545, -24.535479625716956, -6.756946483427801}
Generation 16: 36337.0 --- {9.256675224908983, -17.823423699899237, -8.114839026380807, -17.08492208030845, -17.11967662057924, -25.419913025180243, -4.768824728907971, -11.172101947094035, -12.849699381188742, -6.304943514821695, -48.872318220594806, -14.573117500743866, -60.96302506201623, -15.701177506353485, -11.151962478943}
Generation 17: 64562.0 --- {36.013098354342176, -27.834011686587832, 4.365897997243994, -4.481811406782379, -9.593490874478267, -9.423107229342158, -4.008761999773024, -14.686897195217162, -1.7629974679449267, -22.204104897596668, -63.41924395383722, -33.92624114789466, -53.760474073965796, -18.78168323402089, -12.836653514525732}
Generation 18: 121508.0 --- {22.142504035058302, -17.382775333068736, -5.308928053885177, -17.407080770311826, -4.269123688384445, -19.365812784844923, -5.637407285184111, -22.641328381087625, -14.60387530241581, -22.97350312974511, -62.10012396831357, -21.209122177702938, -66.12823558176464, -22.8361565280569, -4.385531774710301}
Generation 19: 120204.0 --- {26.548608513897214, -24.78625004545368, -0.961324029271837, -24.517574176588305, -2.511847867381743, -11.585427615981947, 9.807439214458553, -10.041843702265938, 2.6455881819806546, -2.7707538614318086, -69.27744144658314, -26.34414264635582, -61.71843974040982, -35.229643237731466, -17.067192668059846}
AVG PERF OVER 50 TRIALS: 73943.5
Generation 20: 89229.0 --- {25.774943080611102, -23.155538706728983, 8.527837209159108, -16.352239364667053, -3.2807181777700256, -15.620830586328854, -0.9590364211441735, -28.388368070106992, -12.621665209949132, -15.34553636703772, -81.06906317306164, -10.468647199921172, -64.46530908343158, -31.514118550338214, -15.957170663501776}
