TETRIS-H20-W10. Noise: (50.0, -0.1)
Generation 1: 14.0 --- {9.169388034025035, -17.609389394168907, 1.5278013324913666, -5.349143972336158, 1.7385472256528602, -9.947352128675098, -14.509477089419043, -5.235604353438111, 7.047389546131341, -5.596637657759254, -7.419630558221183, -1.4886278621230082, 6.677048834548405, -24.671846599340125, -11.176307439194154}
Generation 2: 4.0 --- {9.169388034025035, -17.609389394168907, 1.5278013324913666, -5.349143972336158, 1.7385472256528602, -9.947352128675098, -14.509477089419043, -5.235604353438111, 7.047389546131341, -5.596637657759254, -7.419630558221183, -1.4886278621230082, 6.677048834548405, -24.671846599340125, -11.176307439194154}
Generation 3: 6.0 --- {9.169388034025035, -17.609389394168907, 1.5278013324913666, -5.349143972336158, 1.7385472256528602, -9.947352128675098, -14.509477089419043, -5.235604353438111, 7.047389546131341, -5.596637657759254, -7.419630558221183, -1.4886278621230082, 6.677048834548405, -24.671846599340125, -11.176307439194154}
Generation 4: 109.0 --- {10.72894560534695, -9.513505119709722, -2.6732443756115556, -7.872471946596119, -22.43994923737949, -4.201423855765428, -7.282460360586372, 12.443900084483113, -1.7654375379869336, 6.564010531714747, -10.512976482880802, -17.31783666301601, -18.540157566982927, -26.591316534393094, 5.055790173485015}
Generation 5: 68.0 --- {10.72894560534695, -9.513505119709722, -2.6732443756115556, -7.872471946596119, -22.43994923737949, -4.201423855765428, -7.282460360586372, 12.443900084483113, -1.7654375379869336, 6.564010531714747, -10.512976482880802, -17.31783666301601, -18.540157566982927, -26.591316534393094, 5.055790173485015}
Generation 6: 164.0 --- {-8.447685031450757, -6.331391881794459, -20.789919058958752, -18.7684793554881, -17.342968316607973, -5.288697616919476, -19.821159470531303, 2.4096412601095976, -10.222429309361209, -0.5712994158004838, -31.320395933850413, -7.320832451258309, -11.237344462599872, -10.975681144453276, -13.000935363684093}
Generation 7: 370.0 --- {6.470870186837827, -11.044166145337917, -25.300613932445124, -13.023856384121235, -7.2431782058113185, 11.44021978243607, -13.337091316594346, -4.967683559692208, -2.9705962210391204, 17.403354073873903, -10.608445542397964, -16.492749547671302, -24.448086900254836, -13.816206224606223, -7.50488719398849}
Generation 8: 407.0 --- {6.470870186837827, -11.044166145337917, -25.300613932445124, -13.023856384121235, -7.2431782058113185, 11.44021978243607, -13.337091316594346, -4.967683559692208, -2.9705962210391204, 17.403354073873903, -10.608445542397964, -16.492749547671302, -24.448086900254836, -13.816206224606223, -7.50488719398849}
Generation 9: 393.0 --- {1.5642080342201952, -31.146469585985503, -6.020362914266576, -10.192203961677873, -6.006100889995826, -2.9778963875784474, -9.522716641836688, -0.41417395021837317, 8.393524694051852, 10.386311062354968, -18.360412652067673, -13.936231485316329, -20.392075662931433, -19.598255238533447, -0.827606043081329}
AVG PERF OVER 50 TRIALS: 407.96
Generation 10: 918.0 --- {5.195859438627552, -23.09175537334067, -27.41745456623149, -19.06513864819859, -7.6307738907327, 7.32174350039838, -10.33847836640742, -10.510503381314393, -11.566877341002503, 8.169908410617417, -28.27761259643219, -15.696362581124205, -17.88426629017257, -26.17584214854235, -4.867262132396892}
