TETRIS-H20-W10. Noise: (50.0, -0.1)
Generation 1: 7.0 --- {1.9023377545777698, -15.319415998868083, -7.135890210527132, 3.1796397229588607, -6.683146063723929, -11.170211045820825, 8.192710588127643, -18.8043234466708, -8.526242292402573, -3.0475698477626567, -1.0661803003005779, 7.144503585606974, 4.597328741706023, -12.723366976698163, -2.3383310537724915}
Generation 2: 8.0 --- {-3.3524696518783954, -1.8949465430127255, -6.502499036654196, -3.3955913640105404, -12.287312195997831, -4.144734197053211, 12.069524955433934, 16.16019326899947, 2.3875591792014568, -5.946091828952192, -1.2758404402983476, 4.9980948690570255, -5.339376362909876, -8.572569070724514, -7.732980039429148}
Generation 3: 43.0 --- {-27.570039237605634, -7.036749201907051, -12.811381259247435, 5.759788926253936, -16.059093201239186, -9.024770868281337, -13.105952397593315, -20.029204808447695, -6.860217626921755, 4.520416987808262, -24.12403171843338, 1.7393732054476392, -3.8716364770843605, -26.012617568900367, -7.685504066959943}
Generation 4: 15.0 --- {-27.570039237605634, -7.036749201907051, -12.811381259247435, 5.759788926253936, -16.059093201239186, -9.024770868281337, -13.105952397593315, -20.029204808447695, -6.860217626921755, 4.520416987808262, -24.12403171843338, 1.7393732054476392, -3.8716364770843605, -26.012617568900367, -7.685504066959943}
Generation 5: 82.0 --- {-37.15153526685327, -11.236592473577439, -3.126084798120898, 4.89039188199371, -12.482204977201839, -28.94068243359729, -2.0400747086199855, -20.24982463332367, -16.94560824207805, -1.7160894275889715, -20.68257197440215, 0.8300684280819111, -32.17759520580347, -31.62840409989046, -12.977384815932364}
Generation 6: 81.0 --- {-21.338027045236064, -17.69984434372319, -14.68461999409882, 1.6135300449622654, -5.863805182272644, -13.953718554118895, 2.196491761134787, -8.106204292866769, -10.68794643128175, -11.38725976279439, -22.729502785444886, -2.2763799430883465, -13.454782407799557, -23.508223315654863, -26.744232246525257}
Generation 7: 123.0 --- {-31.61311673263475, 7.658359600149084, 0.9860794748232751, 10.831595108275557, -21.032395374406207, -0.023578639484206576, 21.584942716032693, -11.948018123942667, -30.31643051879208, 13.266779939640253, -30.923649682782894, 5.4382478532007354, -28.71727494453521, -40.17011105347923, -6.950761223071497}
Generation 8: 347.0 --- {-21.99117847225875, 14.185982176790333, 0.8250931689966166, 8.071608314796922, -15.9113342022087, -21.399378663183967, 4.230075275124744, 6.097033983499859, -12.514065024139063, 6.531400488735187, -35.408622842220915, 10.845961283586716, -17.092090561771645, -24.998016269410073, 2.074206470631167}
Generation 9: 489.0 --- {-30.680560975102985, -10.833981374285106, -11.64448541283415, 8.21314493884326, -17.891569530006286, -28.385399818267718, 2.140330033407673, -18.44557909201729, -4.02307234701944, -9.478356161361898, -33.945041197770024, -2.8855290195450696, -40.77273744632339, -34.50682267488716, -2.9759148967041194}
AVG PERF OVER 50 TRIALS: 276.18
Generation 10: 376.0 --- {-30.680560975102985, -10.833981374285106, -11.64448541283415, 8.21314493884326, -17.891569530006286, -28.385399818267718, 2.140330033407673, -18.44557909201729, -4.02307234701944, -9.478356161361898, -33.945041197770024, -2.8855290195450696, -40.77273744632339, -34.50682267488716, -2.9759148967041194}
