TETRIS-H20-W10. Noise: (50.0, -0.1)
Generation 1: 3.0 --- {5.446551734562584, -3.4783162817782514, 6.055518045015491, -0.2735620513082985, 2.4813499095832476, -7.16594183520267, 8.539393156934134, -23.621539253747702, -7.261024838732172, -10.036893727858198, -13.531270218047549, -5.310547917776778, -7.570587577591356, 5.895104197400688, -7.469508222059393}
Generation 2: 8.0 --- {4.25323776759528, -4.662002482632371, 7.104898499601264, 7.874317836270629, 11.948158581682607, -1.6024363611997947, 23.459804504290215, -15.252741848599571, -15.838135079538734, 1.0375637379008191, -33.265484635033864, -6.184202117040108, 0.07754053938462357, -11.160946864973765, -6.774122825614289}
Generation 3: 11.0 --- {13.932313740506562, -6.8548117696232245, 5.0278981364523565, 0.1767412118666467, 1.1988856238583265, -21.59092423463617, 8.521514578130034, -9.385289919836818, -20.43519688810657, -4.5559592339433275, -15.236818091679996, 6.64209298150567, -9.20487456906068, -4.966116071956964, -14.1850674006462}
Generation 4: 14.0 --- {7.7278319156600075, -13.992517679898322, -8.598294744009797, -3.2487463832113135, -23.319176233008722, 2.368080376964963, 3.9159968627545023, -5.553240657298735, -12.772326240904341, 8.290812068151304, -14.671319954991986, -9.466027626640734, -8.011102306519618, -5.896495267390465, -2.1192262711444805}
Generation 5: 21.0 --- {5.961690706852701, -22.80657762906494, 2.2270360621597884, -2.964106730026373, -5.734411961803081, -7.704244865396904, -10.854142638553393, -9.858200130639391, -22.16316991802477, -7.214100075869421, -3.5681501416301806, 0.9151776173939792, 2.1422187185433876, -10.714464853834212, -8.065634740411456}
Generation 6: 111.0 --- {-5.887074353471558, -16.143888763168174, -7.449090369345111, -0.21352220341509076, -2.108021895739979, -13.08243176653214, 5.387604840187766, -15.670701504839357, -5.2883510302366545, 1.7524457485636344, -23.27503781886022, 3.476752666617986, -4.26332480356512, -27.394784054707166, -9.234554569806518}
Generation 7: 2381.0 --- {5.390649824612771, -0.22415048775514634, 12.247847900014566, -4.194790786208374, -0.9468451907191611, 0.5915326135288481, 3.942060461231486, -11.898625979568063, -7.590541584969315, -5.354777566841553, -30.35197132318732, -11.497306499521894, -21.97340434346043, -7.752001302241495, -10.634553665488287}
Generation 8: 317.0 --- {5.390649824612771, -0.22415048775514634, 12.247847900014566, -4.194790786208374, -0.9468451907191611, 0.5915326135288481, 3.942060461231486, -11.898625979568063, -7.590541584969315, -5.354777566841553, -30.35197132318732, -11.497306499521894, -21.97340434346043, -7.752001302241495, -10.634553665488287}
Generation 9: 1031.0 --- {-3.2823269100457697, 1.5576172094931628, 4.1332293830273805, 7.895001630269807, -10.646078557959623, -5.727419666924054, 6.687520475229913, -6.64304185634149, -23.400782507119374, -4.412815068253525, -28.048677708744496, -5.978371419818266, -25.688394844140007, -19.200983823820188, -4.405273595620171}
AVG PERF OVER 50 TRIALS: 573.72
Generation 10: 1046.0 --- {5.390649824612771, -0.22415048775514634, 12.247847900014566, -4.194790786208374, -0.9468451907191611, 0.5915326135288481, 3.942060461231486, -11.898625979568063, -7.590541584969315, -5.354777566841553, -30.35197132318732, -11.497306499521894, -21.97340434346043, -7.752001302241495, -10.634553665488287}
