TETRIS-H20-W10. Noise: (50.0, -0.1)
Generation 1: 3.0 --- {-10.908129387901454, -3.13634403530858, 1.4432899627016182, -9.54259016364665, 7.121308006333413, -16.632494440908076, 2.7167525115539486, 13.769012501012035, -7.926065659312833, -0.7431492248571316, -15.016455041518865, 11.56924840450653, 1.8035746562328272, 5.228321437276958, -15.311415536597629}
Generation 2: 7.0 --- {-6.5162585696738775, -6.655509506401659, -5.963913179194778, -0.8778510158445305, -5.144718541352289, -8.969090676508909, -12.292318291065587, -6.105636294195644, 22.39736533937849, -4.086731134392341, -7.677058019951863, -12.168013324892332, -31.38941950894067, -5.689997248299649, -5.022406242020174}
Generation 3: 34.0 --- {-3.297659987593856, -2.395389106948409, -1.041100270911979, -9.618745050014844, -11.842898831138932, -13.01540565573015, -4.420240865919542, 3.6958655105286127, 6.643643020586563, 8.314916088831822, 5.884512044441886, -10.424235637927211, -16.441624586461835, -22.36970643296629, -17.083860217574255}
Generation 4: 41.0 --- {-4.024549970324012, 2.74310123130507, -3.174237381244457, -2.3996285589349746, -17.172070844636227, -12.619539270473293, -10.658731217870384, -26.943129227404704, -2.183645672128233, 2.7456975491756577, 5.594591827481263, -8.424676158923202, -21.069828864222814, -23.04589173578196, -19.214639967226063}
Generation 5: 55.0 --- {-17.468289126836027, 2.1552052757548807, 2.6530318173148135, 2.2031603526203565, -22.829705012798154, 0.3125676982693726, -9.948155512732438, -22.201487165638973, 3.502152170456977, -2.6303923236457036, 5.093431416554933, -28.89808253550958, -33.352712487520414, -18.586218997784773, -28.150450887380522}
Generation 6: 113.0 --- {7.7824323361459395, -14.949739272642848, -16.612352172572972, -0.07314868482545034, 2.8916413999922277, -0.7549133286158458, 12.866936287015399, -9.010751246771637, 9.549499170214435, 1.8800881975809238, -15.424012287554884, 9.719481324391158, -8.424838243374072, -24.00890888164874, -4.8696604805598795}
Generation 7: 92.0 --- {-13.382293171477672, -15.108002175932338, -10.625488102194828, -2.8576012159407513, -16.924337001425123, 2.771316385669172, 6.2968071250670885, -17.00984041153661, 17.240345021945117, 2.3730404553977946, -4.492084914143414, -23.449464633564286, -17.80883974813054, -20.678914898069007, -17.940473353898128}
Generation 8: 111.0 --- {-13.382293171477672, -15.108002175932338, -10.625488102194828, -2.8576012159407513, -16.924337001425123, 2.771316385669172, 6.2968071250670885, -17.00984041153661, 17.240345021945117, 2.3730404553977946, -4.492084914143414, -23.449464633564286, -17.80883974813054, -20.678914898069007, -17.940473353898128}
Generation 9: 697.0 --- {-14.309049859617444, -13.46832173663174, -10.517013243950156, -12.912306227496078, -15.777908966410205, -8.12679572764015, -3.2869176405646074, -4.904589528778978, 2.0756088026034654, 1.074551336019371, -3.198760394404764, -14.925165483730634, -23.567747824073344, -26.853196560756494, 3.8917147445261744}
AVG PERF OVER 50 TRIALS: 64.62
Generation 10: 118.0 --- {-7.526011695753392, -13.39754659448258, 9.818674730310105, -3.799721530740152, -1.4013531883921857, 3.6687381628829616, -22.16783479768376, -12.0439774729519, 11.01311463888751, -1.4250175114462502, -24.769595803959053, -28.49377441397891, -14.754446937490876, -12.196442393347269, -19.389352566613688}
