TETRIS-H20-W10. Noise: (50.0, -0.1)
Generation 1: 6.0 --- {16.319009045709095, 4.484312107915368, -4.951470167584954, -1.9272901157907294, 4.5149783637003065, 6.214988542488737, -24.907220560573847, 0.8383295730576285, -4.378667322052191, 10.229736593937224, -21.018530105071402, -4.635924881673121, -7.1907751796054695, 4.265430516674944, -13.851434890893428}
Generation 2: 41.0 --- {4.101828184102567, -0.941251151166917, 0.36105943801576856, 5.346933826406482, -10.32051221487762, 9.78867840752832, 2.644266348991986, -4.189489526308203, -1.247170054317362, -4.629979744953077, -39.03188089728801, -11.087422224467133, -7.581226009759247, -5.699140867437306, -15.066697400735164}
Generation 3: 19.0 --- {4.101828184102567, -0.941251151166917, 0.36105943801576856, 5.346933826406482, -10.32051221487762, 9.78867840752832, 2.644266348991986, -4.189489526308203, -1.247170054317362, -4.629979744953077, -39.03188089728801, -11.087422224467133, -7.581226009759247, -5.699140867437306, -15.066697400735164}
Generation 4: 44.0 --- {3.9191099501320297, -7.947152449741932, -0.2800217988450724, 9.709220225729016, 5.592172228599641, 26.76414609856856, 1.7336343237505947, -15.940007234941113, -22.21858269599071, -19.27891939506802, -27.137748031459907, -27.788661844245034, -19.16544423117292, -17.793052567739682, -7.6955072763473895}
Generation 5: 139.0 --- {9.60255139803228, 6.758081073379196, -17.245048797280727, 3.460262249407113, -16.620889313131354, 18.988832423433788, -8.952567443271533, 1.0803920195685226, -12.117215999667836, -5.918755935258577, -19.36791236074584, -18.496262278605215, -8.192634174472456, -10.849727014763841, -4.543446194782817}
Generation 6: 155.0 --- {9.60255139803228, 6.758081073379196, -17.245048797280727, 3.460262249407113, -16.620889313131354, 18.988832423433788, -8.952567443271533, 1.0803920195685226, -12.117215999667836, -5.918755935258577, -19.36791236074584, -18.496262278605215, -8.192634174472456, -10.849727014763841, -4.543446194782817}
Generation 7: 357.0 --- {7.092667949896961, 5.7081224549039815, 5.5868610653698685, -0.6246727484169519, 2.601704041149331, -8.505600572025807, -11.652658214393155, 11.92982622435406, 3.9910133045289324, 2.504228844466052, -13.658315913118392, -14.529308704169534, -34.19142489072422, -20.708394555810976, -14.254288822999928}
Generation 8: 344.0 --- {13.361066646935278, -0.7645021358339464, -9.686224741518142, 8.119841470987556, -27.882883213624744, 0.5166863726509554, -13.238346675121825, 7.502145807550585, -15.339358317649193, 10.811085272796163, -22.103828913201202, -25.142069775491635, -23.426049812907685, -25.555878187302774, -4.942500633361555}
Generation 9: 200.0 --- {23.649926146768777, -1.9927426362011067, -4.124221678732701, 2.671568505969703, -4.7041208675238195, 10.355809061517688, -5.255201768186175, 7.425826267473469, -14.35605794783677, -5.102462613009482, -25.17573563810573, -27.710697841413655, -10.650571077346767, -18.088624196685437, -8.005240909201245}
AVG PERF OVER 50 TRIALS: 246.64
Generation 10: 477.0 --- {17.307304150792817, -1.2184488183088418, -7.611043593946089, 11.90826794543844, -15.411541521243935, 5.632418033017862, -14.836492109303505, 0.1282301143900204, -21.730851764731995, 10.75054506138875, -12.98081819960461, -45.15399848420431, -35.95157925035056, -26.11481225100421, -7.502564554846117}
