TETRIS-H20-W10. Noise: (50.0, -0.1)
Generation 1: 31.0 --- {-7.902355513167678, 0.7897649895514687, -22.578607996881168, -22.62491544748119, 6.6057195695086035, -5.941479151158735, -10.972832844541486, -6.938917572382179, -10.31609688631766, 3.477147169639751, -2.087269568464973, 2.682999604378952, -3.499812729837823, -5.047235798457173, 0.666320368301824}
Generation 2: 53.0 --- {6.611824450754771, -6.9671495967022175, -2.153340143528859, -7.1647859895252495, -9.916561970587498, -3.0962843680809744, -8.009288800044903, 0.1407255368462561, 1.637141635424432, 4.807017123185124, -17.156400027117524, 12.644691916587956, -10.20773916930054, -27.48620450122842, -13.012241757990722}
Generation 3: 54.0 --- {2.3578289057696904, -10.007054873259902, -10.162348545784607, 7.840722660500605, -16.97740954468228, 4.972953243863321, -9.426434017405333, -2.464763319154672, 5.871682456871703, 7.778321641512584, 14.226852814390345, -31.60172051561772, -42.99713736550793, -14.424193238815585, 11.178911067520742}
Generation 4: 129.0 --- {9.692132832789238, -15.76043679591813, -8.825776119234186, -16.029143114928402, -2.1709480145679, -6.597322175080517, -9.894131375536286, 5.163326049759114, 0.334096224346184, -18.1494036705142, -24.426488024422135, 6.743260410053849, -7.104923669485205, -17.51963358254527, -9.321190160290026}
Generation 5: 384.0 --- {3.5589986283410395, -12.832805056778698, -10.59309655834227, 6.320967927664403, -13.184054299016239, 8.807653785528483, 2.1394984106415134, 21.673969233570222, 2.732238091936927, 3.382765117307469, -17.798746633393066, -13.75356614542998, -17.597553577921374, -30.888578673097722, -20.980462658740382}
Generation 6: 407.0 --- {3.5589986283410395, -12.832805056778698, -10.59309655834227, 6.320967927664403, -13.184054299016239, 8.807653785528483, 2.1394984106415134, 21.673969233570222, 2.732238091936927, 3.382765117307469, -17.798746633393066, -13.75356614542998, -17.597553577921374, -30.888578673097722, -20.980462658740382}
Generation 7: 1178.0 --- {14.897616763076062, -7.7493244798245104, -4.480245998037846, -11.363267131414096, 11.434025159337098, -8.063331186750593, 11.034739643104606, 4.036470379523941, 6.605155949702326, 18.241208067451687, -13.570927262057992, -28.716266763672525, -42.21445330247564, -29.793740396926758, -4.053652284469116}
Generation 8: 789.0 --- {10.64508548587789, -21.817973600158798, -6.297571046674658, -0.5353744250298451, -16.12337629604132, -21.29519542670147, -1.5228268559466924, -12.085794897605403, 1.4298399410103757, -3.3338263609383008, -16.488938312741656, -15.449324952225904, -38.294312386411946, -25.285115479734987, -2.9587479570381543}
Generation 9: 1158.0 --- {10.64508548587789, -21.817973600158798, -6.297571046674658, -0.5353744250298451, -16.12337629604132, -21.29519542670147, -1.5228268559466924, -12.085794897605403, 1.4298399410103757, -3.3338263609383008, -16.488938312741656, -15.449324952225904, -38.294312386411946, -25.285115479734987, -2.9587479570381543}
AVG PERF OVER 50 TRIALS: 1043.12
Generation 10: 1038.0 --- {14.897616763076062, -7.7493244798245104, -4.480245998037846, -11.363267131414096, 11.434025159337098, -8.063331186750593, 11.034739643104606, 4.036470379523941, 6.605155949702326, 18.241208067451687, -13.570927262057992, -28.716266763672525, -42.21445330247564, -29.793740396926758, -4.053652284469116}
