TETRIS-H20-W10. Noise: (50.0, -0.1)
Generation 1: 5.0 --- {3.1027035868653203, -16.700551676134335, -11.26344040973423, -15.227910208609538, 8.23710578283571, 4.7069672520347305, 6.035771681686156, -12.246775906484451, -1.3723476105765207, 0.5849149342570266, 8.937520224515882, 3.292414425001205, 0.25439063672206214, -15.688170464221674, -5.643351072712211}
Generation 2: 19.0 --- {-3.887188720968492, -22.511058158548007, -2.3008166239770595, -4.826191475802679, 2.902789213782021, 13.816951225698642, 4.977260968044465, -5.942411177785768, -13.054969086028493, -11.417041718263993, -22.24377719230279, -3.906848797655833, -19.7076366030508, -12.507804096798534, 0.8094339744038764}
Generation 3: 36.0 --- {5.259117074158463, -15.930977802966368, -4.535597343014057, -11.544739684263236, -8.946523869572417, -2.3028663748149794, 4.305675277344935, -9.61486211664759, -4.224459220732327, 7.1160904887639855, -8.933029966705273, 3.73647732494255, 0.6878382907810018, -20.689891863088523, -9.46429261070494}
Generation 4: 129.0 --- {1.4742821693596388, -20.671268722864596, -20.972013280445676, -13.494517944989612, -1.9554001723540608, 8.116433200885613, -6.215011527985897, -7.260979629111079, -8.901543098303668, -12.5118443901913, -20.209234908408977, -21.48366314484455, -18.913486491065967, -3.4969908868602566, -7.960355145846144}
Generation 5: 890.0 --- {3.5248909216097943, -9.822533365933186, 1.6369000803501486, -4.2231082206152175, 2.0483886379295133, 7.075762438781533, 10.349635713643586, -16.609992747361503, -12.700382020777287, -20.450820248186158, -27.46466530648998, -7.281689983857549, -21.73591336792706, -14.132683079249887, -12.08322266147444}
Generation 6: 550.0 --- {3.5248909216097943, -9.822533365933186, 1.6369000803501486, -4.2231082206152175, 2.0483886379295133, 7.075762438781533, 10.349635713643586, -16.609992747361503, -12.700382020777287, -20.450820248186158, -27.46466530648998, -7.281689983857549, -21.73591336792706, -14.132683079249887, -12.08322266147444}
Generation 7: 224.0 --- {1.075227976177225, -13.997282513779211, -5.290581917150093, -10.026368502127882, -3.197794583377352, 8.906001435564514, 1.3469966300178298, -18.752074986832472, 7.6322896450989095, 0.4065305552199945, -29.54180991038139, -12.39279479399555, -22.422218899829968, -33.439288603767594, 16.001548154917096}
Generation 8: 1778.0 --- {1.9046326593443663, -17.144357911362913, -1.5014020876098906, -16.26043212752295, -15.35281049344402, 3.7073530608744343, -3.0548241812080437, -16.57634603840771, -16.094979591428398, -1.4244004890320254, -31.61049659579851, -0.9397470505379255, -18.899782527739255, -27.690500093736638, 9.428505924941966}
Generation 9: 395.0 --- {6.735238752432748, -34.68970038141178, -8.665155410960303, -16.343047184444647, -2.9086551436281116, 3.681790910433334, 8.996997385612726, -12.000705489883849, -1.534334913656374, -4.523395777291678, -12.76807095224687, -12.749546529633117, -11.846424114004119, -34.65194966908206, 12.102753599578579}
AVG PERF OVER 50 TRIALS: 349.28
Generation 10: 1365.0 --- {1.9046326593443663, -17.144357911362913, -1.5014020876098906, -16.26043212752295, -15.35281049344402, 3.7073530608744343, -3.0548241812080437, -16.57634603840771, -16.094979591428398, -1.4244004890320254, -31.61049659579851, -0.9397470505379255, -18.899782527739255, -27.690500093736638, 9.428505924941966}
