TETRIS-H20-W10. Noise: (50.0, -0.1)
Generation 1: 17.0 --- {-14.79933121866745, -2.9772349303803076, -8.409856306804025, -1.0113461322886348, -1.856834015793289, -15.103814516809404, -15.92518909323883, -8.106502738599602, -0.5632406105886443, -3.6571349914123714, -22.109146142887784, -11.109718193549828, -0.6252243044149115, 1.8754205582217645, -15.90835420237853}
Generation 2: 77.0 --- {-14.79933121866745, -2.9772349303803076, -8.409856306804025, -1.0113461322886348, -1.856834015793289, -15.103814516809404, -15.92518909323883, -8.106502738599602, -0.5632406105886443, -3.6571349914123714, -22.109146142887784, -11.109718193549828, -0.6252243044149115, 1.8754205582217645, -15.90835420237853}
Generation 3: 38.0 --- {-14.79933121866745, -2.9772349303803076, -8.409856306804025, -1.0113461322886348, -1.856834015793289, -15.103814516809404, -15.92518909323883, -8.106502738599602, -0.5632406105886443, -3.6571349914123714, -22.109146142887784, -11.109718193549828, -0.6252243044149115, 1.8754205582217645, -15.90835420237853}
Generation 4: 25.0 --- {-24.65666807729711, -24.485722312919734, 20.994671227757124, -32.97436231138098, -17.208603272124027, -3.0491342049580346, 0.11999961623141076, 4.766917668671631, 14.761135284829818, -4.138552423207518, 3.22787116551748, 0.9707452832199506, -21.487483373544986, -17.780532643524552, -13.63924988717542}
Generation 5: 43.0 --- {9.232321741537248, -2.627003526576401, -11.096520769335394, -2.4677150904643326, -13.950170584109662, 1.069193024040775, -0.650423406081801, -0.5373338726084951, -2.87920291022514, -14.834318216766405, -8.04824769496151, 11.558044087061802, -9.54565223536462, -16.02615849292721, -6.777499285442388}
Generation 6: 152.0 --- {-7.684117714180183, -9.327979073555209, -1.0740744297254956, -3.999448059012367, -23.0391841713397, -4.613788978374466, -3.693046100987571, -17.36801848719634, -18.50219316909908, -4.2240308882175555, -21.916428728299977, -3.885669000049872, -7.991082467514725, -21.88038907646314, -1.9242737593132038}
Generation 7: 168.0 --- {-7.96425322134415, -29.37427065915723, 8.92240433348198, -23.933117245538664, -23.949668033682062, 2.609441215880018, 4.693760736912547, 3.882262747244173, 14.677883941979102, -3.4834155119646164, -23.005384355388458, 1.3868284244738813, -10.033223537871491, -20.52320292995654, -15.672292698303995}
Generation 8: 220.0 --- {-13.36687941299152, -16.097270348702807, -6.538921620413477, -10.177473071620556, -18.868669594935852, 4.974301966899929, 5.1221486530426965, -7.753535904652637, 1.2633938026518443, -5.858005194701926, -27.374241551522104, -27.488806340571124, -19.747223066797588, -30.203995755881824, -27.17360528371459}
Generation 9: 383.0 --- {-13.36687941299152, -16.097270348702807, -6.538921620413477, -10.177473071620556, -18.868669594935852, 4.974301966899929, 5.1221486530426965, -7.753535904652637, 1.2633938026518443, -5.858005194701926, -27.374241551522104, -27.488806340571124, -19.747223066797588, -30.203995755881824, -27.17360528371459}
AVG PERF OVER 50 TRIALS: 155.06
Generation 10: 775.0 --- {1.249055115356132, -32.97737844239439, -7.778235452990784, 5.298385923672154, -18.113703093309855, 3.195635267281392, -0.40609970404178686, -14.472759755212362, 7.440975341206924, -1.6011429816648235, -10.400027335359631, -17.94386948764714, -44.1150363436759, -16.519585326688702, -31.063960533178072}
