TETRIS-H20-W10. Noise: (50.0, -0.1)
Generation 1: 17.0 --- {-2.635820140975281, -14.317766963346102, -11.251130501013748, -10.73374940464407, -1.9605255679984055, -5.688909497263621, -3.184443068060459, -3.0170528104726078, 0.652835349469762, -3.187945302595886, -2.303395419686822, 4.6636536722344415, -1.304034682977372, -7.7853104656222, -3.360393128801777}
Generation 2: 16.0 --- {-2.635820140975281, -14.317766963346102, -11.251130501013748, -10.73374940464407, -1.9605255679984055, -5.688909497263621, -3.184443068060459, -3.0170528104726078, 0.652835349469762, -3.187945302595886, -2.303395419686822, 4.6636536722344415, -1.304034682977372, -7.7853104656222, -3.360393128801777}
Generation 3: 25.0 --- {-2.635820140975281, -14.317766963346102, -11.251130501013748, -10.73374940464407, -1.9605255679984055, -5.688909497263621, -3.184443068060459, -3.0170528104726078, 0.652835349469762, -3.187945302595886, -2.303395419686822, 4.6636536722344415, -1.304034682977372, -7.7853104656222, -3.360393128801777}
Generation 4: 21.0 --- {-2.635820140975281, -14.317766963346102, -11.251130501013748, -10.73374940464407, -1.9605255679984055, -5.688909497263621, -3.184443068060459, -3.0170528104726078, 0.652835349469762, -3.187945302595886, -2.303395419686822, 4.6636536722344415, -1.304034682977372, -7.7853104656222, -3.360393128801777}
Generation 5: 62.0 --- {-1.860000636865811, 23.1895754906639, 14.909495537362867, 1.9210459638435116, -7.423902891207058, -25.044391862321362, 4.459976421919974, -6.116917533182582, -6.052596405624207, -0.8612216673396386, -21.671756835485514, -22.06325992552655, -12.451878600409103, -19.821271637296803, -27.11855962374139}
Generation 6: 62.0 --- {-12.195037372239153, 6.919887710504297, -6.508183538567661, 2.882678581642997, 1.9752510938343617, -12.654451489832443, 4.278273502721365, -1.2086952260616743, -11.539875519495583, -3.8807902550980375, -18.9336612800019, -15.068280183460129, -5.571694957569637, -24.12644659138588, 6.992195813229139}
Generation 7: 68.0 --- {-18.853195846879984, 16.70643418218687, -16.301476762996828, -5.386083614543308, 2.394595636449915, -9.911961294389624, 16.60757681044838, -1.7699632229427262, -9.083442415486605, 0.2398557092353617, -41.399460227035476, -43.06193377840981, -25.21946750366352, -33.996093768885196, 12.455577104894143}
Generation 8: 163.0 --- {-24.226231817269685, 35.44084561074922, -0.8660361111870625, 11.117029571442567, -15.243272777234814, -19.082402640415307, 17.304508365555844, 4.15242358604075, -7.983462888970889, -4.320366929495945, -31.12938881098259, -17.09865270755475, -21.125177486838663, -43.30593696050235, -11.487476933712996}
Generation 9: 328.0 --- {-19.30361489882663, -6.94598827334589, -17.820859947106328, -0.7203281531051786, -15.267871441564859, -9.687117244209388, -0.7016188469637381, 3.610025697078293, -5.260777841474312, -1.7125939560262171, -24.431042343814752, -40.258034603716865, -33.894796578268206, -29.654784572248758, -8.364513787866688}
AVG PERF OVER 50 TRIALS: 213.1
Generation 10: 953.0 --- {-17.086374083191167, 0.029385332581686185, -22.47515642702733, -5.015561127800854, -9.292158892114804, -10.547138792328546, 8.00143979703757, 24.677694123539244, 13.328653373058723, -11.710002802917629, -25.392887523428463, -37.805481377058925, -36.71703115233539, -41.985782082306734, -13.058876256121755}
