TETRIS-H20-W10. Noise: (50.0, -0.1)
Generation 1: 11.0 --- {10.596916616688294, -10.87262442673506, 6.183065259153892, -1.559048921075141, -7.158680990660687, 0.08604557346732086, -2.6514710717014447, -10.456933743733238, -8.929563475209486, 7.315546398128512, 0.5946086917835558, -9.17226715535461, -1.1206578019991154, -12.675737483980088, -11.173669116504053}
Generation 2: 68.0 --- {-18.566094982745433, -2.651732170508579, 2.003451507534492, -14.013330711664658, -3.8181850267590844, -2.681335016267787, -13.040724323977745, -2.7438992048335695, 5.833006833370148, -10.893270026687915, -6.5994643861859785, 6.653650573308905, -21.9966294973129, -17.739475520880326, -9.403740804617037}
Generation 3: 53.0 --- {0.8961110250691101, 1.51852126314628, 0.47672564159171715, -12.062680590066211, -12.606195806187696, -12.252771611546239, -11.846146301756306, -19.277049689996577, 5.728656394494804, -1.266775686162078, -11.946277826149963, -1.4166497940662437, -5.885215835882792, -6.059141271970208, -15.362924636508934}
Generation 4: 83.0 --- {0.8185953907120707, 5.311890560297753, -8.759928325722456, -1.7679772531178624, 1.9836012218419317, 1.2128923646387637, -3.2260973736743352, 6.945444162874335, -4.169165872173753, -4.024087076586575, -11.484673405887794, -5.81196957061497, -4.06998894227579, -9.414241472303516, -11.768226150136883}
Generation 5: 76.0 --- {-1.2667064654788782, -9.202764215393477, -7.648031412980735, -22.7247164878479, -11.92353323003241, -14.559638054777906, -37.15130104463482, -17.381864656510395, 3.9599200329505564, -24.762482991850312, -17.902703434865092, -6.48913494071785, -18.847079329496985, -22.586659761244704, 8.519356816445939}
Generation 6: 221.0 --- {14.997942945175147, -21.029595103494675, -19.789280688658913, -44.141641846611186, -6.715723222020437, -6.004011166380058, -28.376119978688138, -29.947734278916787, -13.08711848381545, -11.43870481150732, -12.17149721188207, -1.756222730441162, -14.211332148342741, -32.02183714411393, 8.55876225683573}
Generation 7: 432.0 --- {-10.865734329332529, -8.542646041703549, -19.639001823928457, -10.900926062756946, -14.789632941903546, -9.615351559782061, -31.207481192564053, -9.266555421702062, -9.477555160149995, -11.732392810612263, -23.427396416759848, -1.3839482633813316, -38.58628799980844, -29.493644549453435, 12.779955762657153}
Generation 8: 1008.0 --- {-10.865734329332529, -8.542646041703549, -19.639001823928457, -10.900926062756946, -14.789632941903546, -9.615351559782061, -31.207481192564053, -9.266555421702062, -9.477555160149995, -11.732392810612263, -23.427396416759848, -1.3839482633813316, -38.58628799980844, -29.493644549453435, 12.779955762657153}
Generation 9: 555.0 --- {-10.865734329332529, -8.542646041703549, -19.639001823928457, -10.900926062756946, -14.789632941903546, -9.615351559782061, -31.207481192564053, -9.266555421702062, -9.477555160149995, -11.732392810612263, -23.427396416759848, -1.3839482633813316, -38.58628799980844, -29.493644549453435, 12.779955762657153}
AVG PERF OVER 50 TRIALS: 1100.86
Generation 10: 1220.0 --- {0.032357349789550405, -12.172028855217043, -5.149890898400569, -24.029969353799636, -10.786963969973892, -3.922236783739078, -0.812255867562806, -0.5142864150804778, 3.5177772186050866, -2.3818271514724065, -20.97564999184376, -17.384162882077096, -31.64761154720667, -14.96581461195175, -13.610579749583202}
