TETRIS-H20-W10. Noise: (50.0, -0.1)
Generation 1: 12.0 --- {-11.722145130140827, 1.4334045011133094, 8.072345885453142, -16.563018917633322, -0.7557415248598516, 11.906400140351046, -7.168112330118773, 4.825860213013945, -6.475671649928293, -4.625554179479482, -12.649944769375612, -18.39194542597545, 3.8486572221262643, -25.860412165036564, 7.653157534064109}
Generation 2: 78.0 --- {-8.076835535769957, 13.027750569147493, -3.1108381746555085, 0.6772889568953739, 7.521386944580821, 3.1721298198611816, 6.4889065729891655, 8.214343311767601, -17.559558116959472, -7.678615281952096, -11.611856883382242, -20.28876790020065, -26.707023096813487, -13.263936823953024, -15.194799486345547}
Generation 3: 81.0 --- {-9.486595965725739, 15.58617856624661, -11.187619396680507, -9.621168314340943, 14.101611273909304, 10.380700989607686, 20.0463197518853, 8.494189138333304, -13.282892020890182, -2.016490197332211, -3.280009379074315, -40.25429495198896, -34.18418978589187, -46.943805299364385, -16.86120180634616}
Generation 4: 41.0 --- {2.6002533735954723, -3.5063710761665665, -1.969753626332818, 4.506661095558436, -11.854410718662642, 5.444759765337118, -6.293513465492231, -3.016058257379437, -10.205148248733153, -0.5141691907716357, -14.533363265784958, 4.912515218414734, -0.5278251872802504, -17.493560261827874, 3.496960249947314}
Generation 5: 313.0 --- {-9.486595965725739, 15.58617856624661, -11.187619396680507, -9.621168314340943, 14.101611273909304, 10.380700989607686, 20.0463197518853, 8.494189138333304, -13.282892020890182, -2.016490197332211, -3.280009379074315, -40.25429495198896, -34.18418978589187, -46.943805299364385, -16.86120180634616}
Generation 6: 200.0 --- {-9.486595965725739, 15.58617856624661, -11.187619396680507, -9.621168314340943, 14.101611273909304, 10.380700989607686, 20.0463197518853, 8.494189138333304, -13.282892020890182, -2.016490197332211, -3.280009379074315, -40.25429495198896, -34.18418978589187, -46.943805299364385, -16.86120180634616}
Generation 7: 153.0 --- {-8.12862592124057, 10.633048546955038, -16.53927357409951, -13.969921896872128, 15.32332027733553, 13.560862291308093, 2.632055611282752, 3.3007441592689384, -11.011957004430144, 8.181800521073143, -1.7603852109454596, -46.543805241144064, -48.97977794519336, -23.214834405767853, -32.471982424714454}
Generation 8: 231.0 --- {13.476520634046153, 9.860307809274886, -18.071582458330298, -23.95223018712928, 22.887349635429615, 12.109962266762556, 4.346967951030411, 8.973528397766541, -19.02608896595182, 13.736135200857305, -13.93477445428018, -71.14104989913828, -39.69382552123894, -27.71042338033744, -27.612392827885223}
Generation 9: 288.0 --- {-2.1251963817353103, -0.30930869632248026, -7.518343622162194, 17.691420265741648, -5.672575796228786, 5.481756555649486, 3.8677027209754797, 15.707891370866164, 0.645399902156969, -0.21705973005585655, -7.376389966047162, -53.51367501401583, -53.63036929045553, -50.49130362675091, -22.913791793921963}
AVG PERF OVER 50 TRIALS: 100.32
Generation 10: 190.0 --- {-9.795316599751134, 3.8792842482185144, -2.5265540355051397, -9.957089952838771, 16.180853064227488, 0.4367542467397332, 8.972498802232387, 2.071809566038449, 8.832832793561328, -11.432387706764924, -10.295245438357785, -46.063269949506825, -35.62124925429873, -23.959059419931585, -25.819473262420285}
