TETRIS-H20-W10. Noise: (50.0, -0.1)
Generation 1: 10.0 --- {-11.157268440369467, -11.630939004704997, -24.608744061909885, -18.48458321633838, -0.3852701467877617, 1.863940349439797, -5.897980623982342, -6.2425500357210595, -1.3940250197451611, -2.2434299578924386, -0.24507632094422124, 6.293877980822061, 3.0373993213998314, -19.76856630554835, -4.127847282851768}
Generation 2: 27.0 --- {-11.157268440369467, -11.630939004704997, -24.608744061909885, -18.48458321633838, -0.3852701467877617, 1.863940349439797, -5.897980623982342, -6.2425500357210595, -1.3940250197451611, -2.2434299578924386, -0.24507632094422124, 6.293877980822061, 3.0373993213998314, -19.76856630554835, -4.127847282851768}
Generation 3: 13.0 --- {-11.157268440369467, -11.630939004704997, -24.608744061909885, -18.48458321633838, -0.3852701467877617, 1.863940349439797, -5.897980623982342, -6.2425500357210595, -1.3940250197451611, -2.2434299578924386, -0.24507632094422124, 6.293877980822061, 3.0373993213998314, -19.76856630554835, -4.127847282851768}
Generation 4: 13.0 --- {-11.157268440369467, -11.630939004704997, -24.608744061909885, -18.48458321633838, -0.3852701467877617, 1.863940349439797, -5.897980623982342, -6.2425500357210595, -1.3940250197451611, -2.2434299578924386, -0.24507632094422124, 6.293877980822061, 3.0373993213998314, -19.76856630554835, -4.127847282851768}
Generation 5: 17.0 --- {-11.047717160725707, 4.409329977330815, -22.397095896769525, -9.524992827306633, -6.856680961519252, -3.300713786336865, -3.327390054949306, -7.782864146555882, -0.9127847747401638, -6.1508577292745485, -2.122904141302101, -1.2281074704493982, -15.792284070508128, -5.407071076670608, -24.878957227129693}
Generation 6: 31.0 --- {-11.157268440369467, -11.630939004704997, -24.608744061909885, -18.48458321633838, -0.3852701467877617, 1.863940349439797, -5.897980623982342, -6.2425500357210595, -1.3940250197451611, -2.2434299578924386, -0.24507632094422124, 6.293877980822061, 3.0373993213998314, -19.76856630554835, -4.127847282851768}
Generation 7: 33.0 --- {2.125486958090928, -9.70240371299481, -20.946369233836272, -13.277378703218266, -3.9704090070213365, -12.311984976948334, 3.2636951850187805, -5.029366359200642, -0.4590819480450328, -16.919669070171857, -14.117442479217106, 21.216701149730994, -25.103274984454607, -8.723161328648278, -26.72317630424398}
Generation 8: 91.0 --- {-15.28480164488265, -6.599908552946651, -15.426799279534077, -14.950108105358352, -4.846509930814884, -2.004192380242136, 4.689662452495165, -8.092921532722896, -3.1558428877513824, 21.221732451412766, -23.395606640881173, -12.213413238429233, -27.78443124860474, -15.754739542308172, -16.291793397855525}
Generation 9: 188.0 --- {-15.28480164488265, -6.599908552946651, -15.426799279534077, -14.950108105358352, -4.846509930814884, -2.004192380242136, 4.689662452495165, -8.092921532722896, -3.1558428877513824, 21.221732451412766, -23.395606640881173, -12.213413238429233, -27.78443124860474, -15.754739542308172, -16.291793397855525}
AVG PERF OVER 50 TRIALS: 148.58
Generation 10: 166.0 --- {-8.878371557269414, -11.284347358417849, -19.69138685482387, -17.62118598650476, -10.83116415530758, 17.80966605120252, -3.2331963313326613, -7.249337906480807, -6.46720223404726, 14.054431310520378, 6.869577966959269, -35.99756478283978, -37.34821251406172, -14.400120350886786, -10.127532657422119}
