TETRIS-H20-W10. Noise: (50.0, -0.1)
Generation 1: 30.0 --- {-1.8260956531677683, 6.283859975231273, -0.5168593732860465, 2.75072138472209, 0.7292097444974301, -23.16714927015007, -3.021578389625609, -9.493097784524258, 10.529044383042132, -15.717519712859893, -5.937148592594692, -17.553132818905503, -24.681386715677426, -12.869969959486465, -0.3672113283709467}
Generation 2: 8.0 --- {-12.144496706846578, -13.716132823703349, -11.176160125355949, -13.84918947041491, -19.3323303426736, 4.813875647697032, 17.75219611627479, -9.514956776003231, 7.611600171069098, -18.585363235635782, -8.507202059578828, 10.936332923145905, -29.700035269834686, -21.39064023898643, -5.527019401256926}
Generation 3: 57.0 --- {-12.144496706846578, -13.716132823703349, -11.176160125355949, -13.84918947041491, -19.3323303426736, 4.813875647697032, 17.75219611627479, -9.514956776003231, 7.611600171069098, -18.585363235635782, -8.507202059578828, 10.936332923145905, -29.700035269834686, -21.39064023898643, -5.527019401256926}
Generation 4: 73.0 --- {-12.144496706846578, -13.716132823703349, -11.176160125355949, -13.84918947041491, -19.3323303426736, 4.813875647697032, 17.75219611627479, -9.514956776003231, 7.611600171069098, -18.585363235635782, -8.507202059578828, 10.936332923145905, -29.700035269834686, -21.39064023898643, -5.527019401256926}
Generation 5: 51.0 --- {-2.3349414586081885, -16.991279347292945, -18.855064549303002, 2.0522883184088245, -14.46868539902023, -0.7792631294127119, 0.4759820349333994, -11.880743185592394, 17.313475450191007, -15.464538187426625, -19.204970869747108, -11.543079435858925, -18.87973051681859, -8.593520954799796, -28.675568450807884}
Generation 6: 244.0 --- {-12.144496706846578, -13.716132823703349, -11.176160125355949, -13.84918947041491, -19.3323303426736, 4.813875647697032, 17.75219611627479, -9.514956776003231, 7.611600171069098, -18.585363235635782, -8.507202059578828, 10.936332923145905, -29.700035269834686, -21.39064023898643, -5.527019401256926}
Generation 7: 298.0 --- {-9.720323062447102, -18.432383098622083, -16.73838329141941, -9.867730838127308, -11.120478421596177, 15.147942240934931, 11.163407919579804, -4.6740247577534655, 5.724388133444702, -12.469965760046012, -28.010175287908144, 5.4484248764518375, -15.607760119115092, -14.089688938627729, -17.015829948321752}
Generation 8: 132.0 --- {-7.12125231314202, -14.47979807420112, -4.974636047933712, -0.54035287679707, -15.606169023638838, -22.07947808999696, -2.8405535610703696, -12.01259824689533, 3.3313949401316214, -25.15691048086201, -21.333303404276286, -14.725070782051496, -17.95132830079553, -16.4565650439349, -13.056536575044841}
Generation 9: 275.0 --- {-9.720323062447102, -18.432383098622083, -16.73838329141941, -9.867730838127308, -11.120478421596177, 15.147942240934931, 11.163407919579804, -4.6740247577534655, 5.724388133444702, -12.469965760046012, -28.010175287908144, 5.4484248764518375, -15.607760119115092, -14.089688938627729, -17.015829948321752}
AVG PERF OVER 50 TRIALS: 101.66
Generation 10: 165.0 --- {-7.12125231314202, -14.47979807420112, -4.974636047933712, -0.54035287679707, -15.606169023638838, -22.07947808999696, -2.8405535610703696, -12.01259824689533, 3.3313949401316214, -25.15691048086201, -21.333303404276286, -14.725070782051496, -17.95132830079553, -16.4565650439349, -13.056536575044841}
