TETRIS-H20-W10. Noise: (50.0, -0.1)
Generation 1: 4.0 --- {-10.446581289781552, -7.082738811357977, 3.0983098291399274, -14.376072583337775, 2.9657863151151846, -5.389450747876399, 2.696305179579755, 3.5010873070383, 13.73948714527206, 1.2983695701121016, -12.003038209474063, -8.52699993538412, 10.22913870055371, -11.137773847806953, -10.009071694369648}
Generation 2: 2.0 --- {-10.446581289781552, -7.082738811357977, 3.0983098291399274, -14.376072583337775, 2.9657863151151846, -5.389450747876399, 2.696305179579755, 3.5010873070383, 13.73948714527206, 1.2983695701121016, -12.003038209474063, -8.52699993538412, 10.22913870055371, -11.137773847806953, -10.009071694369648}
Generation 3: 7.0 --- {-1.7981769411021946, 0.25331380952774296, 4.955193727380808, 2.537648613550912, -3.516469000657888, -10.97626791625952, -5.764494808588652, 13.701690850938197, 3.652711575767369, -26.788814570859625, -12.46979486773492, 22.751091551069578, -2.628244880557207, -9.890284685195937, -15.899518749464471}
Generation 4: 10.0 --- {-1.7981769411021946, 0.25331380952774296, 4.955193727380808, 2.537648613550912, -3.516469000657888, -10.97626791625952, -5.764494808588652, 13.701690850938197, 3.652711575767369, -26.788814570859625, -12.46979486773492, 22.751091551069578, -2.628244880557207, -9.890284685195937, -15.899518749464471}
Generation 5: 8.0 --- {12.137947406281391, 1.809678224984136, 2.000873622352435, -11.163195795878172, -1.4219885826968728, -9.80670365524266, -3.597416430803932, 2.9490604441458257, -11.292878045000432, -1.9515505237746238, -24.577227155930615, 9.59401578628305, -1.3424462090479978, -6.830315837133835, -5.7871224023969035}
Generation 6: 16.0 --- {0.22128559753719346, 2.672173628928369, -4.347776865133151, 6.219711080315491, -6.3377058252800555, 7.8182932720707345, 5.071718594514405, 1.7199488237669187, 7.486636190379452, -13.660467469559448, -8.562769167733977, 3.3078643694153804, -1.368011979170154, -14.810701307599881, -12.762778591871689}
Generation 7: 25.0 --- {-13.158019689694337, -3.859863207688938, -20.705261004122704, -8.737959231075843, -1.3595962305361071, -1.5556723652304156, -17.548241482214017, -13.9439235337499, -12.763785044041212, 1.2242642992821304, -8.109911173285504, -9.88810079065204, -2.5664715808345457, 0.8329399290620598, -7.743712861677632}
Generation 8: 73.0 --- {-14.213334163863562, -27.6683288075311, -33.26719262774351, -22.60134209091206, -4.0480706616914235, -2.3527242835127486, -17.028000142237353, -13.110927032097429, -35.07008281218787, -20.59773206129834, -14.699799830979579, 21.022886012271044, -8.621357489195972, -0.8939462751690261, -31.990036172697938}
Generation 9: 42.0 --- {-13.158019689694337, -3.859863207688938, -20.705261004122704, -8.737959231075843, -1.3595962305361071, -1.5556723652304156, -17.548241482214017, -13.9439235337499, -12.763785044041212, 1.2242642992821304, -8.109911173285504, -9.88810079065204, -2.5664715808345457, 0.8329399290620598, -7.743712861677632}
AVG PERF OVER 50 TRIALS: 36.0
Generation 10: 49.0 --- {-6.605032842086058, -14.84472190107089, -10.324852980833995, -19.942132046193738, 2.017957483309738, -6.1392210676187275, -2.5613090724777265, -6.378759971123634, -13.977670320254568, -14.143680962583579, -23.004677363828556, 16.98137116804502, 6.459152275987743, -4.054166182303624, -14.888682628181718}
