TETRIS-H20-W10. Noise: (50.0, -0.1)
Generation 1: 5.0 --- {9.034367333963637, -7.118214944500228, 2.9917087893827294, 0.2997825849713298, 0.17326349992945825, -1.566354330179112, -9.560464736664832, -25.269048468809373, 16.60162445375347, 6.287070114053314, -19.550970964690897, -4.771450263844671, 3.49313924409471, -0.23557403625068785, -0.2914739823425094}
Generation 2: 5.0 --- {9.034367333963637, -7.118214944500228, 2.9917087893827294, 0.2997825849713298, 0.17326349992945825, -1.566354330179112, -9.560464736664832, -25.269048468809373, 16.60162445375347, 6.287070114053314, -19.550970964690897, -4.771450263844671, 3.49313924409471, -0.23557403625068785, -0.2914739823425094}
Generation 3: 6.0 --- {-1.6155150295266898, 2.8650896396754444, 11.815454483356074, -2.475908226188994, 9.227587712442016, -0.4743195791972923, -9.978967737858861, -13.748558529676991, 3.7278317455155907, 9.775551661801853, -24.02762735921904, -27.367511072328846, 9.289683346741718, -13.255197872896021, 0.9401870178506051}
Generation 4: 26.0 --- {9.473308213135427, -9.373775804595951, -2.035869866993921, 17.52259739044478, 17.50156628376453, -10.371533291373625, -12.908929160858499, -17.68808017994343, 10.592494596375843, 7.510416358239115, -31.408808201879452, -32.333550606771034, -3.3921772194145294, -20.276708595707813, -23.229570164966795}
Generation 5: 56.0 --- {21.31420660655193, -24.168919115524687, -28.992568176870407, 12.204540172580643, -6.5634667159938616, -2.1355155525160434, 4.173984194179406, -8.832927521783326, 15.052556123502582, -5.997871985511013, -22.48721855713955, -1.025764730571118, 1.9682787220441993, -19.063647682917452, -3.0280316093814488}
Generation 6: 58.0 --- {21.31420660655193, -24.168919115524687, -28.992568176870407, 12.204540172580643, -6.5634667159938616, -2.1355155525160434, 4.173984194179406, -8.832927521783326, 15.052556123502582, -5.997871985511013, -22.48721855713955, -1.025764730571118, 1.9682787220441993, -19.063647682917452, -3.0280316093814488}
Generation 7: 181.0 --- {-2.615196312662441, -0.9202867137482738, -22.229572491224946, 10.345579497807972, 5.22444552327283, -3.342687641606218, -9.107512776212744, -16.182557091614896, 15.723753271529992, -1.7608093420061952, -33.345287827509765, -51.13874388719937, -22.39478415224943, -14.1024335546448, -0.12650015257699554}
Generation 8: 139.0 --- {-2.615196312662441, -0.9202867137482738, -22.229572491224946, 10.345579497807972, 5.22444552327283, -3.342687641606218, -9.107512776212744, -16.182557091614896, 15.723753271529992, -1.7608093420061952, -33.345287827509765, -51.13874388719937, -22.39478415224943, -14.1024335546448, -0.12650015257699554}
Generation 9: 329.0 --- {10.680219681023999, -14.433779862033852, -6.856656047430981, 17.208137163843332, -1.0864305705023152, -1.3608753526897273, 2.4812842834028945, -15.952812499270303, 14.935206843634536, 2.848141958185087, -24.52232162167165, -25.084384780854982, -21.43320790603125, -23.518625217516174, -10.336368553583467}
AVG PERF OVER 50 TRIALS: 262.28
Generation 10: 1029.0 --- {10.680219681023999, -14.433779862033852, -6.856656047430981, 17.208137163843332, -1.0864305705023152, -1.3608753526897273, 2.4812842834028945, -15.952812499270303, 14.935206843634536, 2.848141958185087, -24.52232162167165, -25.084384780854982, -21.43320790603125, -23.518625217516174, -10.336368553583467}
