TETRIS-H20-W10. Noise: (50.0, -0.1)
Generation 1: 17.0 --- {-3.680354603470966, -3.044461392882769, 11.526887462234658, 3.100954228545186, -11.791374488420928, -16.27833098416628, -6.374713489621771, -8.300604394143374, 2.357613211279811, -7.4336681117666625, -5.428218933219538, -18.90257542396689, -18.783764688651136, -2.6178453237457626, 6.570634414914337}
Generation 2: 65.0 --- {10.788799670098602, -22.581185564987862, -12.8312869516181, -1.9466818270599946, -10.506574645608499, 9.182106285349231, 8.043285105314071, -13.062981954690876, -2.118196127178913, 8.40015842526765, -10.665094278949864, 1.505424454454891, -8.18387407496882, -10.604017246136316, -10.862204492573582}
Generation 3: 78.0 --- {-8.795093621834274, 1.8422849307470148, -17.467394970174684, -9.762815193027167, -1.6177957597230685, 3.331723345291688, 2.541395552514796, -3.989162455896185, 1.8630341214406412, 1.0395354152947496, -7.575217912016856, -19.74741904116102, -19.043778823266983, -22.68579460016708, 16.63618676882928}
Generation 4: 258.0 --- {2.817411093302841, -14.575875077052995, -27.472913020956362, -5.599401520864044, -12.602674358525611, 11.325719371427143, 3.7404852625042175, -10.651219447101411, 0.15557600402898863, 3.7407138646051905, -28.280826022139607, -7.431291609631016, -4.633068208958944, -21.011849713181505, -18.67312256502499}
Generation 5: 270.0 --- {2.817411093302841, -14.575875077052995, -27.472913020956362, -5.599401520864044, -12.602674358525611, 11.325719371427143, 3.7404852625042175, -10.651219447101411, 0.15557600402898863, 3.7407138646051905, -28.280826022139607, -7.431291609631016, -4.633068208958944, -21.011849713181505, -18.67312256502499}
Generation 6: 148.0 --- {19.098700111292814, -13.56642680892437, -22.067642672976646, 10.532382086636009, -3.8090891121156836, -7.364204624251627, -25.128071171049058, -16.6406688622571, -6.833220189061274, -7.991792399817715, -25.64167265068867, -12.544449419286341, -10.581969855148753, -33.106821298437126, -3.6066711700913094}
Generation 7: 308.0 --- {17.091653967235167, -18.315324184968034, -14.74494147086337, 11.954280876139679, -11.748046713543635, 8.062355847647414, -4.281543631020702, -6.657773865880523, -0.09590530499430638, -15.826127113558153, -29.276011804062318, 0.2683008317209392, -12.158910484026158, -23.966356948643284, -6.704262739682101}
Generation 8: 140.0 --- {-6.2377500510652, -9.499123717651916, -1.8907362292401366, -8.914531963136596, -25.790865342377874, 7.141933587035784, -7.257232854511068, -5.612659930994752, -10.919584061529816, -21.863161431897584, -21.22564282140851, -10.61627611874897, -15.502665079325574, -25.53888234650928, -13.34448462084128}
Generation 9: 461.0 --- {-5.851361385776327, -20.280451481801194, -3.5134943320470278, -7.814245704450427, -20.571945993594394, -16.129346388682087, -5.904539382329858, -16.391901469233574, -12.654734621510256, -18.890704902670503, -41.62763784502495, -20.32556550874404, -22.235038394613845, -14.050453147178377, -27.186516358313735}
AVG PERF OVER 50 TRIALS: 603.1
Generation 10: 506.0 --- {-12.281461489436175, -7.3978918696847815, -14.85473771604017, -14.78451125703015, -18.04888907436981, 1.770128315066577, 5.793288421882471, 2.14417601686951, -0.04571663628855305, -15.648802905123976, -32.258229263651685, -16.786661181190865, -25.074872917423665, -28.474430517563654, -6.884457090123194}
