TETRIS-H20-W10. Noise: (50.0, -0.1)
Generation 1: 4.0 --- {-7.016813527086592, -9.807602810069946, -1.3525072605020072, -9.830900770330764, 15.28636314845733, -5.136553507094276, -4.785882918420933, -15.571811798550108, -2.9846967704814578, 8.729656003034627, -13.49658603270562, 14.555204055163802, 8.266564375350184, -3.1426372306775314, -15.65617982278492}
Generation 2: 17.0 --- {-15.779321899709789, -1.7489522139242726, -4.4790309792175425, 2.2751603946748875, -9.096493665895236, -21.042757266736587, -10.878126860306331, -12.669524353646134, -3.3779134262777974, 19.294821252076684, -11.20742757834902, 7.715894304482197, -0.6946656910699547, -14.825181430330218, -12.650197733318642}
Generation 3: 15.0 --- {-15.779321899709789, -1.7489522139242726, -4.4790309792175425, 2.2751603946748875, -9.096493665895236, -21.042757266736587, -10.878126860306331, -12.669524353646134, -3.3779134262777974, 19.294821252076684, -11.20742757834902, 7.715894304482197, -0.6946656910699547, -14.825181430330218, -12.650197733318642}
Generation 4: 18.0 --- {-14.545479015763018, 0.5943880943330901, 2.634651652939854, -12.92104268542711, 10.253298445601155, -7.216524556679616, 25.742594304252314, -9.759683044207014, -2.430303435414789, 1.6543361319229906, -19.368519525373166, 17.703371932188233, -7.196723053560102, -27.427359300196578, -8.633892608172058}
Generation 5: 61.0 --- {-7.54448195564476, -4.839536702915535, -2.403853494460458, -15.857882447198937, 6.880087759274817, -16.19239687388373, 0.9034490448004422, -12.259089131265934, -3.04146865507834, 5.264134572975581, -25.08735154711509, 3.4715979108829833, 1.9331388133654386, -23.187000866275387, -6.344691262890188}
Generation 6: 41.0 --- {-5.543331595366638, 4.346297462488054, -10.150742507146774, -3.37559123658039, 0.20519120196348517, -3.0248608294238686, -20.332862827183362, -13.195831206071391, -9.339270599217778, 5.832288285746382, -29.071589473619248, 3.5804314964070625, -1.1808439065866088, -9.657356633383944, 3.623644909495539}
Generation 7: 85.0 --- {2.684403723596695, -1.3990878572533643, -14.445369873998263, -5.105661555246459, 12.217099514106938, -12.041324624764403, 6.7851297679536335, -6.515053113644882, -10.762821651533702, -13.493415767959931, -30.79456941723754, -25.0783943056246, -9.056497857225708, -16.259455691611706, -8.525425476557535}
Generation 8: 314.0 --- {-4.674427356316434, -6.65298933514727, 4.595656150477794, -20.420038255593784, 9.92837986868031, -0.6174486259168361, 6.410946354693835, -15.696017589331834, 2.458667907030259, -10.45967432232386, -52.57681644863078, -2.4319358329964214, -26.85393167353147, -23.592793932365055, -5.706839578477368}
Generation 9: 511.0 --- {-4.674427356316434, -6.65298933514727, 4.595656150477794, -20.420038255593784, 9.92837986868031, -0.6174486259168361, 6.410946354693835, -15.696017589331834, 2.458667907030259, -10.45967432232386, -52.57681644863078, -2.4319358329964214, -26.85393167353147, -23.592793932365055, -5.706839578477368}
AVG PERF OVER 50 TRIALS: 654.88
Generation 10: 935.0 --- {-4.674427356316434, -6.65298933514727, 4.595656150477794, -20.420038255593784, 9.92837986868031, -0.6174486259168361, 6.410946354693835, -15.696017589331834, 2.458667907030259, -10.45967432232386, -52.57681644863078, -2.4319358329964214, -26.85393167353147, -23.592793932365055, -5.706839578477368}
