TETRIS-H20-W10. Noise: (50.0, -0.1)
Generation 1: 12.0 --- {-4.290170364261833, -5.622393938650239, 7.840070034009776, -1.0315058281449465, -4.443591456844548, -3.138831497494021, -6.2773052863827905, -7.362472610171365, -10.568109664787455, 12.543847337800534, 0.8737577050874503, -5.347477667505193, -9.262743337138803, -4.353004974332527, 1.600801666353817}
Generation 2: 4.0 --- {12.054147782030165, -9.349358149057467, -18.37275515268071, 0.28457722800501084, -9.268475830303501, -9.86272795416622, -7.942699340347344, 10.754378386514361, 15.119342613187804, -33.08376267569149, -20.754694556247355, -12.490930854732282, 11.712208189625743, -7.170313128803004, -13.479990765121602}
Generation 3: 6.0 --- {12.054147782030165, -9.349358149057467, -18.37275515268071, 0.28457722800501084, -9.268475830303501, -9.86272795416622, -7.942699340347344, 10.754378386514361, 15.119342613187804, -33.08376267569149, -20.754694556247355, -12.490930854732282, 11.712208189625743, -7.170313128803004, -13.479990765121602}
Generation 4: 15.0 --- {4.154741630592456, 7.054312605908812, 0.7365241263594382, 2.6967732910927946, -19.04185517456984, -4.079521390904951, -8.5255039944878, -2.770877734919986, -8.449077721109528, -1.7848736997177665, -12.755611785313674, -9.712203636725373, 2.6661689362886527, -17.043516662314556, -4.614184748079607}
Generation 5: 16.0 --- {-3.2438630330699754, -4.9610268608293, -26.896510340343312, -16.353484390505287, -17.211921141059683, 2.0293538862291336, -3.9663293610516956, -6.591618196170802, 7.50070692776719, -5.456742451790739, -10.467329078313293, -5.295696991742194, 9.284084638791352, -18.776366311308923, -10.99077799733592}
Generation 6: 35.0 --- {9.811253477977417, 10.25339387074411, -5.107743428541717, -2.392931497833481, -13.285265227623377, -8.893624370521856, -1.1160493626567618, -10.228994203231068, -6.7141801744998695, -4.971712995955388, -33.62946432556861, -12.88173694529442, 2.738221372115949, -11.272735786310378, -6.181671824533709}
Generation 7: 75.0 --- {15.754776031618468, -9.70588379163212, -12.069066941386408, -20.76235454750917, 3.845799047945155, 3.6440932380774376, -30.30640893738269, -9.59258057688108, -22.467393449836894, 14.64166874804285, -19.341368914169028, -27.98929777320222, -13.43139407435082, -11.473594264599127, 1.7576749690713473}
Generation 8: 85.0 --- {20.66798907564342, -10.716380151708941, -6.117397106358718, -28.5710448906313, 9.529311590498901, 13.630870763171679, -18.0606846731322, -17.354126489270577, -19.687219265881165, 18.773301954312974, -26.02919063887716, -17.48820173424037, 5.037320288509548, -33.73330086454418, -9.45198016374482}
Generation 9: 1430.0 --- {10.559249826721192, -4.4689540626998365, 7.351811645948281, -9.738812881049839, 3.5388189909798466, 6.1059980453257445, -2.814880078989617, 1.2455449448269462, -9.759578535559612, -15.01683582647424, -37.44806421127046, -5.7052694710174485, -18.458007288615015, -25.82974725587049, -3.7982558956483743}
AVG PERF OVER 50 TRIALS: 647.24
Generation 10: 2779.0 --- {10.559249826721192, -4.4689540626998365, 7.351811645948281, -9.738812881049839, 3.5388189909798466, 6.1059980453257445, -2.814880078989617, 1.2455449448269462, -9.759578535559612, -15.01683582647424, -37.44806421127046, -5.7052694710174485, -18.458007288615015, -25.82974725587049, -3.7982558956483743}
