TETRIS-H20-W10. Noise: (50.0, -0.1)
Generation 1: 10.0 --- {4.198486619816761, 7.970636924310314, -1.4630130991236578, 17.11408493858136, -8.683744852861397, -2.9385217325378794, -11.240378693586075, 3.3072359840751053, -0.7900908151147445, -21.202331615624015, -2.332373350823629, -9.529535146159768, -13.205936300356925, -5.589377874930329, -7.116396570965323}
Generation 2: 12.0 --- {11.620170143956045, -47.054279729528396, 26.44396934913054, -18.659341845888473, -14.485051334454312, -7.739901338562904, 15.188468978420342, 3.8022968713797303, 2.0870649378108572, 15.088607978884976, -14.524718912328971, -11.403746787505424, -12.470291917639699, -15.397006643257933, -6.9265853940684945}
Generation 3: 21.0 --- {11.620170143956045, -47.054279729528396, 26.44396934913054, -18.659341845888473, -14.485051334454312, -7.739901338562904, 15.188468978420342, 3.8022968713797303, 2.0870649378108572, 15.088607978884976, -14.524718912328971, -11.403746787505424, -12.470291917639699, -15.397006643257933, -6.9265853940684945}
Generation 4: 33.0 --- {12.218206352123849, -29.8103328544005, 10.567302655013753, -12.337048197024881, -22.061656308343164, -9.964202010106721, 0.590510391891212, -1.8364305519598236, -14.79060164958943, -1.7916304342019496, -1.1468365974838406, -18.177068065963972, -11.409241425581756, -3.4910794811263477, -4.20104300153074}
Generation 5: 83.0 --- {23.96584274790785, -34.53164052169721, 30.492819055250457, -30.395198179080886, -8.494250362965841, -15.287236162055443, 21.951578254875866, -9.980637293193643, -28.753218455991117, -6.418976511885597, -12.300082183987596, -40.53762152609478, -2.284007598515, -31.833056655881983, 5.31880355117883}
Generation 6: 54.0 --- {23.96584274790785, -34.53164052169721, 30.492819055250457, -30.395198179080886, -8.494250362965841, -15.287236162055443, 21.951578254875866, -9.980637293193643, -28.753218455991117, -6.418976511885597, -12.300082183987596, -40.53762152609478, -2.284007598515, -31.833056655881983, 5.31880355117883}
Generation 7: 52.0 --- {16.876369652790395, -33.45258201989742, 17.19714161366439, -47.433779725901495, 8.522551033649982, -6.03997569016571, 3.8909022062336462, -20.48092920412866, -16.640410352839858, 7.7206032095935715, -2.8872254810395166, -21.55173037014439, -2.728754596229285, -2.4128481692842954, -10.99253471981295}
Generation 8: 55.0 --- {31.57263669739557, -44.98720998941472, 18.472339252535274, -26.687115360234156, -0.3005030277603522, -5.578202890507379, 4.805377900659299, -12.999373063670362, -23.28842750576789, 1.315014819449329, -22.514016983344042, -42.86080221657471, -2.5609932518882395, -22.940429232492832, -8.513703243795112}
Generation 9: 120.0 --- {17.9705576993361, -55.45194453780942, 19.490675930687303, -23.990061138660487, -8.564939766158863, -8.318390026650492, -8.241242143174675, -9.1213274610595, -22.64629984446693, -10.39825287595523, -32.62529961176412, -26.79905301606062, -7.9352051596540285, -22.039354725068176, 1.40033083261897}
AVG PERF OVER 50 TRIALS: 147.68
Generation 10: 203.0 --- {11.952275379378593, -22.24367189162696, -2.7812659379617752, -44.93365838743216, -5.189263235039632, -11.84500610115569, 1.579672503604149, -36.92492531485473, -11.34008008430752, 21.484837661156742, -49.76367305796818, -8.558719067775279, -18.297592639066615, -21.363055638250568, -9.998624928646741}
Generation 11: 283.0 --- {22.26873086712501, -32.339971231075204, 14.71108760851526, -29.935285461950244, -19.172691678702108, -5.199773504912579, -10.510529628216785, -42.82998862831502, -0.7960346766303452, 1.4232846689110275, -56.58692500399191, -28.605151953389196, -11.44004340901601, -22.054666457912088, -8.322183932053946}
Generation 12: 270.0 --- {18.100868398209975, -32.82802902893104, -4.406492530480632, -33.408733704940985, 0.613516965012308, -6.1036263680479195, 12.838912551368049, 8.417336349298607, -20.832338548013333, 2.5680671030801934, -45.39125837583468, -30.65242551184672, -6.034740209497693, -34.30078810671077, -24.954181539126807}
Generation 13: 380.0 --- {16.827337394232906, -35.88834590287189, -9.773438774876514, -32.29779807723279, -9.092089738959963, -19.777904697241453, 4.713053826089907, -8.776853716863574, -5.7344470636076945, 12.206370385106766, -45.38904474447236, -24.072998313475463, -18.45797465114996, -22.343341324652926, -20.819888774248703}
Generation 14: 488.0 --- {-12.531473692153343, -20.362234352478133, -6.214786987389802, -36.15132412648647, 2.31642888696709, -8.462832266591093, -3.0009664593626804, -16.133543309405606, -6.3478745777061345, -1.8682745907868785, -44.286363679064294, -15.964006587011891, -17.33667806897558, -29.600152241707626, -9.13354771850834}
Generation 15: 521.0 --- {-10.701440636328073, -27.226517198161392, -16.603985865986473, -41.15419073198851, -27.698923712940115, -0.9309577027973575, -6.529818875166587, -21.629957210889927, -14.595148878026638, -2.158185541652493, -53.76981761106347, -11.56451530713651, -21.06150752597192, -25.34051097777542, -4.424591995324869}
Generation 16: 1284.0 --- {17.50106642574789, -30.8471839155389, -16.547968390390345, -37.41067644905479, -4.350537998696614, 8.35331907923631, -2.4143440204668645, -10.429133959079365, -11.245396722587403, -11.456728674908993, -57.54840165716858, -34.0125999958895, -33.69507198764876, -26.814042007215207, -27.176212977784886}
Generation 17: 2070.0 --- {36.94523854436015, -40.74115446267443, 23.472972014494893, -21.891652066701454, -23.35440617832009, -11.157337575132551, 6.023907681558952, 0.5058655325935959, 1.1617812380242771, 18.319204730523307, -51.1196877246324, -44.33727818608607, -41.486869748930346, -42.19837579957668, 2.13059825717273}
Generation 18: 5562.0 --- {17.898203102310525, -44.87717258687212, 2.8366616494052828, -23.728329795501143, -24.38865378096415, 2.5076282259501195, 10.67617294581706, -16.253694523107296, 4.178596133545536, -5.842009337874352, -64.69240729448344, -4.950972995396006, -46.1212477323005, -39.33448785916066, -23.395604469321434}
Generation 19: 15072.0 --- {17.898203102310525, -44.87717258687212, 2.8366616494052828, -23.728329795501143, -24.38865378096415, 2.5076282259501195, 10.67617294581706, -16.253694523107296, 4.178596133545536, -5.842009337874352, -64.69240729448344, -4.950972995396006, -46.1212477323005, -39.33448785916066, -23.395604469321434}
AVG PERF OVER 50 TRIALS: 5463.28
Generation 20: 5980.0 --- {17.898203102310525, -44.87717258687212, 2.8366616494052828, -23.728329795501143, -24.38865378096415, 2.5076282259501195, 10.67617294581706, -16.253694523107296, 4.178596133545536, -5.842009337874352, -64.69240729448344, -4.950972995396006, -46.1212477323005, -39.33448785916066, -23.395604469321434}
Generation 21: 14128.0 --- {17.678157439092846, -31.776775682426642, 8.625726272909652, -28.213885713927862, -5.083109511853751, 8.113432629938739, 1.2749872785885379, -14.25652479652418, -7.6391274080392675, 12.877781853503276, -55.96502514900045, -35.61504103637507, -39.23507097503984, -34.75186006285687, -15.293654467532054}
Generation 22: 23177.0 --- {17.898203102310525, -44.87717258687212, 2.8366616494052828, -23.728329795501143, -24.38865378096415, 2.5076282259501195, 10.67617294581706, -16.253694523107296, 4.178596133545536, -5.842009337874352, -64.69240729448344, -4.950972995396006, -46.1212477323005, -39.33448785916066, -23.395604469321434}
Generation 23: 18196.0 --- {6.6913394310695296, -33.17286884943931, -6.109955427605129, -36.93957856453116, -10.44043946307698, -6.317031583775546, -2.378405650115832, -17.457951278174164, 0.9826281629004163, -0.034375763165806816, -49.3546442367993, -21.790694650763037, -65.47512113490575, -35.78720087831642, -5.755424946675595}
Generation 24: 5132.0 --- {33.10061432567486, -33.277856166262424, -11.39354791892221, -15.849528072563647, 5.121908930042217, -3.952506288837312, -14.627110983806407, -28.594353544613654, 4.715806427687681, 2.6746282314815915, -37.86177528660993, -21.769150465050416, -74.84616138337509, -32.223737348352884, -4.5501649363808045}
Generation 25: 8366.0 --- {24.847558357132115, -36.71951926270319, 20.908630084442716, -37.020880296681106, -4.332150214597632, -17.16152848647811, 24.902640246090456, -17.643608737779633, 11.870468257276794, 15.519984520628107, -60.07877019695669, -12.233297115497209, -52.20414045887799, -41.24659700321349, -21.00200158348691}
Generation 26: 8821.0 --- {30.674616730116483, -32.558808662087735, 0.520968070882442, -32.67464428723567, -0.07373955995642678, -30.091668232475577, -1.5678982390890823, -3.9964508417854194, -6.377039353944282, 2.0665903858402617, -48.781818733588054, -27.728002919318016, -73.43113964752895, -41.933474584754975, 8.9857948565056}
Generation 27: 15178.0 --- {32.016346615165745, -19.228567160947385, 1.4452036772480987, -26.321967798002465, -10.876069035542468, -21.943845580791148, 2.152637437840477, -36.816548480931374, 3.5169121434567767, -9.765611806986065, -68.63004163048831, -24.834536941511807, -89.939121783215, -47.373237681658175, -4.8112251178483545}
Generation 28: 25774.0 --- {32.08096646307072, -16.995528640883506, 7.784713698727387, -28.50919994455095, -6.197956903278997, -2.81084016779433, 1.0450679226641668, -23.088106229884207, 12.205942371094569, -2.850017914633109, -59.25750717000254, -20.73443251909135, -71.85426005280159, -42.34096791109225, -18.718052134813792}
Generation 29: 16263.0 --- {9.600917342796233, -29.215881622909784, -14.511753505184224, -30.271191612868503, -27.161860352785062, -20.748722892288704, 10.802976003796754, -16.10902466161137, 12.957283780588645, -0.5266761564406686, -67.43876789590315, -19.39850686419562, -82.5161804753341, -37.43532210417004, -0.45684878175757504}
AVG PERF OVER 50 TRIALS: 22268.44
Generation 30: 44210.0 --- {31.8594811178936, -23.031076951302836, -8.639039049584186, -20.406408244379453, 4.290871074989688, -4.265008148090249, 10.681057259692768, -15.785391648643776, 4.1429829996676855, 3.676568038647541, -61.20910398462526, -26.871025397221615, -75.6603018254045, -37.92362045003219, -17.27015901291535}
