TETRIS-H20-W10. Noise: (50.0, -0.1)
Generation 1: 41.0 --- {4.366485873192008, -14.083265504916167, -4.77809571139069, -12.595990538545125, -2.3438493976546564, 10.254110321588561, -9.043394846874959, -4.993145046055445, -17.70388932925449, -7.717009581111419, 3.147212196312567, 2.2369883109597106, -8.08205295217656, -8.082383235421716, 0.18823004422723644}
Generation 2: 71.0 --- {11.55640743973949, -13.493868175903785, 9.193828214638668, 1.016417785482667, -2.797127314546485, -2.693544660476192, 2.1054014542475543, 0.0758328766093368, -5.037833208071857, -5.183915982173246, -3.0705417262055104, -17.267905595001636, -11.524180708761431, -13.959793980162368, 3.052640615202726}
Generation 3: 50.0 --- {11.55640743973949, -13.493868175903785, 9.193828214638668, 1.016417785482667, -2.797127314546485, -2.693544660476192, 2.1054014542475543, 0.0758328766093368, -5.037833208071857, -5.183915982173246, -3.0705417262055104, -17.267905595001636, -11.524180708761431, -13.959793980162368, 3.052640615202726}
Generation 4: 76.0 --- {11.55640743973949, -13.493868175903785, 9.193828214638668, 1.016417785482667, -2.797127314546485, -2.693544660476192, 2.1054014542475543, 0.0758328766093368, -5.037833208071857, -5.183915982173246, -3.0705417262055104, -17.267905595001636, -11.524180708761431, -13.959793980162368, 3.052640615202726}
Generation 5: 92.0 --- {19.27881095474576, -6.581444157676717, 6.575077925763375, 2.005017212924084, -1.126539265091202, -4.5475912150888425, 3.605120726598742, 1.4410304198002315, -3.5504678247973747, -9.942140108474376, -10.751191916272312, -31.87781131697045, -8.90412357108712, -9.724881093456759, 5.816293080810907}
Generation 6: 122.0 --- {4.38339934058132, -5.859617215273532, 12.592963120681844, -10.706612354902152, -0.6591325202479625, -24.182138010584577, 2.148655788351638, 2.239091283937884, 5.520965144917238, -3.1995659403531365, -17.574420271670256, -37.54909186012715, -21.653522430322756, -16.85771187356041, 1.3280681690365714}
Generation 7: 94.0 --- {2.8145788521411235, -35.261728551812325, -10.883450999838402, -9.881317694040778, -3.2550450538381352, 1.1758563401980524, 17.868798948445196, -8.249770526776743, -0.5398398412822227, -9.98521874830218, -8.253091874249515, -24.406859206257213, -25.254244900996632, -17.347137754998087, -29.042009571090965}
Generation 8: 696.0 --- {-6.746646867157794, -17.817512485300867, -10.422749983164842, -14.660528678686196, -13.767890045130983, -14.355487153487994, 8.21545392873724, -7.841329153899983, 7.11416509013519, -3.519530155149691, -27.447512293492213, -34.87025308649106, -25.349772134743418, -19.561730339028255, -17.83680373794038}
Generation 9: 259.0 --- {8.453502921432477, -15.96654657705971, -9.107429989007123, -2.2908725767023883, -17.951792984674796, 3.722317383290317, 6.498210661606134, 10.280880833743382, -16.920756507248694, -20.053461944842965, -17.387876983680453, -10.059510564993717, -16.94714185521017, -31.65448445198566, -12.613995586993056}
AVG PERF OVER 50 TRIALS: 215.56
Generation 10: 2047.0 --- {9.057597365309935, -11.300723203032845, -11.153390690034046, -2.6570975272839115, -2.4812084454643335, -7.712697988555091, 20.512280823855193, -7.024733621177751, 4.554065190865222, -11.229380991138012, -11.150726613919431, -38.07045201252808, -32.115308472520375, -23.814999223361227, -8.18216837197693}
Generation 11: 392.0 --- {-8.520074675213007, -19.996977375104606, -10.49883818079411, -28.567418635443794, -4.621771402430676, -20.519276308938046, 0.144168369364559, 6.381781541339512, 4.424376904755223, 13.185173852962311, -26.255901958332345, -35.24835975955421, -19.58365306991316, -9.39328733085273, -19.80162616755004}
Generation 12: 418.0 --- {7.224338154375873, -21.15767510720908, -0.4192568357295692, 4.753222324586767, -28.256177562640413, -6.697634200524165, 2.260296154057711, 4.881712975308457, -10.275962944434465, -26.53337930869633, -30.093509772137164, -11.971099758385623, -22.737482872809707, -33.87530803941861, -4.981225770783432}
Generation 13: 580.0 --- {-6.322747511321776, -9.267493688753211, 14.311089996795445, -15.846192283929438, -5.079425331221877, -19.22357631110597, 3.1667295703731813, -4.573131536304135, -3.243269624706013, -15.387769181325933, -18.159663625850218, -31.334929326946398, -23.593180933499625, -23.942971612756146, 4.451270452421215}
Generation 14: 1026.0 --- {15.302965401404201, -22.094442575958077, -21.188203403654573, -6.731014239234701, -17.32420827099504, -4.525080483477041, -4.682160033595746, 5.435385210578964, -21.054824682400447, -10.48462948632461, -17.480318561325056, -29.744284474984315, -45.14514928580462, -22.406128533554472, 3.901924260248828}
Generation 15: 1586.0 --- {16.08850199358561, -32.78263552269482, -1.59032362885163, -19.112777021660843, -21.692032265591443, 5.349488420651314, 6.034028880963419, 3.1266414289248576, -12.880579466192067, -19.03650535551136, -32.42482456221937, -52.173002845392034, -34.68484321117144, -19.963730169192242, -7.06051242047878}
Generation 16: 3366.0 --- {3.8547392248200674, -30.136602635359402, -2.8927439716695424, -14.298813330297518, 0.9880450004612111, 8.452755727702188, -1.591192928591339, 2.431206822733726, -8.87525425780266, 2.3036294278351646, -29.8340908747169, -25.55307474440555, -36.01997843777817, -22.928848856741233, -7.4370067111026925}
Generation 17: 1148.0 --- {3.6058779485163424, -28.28049188831628, -13.399249833680468, -12.018996172323703, -15.29457063709418, 5.052217657848242, -13.210272829436402, 5.203441767711298, -16.40496848999734, -3.6595019901269836, -32.686213443623096, -17.595119538585653, -36.45135106652339, -37.49412934170816, 3.195964070613539}
Generation 18: 3280.0 --- {9.6196180081639, -23.06636098218596, -8.627735569086337, -24.84285571557527, 2.783697576991475, -1.4849424847727173, -9.72795529354266, 3.112392088006043, -6.183386302417058, -3.6352299801479697, -41.827242183574974, -31.252226750081064, -47.10076837132018, -24.06613121936628, -7.152075362682978}
Generation 19: 3891.0 --- {15.06248146927544, -20.61505234439702, -16.998242853030803, -7.801416488169476, -4.527410543492559, -12.65967811932383, -6.19759527224185, -16.948026789313733, -9.920869653848591, 5.2803705410950865, -41.43736760285141, -35.40375484437673, -41.716018404095244, -22.474573360270362, -0.7081628069568149}
AVG PERF OVER 50 TRIALS: 1771.26
Generation 20: 5140.0 --- {25.731762399929067, -31.153492003699263, 0.5275621599507119, -11.262604366821575, 0.2592857236314021, -0.7603302601009927, 4.246573976966594, -3.212498213550477, 5.203960822819395, 8.876770295759119, -29.961460679805292, -42.67785115289962, -42.62432806495068, -17.04282121268242, -6.368245414415554}
Generation 21: 3795.0 --- {10.314071218489484, -16.61147111309431, -26.00895331627543, -0.24851160215363421, -17.94912843418604, -3.0695579325433053, -7.962534497185097, 0.6537199874561785, -16.035956050920188, -9.124627094902728, -39.24066304584436, -26.509202034503723, -37.42924149117211, -23.972407127874806, -2.446460487733817}
Generation 22: 12166.0 --- {15.881031362562748, -30.55032487623465, 3.1702199859568623, -7.518151144405872, 1.2579109515854814, -32.83305301461813, 0.08152160610341408, -14.421940999497204, -6.030829303467397, -20.229688793539438, -63.548230496055254, -29.385342583993314, -69.0081231177386, -17.39285077706893, 4.265077616842708}
Generation 23: 6128.0 --- {13.043304944193892, -21.25198035747614, -8.335241520760466, -11.529186509395371, -4.52427421776205, -10.829570387009904, -1.7548503374529265, 6.429858261524888, -11.962146868717005, 4.7540939813762995, -46.50208484137071, -32.898346336332494, -37.62547783602632, -13.229367786481756, -11.166751155032266}
Generation 24: 3171.0 --- {3.9686828025906307, -27.43040311018753, 2.3449366699728067, 0.5735053227446869, -4.599711716914837, -6.177906145631648, 3.088916967597476, 4.40187701626295, 4.036470378732462, -7.056878633297082, -32.9135920698135, -27.384798746458944, -54.343667610981754, -39.2836859314472, -4.56472123956347}
Generation 25: 10519.0 --- {15.881031362562748, -30.55032487623465, 3.1702199859568623, -7.518151144405872, 1.2579109515854814, -32.83305301461813, 0.08152160610341408, -14.421940999497204, -6.030829303467397, -20.229688793539438, -63.548230496055254, -29.385342583993314, -69.0081231177386, -17.39285077706893, 4.265077616842708}
Generation 26: 10887.0 --- {12.853396556221174, -30.06210042805661, 5.122361385902563, -16.547035933639016, -11.307568098553997, -26.8927975114733, -1.734076839449889, 3.2584447935579433, 1.3622394474875392, 10.880494264241205, -48.46525738602771, -27.656629474893435, -60.78411873325253, -33.571098927081565, -14.985930914507119}
Generation 27: 18152.0 --- {22.770557285335425, -39.39018649782185, 11.844234112422516, 4.0939147977513795, -6.429987019327873, -27.87124368775332, -9.130555468956922, -11.050895389333157, 6.9811641682390695, -21.296849755630827, -71.47187260337955, -31.79049281061248, -53.6992552372912, -28.605003556747633, 2.452226205306272}
Generation 28: 14369.0 --- {25.995722010476438, -17.544406171293907, -7.456795342450485, -9.937857673861716, -7.601638131004826, -30.02762986831298, -0.6158900353464516, -31.572400638203558, -25.851231248491857, -18.230446788906242, -59.10720059299589, -32.39586033218181, -81.65940601198997, -13.124222796259545, 1.8921659165046094}
Generation 29: 7354.0 --- {4.473048101886302, -17.659543319312274, 5.460514525946792, 8.618675137288953, -18.73405682325958, -21.411272259213394, -15.075715468867301, -5.736256305143357, -0.12994228984521872, -12.815383297306909, -60.315544389835146, -36.37005242492913, -55.08449078303396, -28.55752313834822, -2.8809071052591637}
