TETRIS-H20-W10. Noise: (50.0, -0.1)
Generation 1: 9.0 --- {-13.170575965553805, -14.089644847742537, -10.675611225121607, 1.5232902758018807, 2.8092035783900156, -0.7379974513639664, 3.1484202978245897, -0.9471213289928743, -20.517698887718335, -31.174975054125245, -9.256853548841649, -7.366825893831076, 9.04179262885662, -10.894343399079062, -11.062977815936835}
Generation 2: 27.0 --- {-4.737472653171562, -27.215769804812503, -3.5537897279607846, 11.741761837211685, -24.60458117467995, -18.849719876445498, -1.7421918408486556, 6.021579836060566, -21.668537700017673, 14.317268785311132, -7.198977909353731, 2.496218836969945, -13.858582238831636, -13.978271324236845, 1.5625428609650953}
Generation 3: 29.0 --- {-20.35402237313089, -24.231930475196194, 13.770932645342974, -3.6095194472819676, 4.225349043323817, -15.02512922323385, -0.9618242854132566, 0.6566080529239535, 1.3945553959722528, -14.860171151848888, -11.74547038828742, -27.993969094332066, -0.3974756472840214, -33.268690489468334, 4.018212833818424}
Generation 4: 62.0 --- {11.892516205797778, -29.26385539270801, -2.8023173809223456, -17.0431192108632, 10.420856470567832, -0.48984035161825723, 16.36807611836432, 7.861150763585738, -23.145682854055895, -6.55393287771915, -7.54901038446889, 4.384282681537332, -9.888270615910542, -21.359129757542945, -3.896008661754215}
Generation 5: 58.0 --- {-0.7305301894360277, -19.95604325068023, 9.405884003529394, -20.627102257445543, -4.426952439373089, -13.744812027150138, 5.298457579532486, -2.9225041671344267, -10.868189658066427, -13.848580419851855, -15.80773415847357, -0.7442897889714892, 3.7335851803425997, -26.08515977873679, -10.159526453802997}
Generation 6: 66.0 --- {-21.87101604789414, -27.02654099394093, -4.445782860819638, -8.098277382664275, 1.3193887752172024, -10.718094659959354, -2.8682813063170096, -0.15058264266701515, -18.082239475069905, -10.831686137815957, -16.93195345312499, -8.417647400517964, -4.706226344459151, -44.69648875438233, 13.969391906435437}
Generation 7: 91.0 --- {-36.573720126722556, -32.758421743288324, 13.791217665316536, -15.201002957194856, -14.152837071765884, 4.69542628272384, -14.005281480373217, -20.144402001322433, -11.607800299060662, -11.733240461749762, -5.492285722431534, -29.604247917477593, -1.797993358612108, -46.1115815520723, 5.181839316780825}
Generation 8: 121.0 --- {-15.455389131108046, -34.73662284596225, -13.79037762077513, -23.343340398046664, -12.438450672714463, 12.49825336545902, -1.5804486468778798, -24.390900786105075, -16.39446563483118, -5.363725702061428, -18.00623008274879, -11.33796820636127, -3.53464901992188, -13.714593385865573, -5.788265619796584}
Generation 9: 106.0 --- {-15.455389131108046, -34.73662284596225, -13.79037762077513, -23.343340398046664, -12.438450672714463, 12.49825336545902, -1.5804486468778798, -24.390900786105075, -16.39446563483118, -5.363725702061428, -18.00623008274879, -11.33796820636127, -3.53464901992188, -13.714593385865573, -5.788265619796584}
