TETRIS-H20-W10. Noise: (50.0, -0.1)
Generation 1: 42.0 --- {-1.7624250721260524, 6.435707143631984, -13.744511746555103, -11.78586429292056, 4.81140672704731, 4.069224707804286, -11.059524446958891, -26.710219207198346, -5.934376842558572, -5.5373245950403, -9.90030242188487, -30.706472957248096, 5.712273754640789, -15.332546186141204, 6.729713099815848}
Generation 2: 25.0 --- {3.588483792393518, -11.422725275064426, -13.225636422375972, 1.1665319340804738, -13.242970350553687, -10.335275717497355, -6.261189818459449, -6.0673102080289425, -0.5325162107608736, 11.685126925816125, -16.037137514498102, -23.416738189373234, 2.0941498945344956, -7.93611135170543, 8.176126179565786}
Generation 3: 39.0 --- {2.4508337191118903, 5.669897949229382, -9.205739965788709, -3.143356792425731, 11.099251386949838, -4.810223404687519, -13.046669642029094, -21.52011994811484, -8.570290493203021, -8.945816503055651, -0.4418548354480647, -9.440059019997799, -9.071523388640298, -14.141604292586571, 4.524759748090975}
Generation 4: 140.0 --- {16.518636360060057, -2.212627355308592, -16.114234321976316, -2.042812642735832, 9.321611677539693, 4.569043329938129, -13.260795223028317, -11.278501138864696, -4.520720035080376, -1.2350562594968406, -21.42872791611161, -22.77663727317141, -9.386709442712334, -8.320222070823155, 2.320804037606055}
Generation 5: 63.0 --- {16.518636360060057, -2.212627355308592, -16.114234321976316, -2.042812642735832, 9.321611677539693, 4.569043329938129, -13.260795223028317, -11.278501138864696, -4.520720035080376, -1.2350562594968406, -21.42872791611161, -22.77663727317141, -9.386709442712334, -8.320222070823155, 2.320804037606055}
Generation 6: 133.0 --- {-20.792339834368164, -5.268208311836672, 3.4147103230868776, -3.91911411179841, -14.76314962419902, -14.85011947039121, -1.176623855945306, 6.785932586833665, -22.921389889388426, 5.775085032898137, -30.31013302253053, -0.09250853137422421, -2.216174671303471, -24.452909464764858, 5.009135505269734}
Generation 7: 201.0 --- {0.7654963576744961, -25.35846092298184, -8.845262496292746, -11.593173032425472, -6.683610085630322, 1.8031488005229033, 8.188647324077603, 6.6948956940034225, 0.1676726802951265, -5.36372221754727, -14.882295087559346, -2.567683600442437, 4.500485895992389, -30.022535592354345, 1.6387990918764181}
Generation 8: 404.0 --- {-8.731957781300675, -21.13046900436016, -2.0251699629294464, -9.668944205913615, -18.01181305469998, -11.676811558497192, -7.692378845001365, 15.840323473263869, 1.2299476818491708, 0.8468153455701912, -40.95329103497823, -3.918946663471967, -10.215938026830841, -24.1837896584138, -4.216606909383038}
Generation 9: 776.0 --- {3.1262777240986535, -23.638682196247096, -7.569874081692586, -9.444767142003649, -9.068290225026885, 5.002975711352782, 0.058835118358689265, 4.521939697327953, -7.7581668057798225, -11.833072355904783, -17.91504055016209, -8.303141986706613, -8.775171210051287, -12.290204162269768, -4.8780622411608805}
AVG PERF OVER 50 TRIALS: 442.54
Generation 10: 577.0 --- {3.7582539261367893, -23.05230446580123, -5.610240590030953, -20.542544290086045, -11.474671786982768, -14.43933225175379, 6.603931995955142, -2.002853183048819, 12.98874277057115, 1.7571605993308506, -22.284913659653313, -3.2621475733757155, -23.51470608866591, -32.87202604593473, -2.2090567589404206}
Generation 11: 1260.0 --- {-5.829058663635798, -6.274801524859918, -4.617624761644309, -10.716371298887594, -4.014001153980371, -29.40755413897335, -0.6614192223370985, -17.326014247122252, -3.330280710094453, 1.2775372462819057, -44.59052733065568, -7.096885163474384, -26.708634408149372, -12.282855864666274, -17.297340487414868}
Generation 12: 1408.0 --- {-5.829058663635798, -6.274801524859918, -4.617624761644309, -10.716371298887594, -4.014001153980371, -29.40755413897335, -0.6614192223370985, -17.326014247122252, -3.330280710094453, 1.2775372462819057, -44.59052733065568, -7.096885163474384, -26.708634408149372, -12.282855864666274, -17.297340487414868}
Generation 13: 4224.0 --- {-5.829058663635798, -6.274801524859918, -4.617624761644309, -10.716371298887594, -4.014001153980371, -29.40755413897335, -0.6614192223370985, -17.326014247122252, -3.330280710094453, 1.2775372462819057, -44.59052733065568, -7.096885163474384, -26.708634408149372, -12.282855864666274, -17.297340487414868}
Generation 14: 758.0 --- {3.5423474841252744, -18.816157887396585, 10.218240636004037, -28.61623281345007, -19.11619852730241, -11.308798149424423, 0.6400110470102769, -20.039441996977825, 13.842834166572386, 8.707773400027133, -64.4891196109515, -14.186045438556253, -18.203005377534037, -21.491478162088434, -28.57429156297738}
Generation 15: 812.0 --- {3.5423474841252744, -18.816157887396585, 10.218240636004037, -28.61623281345007, -19.11619852730241, -11.308798149424423, 0.6400110470102769, -20.039441996977825, 13.842834166572386, 8.707773400027133, -64.4891196109515, -14.186045438556253, -18.203005377534037, -21.491478162088434, -28.57429156297738}
Generation 16: 3538.0 --- {4.1802451634617555, -19.20695341851365, 12.676896501211864, -31.77528382457476, -13.666141576352226, -23.223873233090796, -16.306206481319467, -8.775363719557197, -3.823980868593109, 0.8634348489672005, -69.6845647695099, -5.837471711406472, -41.0172957822531, -34.66755235271817, 0.893553167806262}
Generation 17: 2169.0 --- {-4.7083896090140955, -5.832363030313772, -13.107524854099545, -19.76567574378924, -8.30975553832619, -42.848165655136775, -10.331082876199067, -1.1349372644875793, 8.941734697767707, -15.61891490326741, -72.82937536856653, -5.457414291621391, -36.41954848961136, -36.60880160968197, -3.3144773080523304}
Generation 18: 2401.0 --- {-1.0512569172820887, -5.199253480304698, 3.276566109798424, -27.656726998108397, -18.936598554418868, -21.9805268153208, 5.4003931453055, -17.930373993427843, 3.296803542323665, -1.1213884386955564, -46.25142512408059, -3.9369292585443585, -42.49650566410161, -25.03700470846762, -0.005711474995736765}
Generation 19: 2028.0 --- {-10.512782971166384, -16.059709605871415, -21.71192670422172, -16.928615292074824, -18.78065596862907, -25.314747700907244, 10.295527834759962, -10.407869161877858, 19.28325014959447, -8.842368648004705, -65.23818751564949, -17.7913003273165, -31.885352438863638, -29.00541028979623, 2.379512593841751}
AVG PERF OVER 50 TRIALS: 1461.48
Generation 20: 3371.0 --- {5.864597297158455, -23.683569037881316, -3.648855794661042, 2.3640386310766175, -20.2155822747, -17.911504066751327, -2.8272672956923652, 1.5219919479530901, 6.534073646584983, -14.759188210715545, -60.40041220883664, -0.49959476637865574, -22.892816040596287, -28.44916523313425, -9.686823199474594}
Generation 21: 3663.0 --- {2.1034689016365924, -15.862074366281764, -2.721584481282005, -28.37489297574205, 7.200498999184024, -8.970806238814475, 11.908566469596764, -26.774221004671595, -4.445103692252137, -12.959781207458025, -58.63328147993708, 1.5471259680531242, -45.42218323895182, -31.728854308019688, -3.448612941891195}
Generation 22: 6028.0 --- {14.314071252513319, -30.942083090763152, -2.6018981196858295, -6.5544353633035115, -18.657577283406305, -19.5465942765481, -8.409083383545447, -12.045776318939344, 5.821608954279033, 6.773264016961859, -62.43277322849771, -0.773418149725595, -40.514558219205675, -33.313947109755254, -6.211428039351204}
Generation 23: 10689.0 --- {-2.06819150229956, -15.611466156102207, -8.759786424864647, -0.8745325969769553, -25.632474614415347, -8.903018115403054, -5.858877688333487, 4.243107493563723, 5.5923000661061195, -0.5111983312289752, -72.11241722022261, -10.416910266404807, -43.624439019499235, -23.865953293738176, -30.971881137249312}
Generation 24: 23816.0 --- {14.314071252513319, -30.942083090763152, -2.6018981196858295, -6.5544353633035115, -18.657577283406305, -19.5465942765481, -8.409083383545447, -12.045776318939344, 5.821608954279033, 6.773264016961859, -62.43277322849771, -0.773418149725595, -40.514558219205675, -33.313947109755254, -6.211428039351204}
Generation 25: 33758.0 --- {-1.6371000275676995, -9.469639471677556, -5.431519787937293, -15.51141072817211, -11.136395967722056, -11.131470569855143, 9.631863410665705, -4.955248985756093, 3.5789978020816737, 0.6566421707491155, -53.07616480481694, -3.4233476371387765, -39.820998641933244, -24.28544328897724, -17.723650095227057}
Generation 26: 42034.0 --- {-1.6371000275676995, -9.469639471677556, -5.431519787937293, -15.51141072817211, -11.136395967722056, -11.131470569855143, 9.631863410665705, -4.955248985756093, 3.5789978020816737, 0.6566421707491155, -53.07616480481694, -3.4233476371387765, -39.820998641933244, -24.28544328897724, -17.723650095227057}
Generation 27: 21957.0 --- {17.631043533614758, -12.990671793439573, -22.62090284699223, -16.914763091060706, -10.80724926426454, -20.479530533494387, -0.18540664686653718, -15.434521355375882, -1.8012589692095915, 4.605352430666653, -71.83795263401909, -17.1522552116559, -46.60570879688745, -31.853453451675925, -19.61080267365592}
Generation 28: 11365.0 --- {-5.5080043537588494, -9.0174284998767, -12.808417739061511, -12.844003844090624, -7.043658279942727, -10.123680187426311, -6.836125720668903, -23.5709045693088, -3.743845258378598, 5.3851891839491515, -61.6526803122104, -7.225174259141932, -42.539199918078985, -17.74206764909829, -24.195813204801773}
Generation 29: 59591.0 --- {18.587507063505676, -17.51204957746817, -26.795203987863495, 4.019760852626959, -10.098904308910607, -14.349411620473873, 2.4901430950821224, -18.673883510309146, 9.699220169280249, -1.7965953613980168, -70.81949897561756, -9.018629484405949, -51.572052292166816, -27.839435641174013, -27.38531011198033}
AVG PERF OVER 50 TRIALS: 31532.22
Generation 30: 92396.0 --- {9.756174388522519, -11.446115363425474, -13.347223171373612, -10.665937348514577, -4.558960893653847, -16.45890737504827, 0.9542839149829208, -11.654183756858734, -13.259654832213954, 4.390005377715649, -75.53723507995166, -20.872133153806786, -57.257543131534725, -29.58724706502099, -22.377616781453128}
Generation 31: 55995.0 --- {26.04521674582807, -28.632934317685777, -19.761630666624317, -20.680226604457342, -10.562169925745009, -21.8629573496896, -5.237977978388482, -12.531426412155943, -6.830809469907717, -1.3920917380627702, -88.66476845543083, -24.87075330684976, -27.32024862893868, -21.452135209648315, -3.8392593336277443}
Generation 32: 47806.0 --- {9.756174388522519, -11.446115363425474, -13.347223171373612, -10.665937348514577, -4.558960893653847, -16.45890737504827, 0.9542839149829208, -11.654183756858734, -13.259654832213954, 4.390005377715649, -75.53723507995166, -20.872133153806786, -57.257543131534725, -29.58724706502099, -22.377616781453128}
Generation 33: 52679.0 --- {11.553426863912797, -32.281005620145216, -12.649858698763047, -0.1340016338308185, -13.986020164137539, -4.621023116732166, -4.10061673296181, -5.24301802823307, -5.1778013808934045, 2.5727828474824848, -71.55713517876517, -6.397696691923116, -52.79794415798372, -35.6684233577539, -25.320578594279173}
Generation 34: 56342.0 --- {19.840753457125725, -36.05110235415172, -2.292647145781741, 15.471207472818195, -18.441675955101314, -35.08271281935214, -6.711879995093227, -15.188658392673824, -1.9167124365388641, -12.379272157810552, -117.90964842124663, -21.455591504705104, -49.340493364684654, -36.636812568545196, -22.384963356850122}
Generation 35: 30755.0 --- {35.24649722736892, -34.187872650430585, 6.971839291614053, -11.365769918055184, -16.97201325341207, -30.3381755368878, 3.5241774439270084, -13.740392368279476, -16.093283801082816, 13.651838071398444, -92.81540671067297, -23.77631527924737, -53.21805704793399, -24.6561043785196, -18.30906290945231}
Generation 36: 73433.0 --- {15.122058330958847, -14.566593224083661, 5.7932811898874395, -7.9523494406457935, -5.098132576497093, -7.730566399182669, 10.51221408070945, -5.282363957109831, -0.01771891733999542, 11.600432343812104, -70.1037099634889, -18.082719742236414, -54.77905884095401, -38.11535972796501, -15.964677042950516}
Generation 37: 61415.0 --- {39.344927685019854, -42.985643826983676, -14.173652324245328, 7.552823216076094, -34.10768695100728, -12.294989211514748, -0.32484436593477417, -6.58310046277785, -20.702629671895846, 0.640086898041202, -111.03263081009514, -36.01547375750984, -59.325633577591326, -33.372741795291674, -33.26671723739774}
Generation 38: 82272.0 --- {30.511376434951483, -42.81407777332612, -1.0010142772787396, 15.063794958302086, -26.24112933022024, -14.134731544480974, -2.605200578780343, -1.7942382919381168, -15.599104734462685, 9.744173184866398, -97.870602012736, -25.205710770587476, -56.36669228573724, -27.623547645747067, -31.26627277888932}
Generation 39: 148113.0 --- {32.46003647040857, -35.22631299336931, -6.352418079685286, -0.44180301989906834, -12.076611880894493, -11.728000087445778, -2.3637425737255535, -6.802760841978893, -12.126009511302513, 4.9302435626603875, -97.02090736456246, -17.63597725667333, -48.02385263853308, -28.703821016933116, -33.17432442383224}
AVG PERF OVER 50 TRIALS: 20697.88
Generation 40: 74769.0 --- {30.511376434951483, -42.81407777332612, -1.0010142772787396, 15.063794958302086, -26.24112933022024, -14.134731544480974, -2.605200578780343, -1.7942382919381168, -15.599104734462685, 9.744173184866398, -97.870602012736, -25.205710770587476, -56.36669228573724, -27.623547645747067, -31.26627277888932}
