TETRIS-H20-W10. Noise: (50.0, -0.1)
Generation 1: 2.0 --- {1.7671960010226848, -22.134054936049154, 6.888624507316749, -2.494096470815611, -9.55324989503775, 4.026981046512421, -1.4885134201739967, 13.047648159493448, 1.640666584331322, -0.9331125762793308, 4.1735364976068565, 6.120357853568353, 6.450002615043294, -7.228756183015408, -10.236382927427565}
Generation 2: 7.0 --- {-16.99035008780011, -5.823589238334183, -3.359189022234528, -2.659926699430712, 8.352404927537517, -9.61175798843142, 17.782904857380657, -3.946970552957432, 7.864905473999322, 5.91295082358635, -11.502063721208613, 7.250975250651701, -1.1473428415632503, 0.9651507821310936, -3.625718316598406}
Generation 3: 8.0 --- {20.104763379074036, 13.659017083952772, -11.00279758037846, -12.621562341862882, -17.63453458792512, -23.53060342132621, -1.9676423745144218, -7.999445496532758, 13.283324308644875, 12.508007043815617, -17.346512336721403, 14.757907279800838, -16.598701014761637, -8.722298735340225, -9.632309100279654}
Generation 4: 99.0 --- {-1.4141229332866017, -4.861566777436061, -15.32155120858738, -13.037761983881365, -10.978759732062628, -9.366432792575443, -4.617433634939621, -11.079226797478093, 4.360817076484145, 7.821830621778632, -3.9381188089208434, 4.885034724103047, -11.124167797484404, -22.075770573935618, 5.350561701004319}
Generation 5: 64.0 --- {-2.884907294139369, -32.829397961030814, 1.2294200772741197, -5.031955624346929, -22.83778120019636, -1.566558221651209, 12.134080975838987, 11.263299011552457, 7.567029561781596, 3.7434587645040627, -16.41227057128672, 7.949456360744168, -7.6953280090048635, -23.12393995657324, 2.8234901040312925}
Generation 6: 226.0 --- {-4.441323189475553, -11.886800440959234, 3.155357560917972, -2.1483916016619045, -4.849267169161278, -2.4010815183161633, -0.4886769583294681, -1.8643615309154769, -4.247480756422654, 3.320801584002922, -22.732499990908202, 12.52989493608632, -17.06270633984294, -30.656388257273658, 16.795654658677112}
Generation 7: 150.0 --- {-18.45205508441136, 9.833502849715273, -24.42266560670805, 8.840482848200182, -13.092614115313253, 3.4634645620849414, -6.915584032798912, -4.456683978614496, -4.421742699070158, 1.9704734879858234, -33.215265112293714, 11.790220531868925, -19.55305091724731, -25.965043673628017, 7.799388189854317}
Generation 8: 168.0 --- {-7.599915365887066, -13.23215856312867, -4.91642186398151, 6.242243291642907, -6.825737557774031, 7.897210792918965, 13.679242401921808, 3.1412127015974924, -1.7324236643182114, -1.6277005299556584, -19.195185252953785, -5.728349196651061, -5.274245054561245, -21.82099239932155, -6.501151639015328}
Generation 9: 521.0 --- {-6.7756108877131, -4.680568521169808, -27.75422429474546, 18.551019334900463, -5.925989781781696, 0.7191578320745062, -7.3567432310728735, -7.065889955475237, 4.990563228065581, 6.233491792902346, -32.26158735690363, 11.11418766319483, -32.80371835290248, -34.621327806861004, 10.121341707155008}
AVG PERF OVER 50 TRIALS: 262.16
Generation 10: 748.0 --- {8.380267436327514, -8.343052451624056, -20.158527862082728, 24.19231221862349, -2.171621696331597, 0.468195508497419, 0.85535894232322, -9.23958625081383, 6.026544102794022, -8.464471624346796, -26.754027483018696, -2.179499114650966, -22.53611488133342, -31.337356953864063, -5.7657383574199805}
