TETRIS-H20-W10. Noise: (50.0, -0.1)
Generation 1: 1.0 --- {0.8601107219816533, 1.0394230420788977, -2.728728550308034, -11.788422767319027, 1.4419642225864, -8.8358227857835, -24.04462413029829, 11.275462947941364, 9.476332948273619, -12.389930954577547, 9.365943330641748, -5.90286726676373, -0.30341428634201006, -6.538064492512904, 11.882905759498168}
Generation 2: 2.0 --- {5.701296679214377, -10.657661535053824, 3.3012757865964826, 9.254911790581627, -2.0370851294315115, 10.99359008869129, 17.852161466763988, -4.199746881105948, -1.0709936477537367, -14.383944697610453, -4.361327734901195, 4.785840570412119, 5.399510815103855, -21.296985386866876, 4.3515905937794495}
Generation 3: 9.0 --- {-9.518897608333061, -0.7186117955568871, -0.9844986519549095, 9.213905404315495, -7.514169459235934, 2.342052090535115, 3.5102803051733114, 3.063500362698841, -4.813950679575973, -30.004480465059174, -3.097718740659218, 2.9307172191593587, -6.831743864730342, -29.923731342018577, -9.582464192499963}
Generation 4: 21.0 --- {-13.55560766697609, -4.342125364382977, -12.159519126144602, -4.432329390855762, -24.27691422534822, 13.95903936841753, 18.59502841091411, -2.063040085039627, -4.27574076274543, -7.575475759194239, -11.237560715635308, 2.775038272483983, -0.16029923713253336, -18.30247193602696, -2.887407925639323}
Generation 5: 72.0 --- {8.8694232035777, -14.723836208283615, -1.3170580059969184, 1.3945515251000788, -4.1950618876478, 15.260888615105554, 3.631875258050147, -14.315186458015791, -40.92257133002569, -13.689815417234362, -21.906964674128226, 1.0869403263126984, -17.669687088696765, -23.584168857924652, -15.172136331101207}
Generation 6: 171.0 --- {8.8694232035777, -14.723836208283615, -1.3170580059969184, 1.3945515251000788, -4.1950618876478, 15.260888615105554, 3.631875258050147, -14.315186458015791, -40.92257133002569, -13.689815417234362, -21.906964674128226, 1.0869403263126984, -17.669687088696765, -23.584168857924652, -15.172136331101207}
Generation 7: 346.0 --- {-1.6273132262369845, -21.050737261302253, -4.518900930882058, -5.834922550969878, -4.846371223852597, 6.2465775807443364, 16.42130740433793, -1.4949631322103882, -21.021727521490206, -12.125191319059265, -19.49598011931288, 12.636100899832554, -15.05771589796133, -32.058092480661855, -16.78924116828988}
Generation 8: 482.0 --- {8.726187010509726, -30.182169237983942, -1.2735923564890115, -11.298080743776506, 2.1067355998736543, 3.420225856457323, 12.12649150085807, 4.062703803049546, -9.321246806144456, -6.51497498157019, -22.513411109491262, -4.745156042012493, -17.794275679318822, -35.059406064489266, -0.7489399599306958}
Generation 9: 168.0 --- {13.593994486538982, -20.268813764060123, 14.861296729753297, -27.33956799076815, 13.174262140660018, 12.077118814203772, 22.464345371529443, -9.703493847678693, -12.99394605327019, 11.480185921194943, -21.371046119925932, -3.8403056558421578, -1.6199212001787107, -41.255148296597596, -13.614167427267747}
AVG PERF OVER 50 TRIALS: 208.5
Generation 10: 243.0 --- {-1.846172114649875, -14.04874930068984, -12.250948836165048, 2.542349938625131, -14.613731320717765, 3.6385430577256264, 17.436311767626478, -0.9815854129400018, -6.36039472069875, -35.01838549606187, -21.54502160083737, -2.0640422583200166, -26.1378286278341, -26.435767720180927, -11.12530221746498}
Generation 11: 408.0 --- {-1.846172114649875, -14.04874930068984, -12.250948836165048, 2.542349938625131, -14.613731320717765, 3.6385430577256264, 17.436311767626478, -0.9815854129400018, -6.36039472069875, -35.01838549606187, -21.54502160083737, -2.0640422583200166, -26.1378286278341, -26.435767720180927, -11.12530221746498}
Generation 12: 1466.0 --- {-6.354562607267654, -12.934352548400328, -1.7329204993333356, -2.6210584024228734, -7.980320157507633, 10.354098605325674, 18.360262673342987, 0.04030380314184756, -24.167621180770205, -3.3695822155088404, -38.961331005864125, 2.2319446199137825, -24.95282848132444, -28.724936148581786, -2.3369115751929463}
Generation 13: 498.0 --- {-1.846172114649875, -14.04874930068984, -12.250948836165048, 2.542349938625131, -14.613731320717765, 3.6385430577256264, 17.436311767626478, -0.9815854129400018, -6.36039472069875, -35.01838549606187, -21.54502160083737, -2.0640422583200166, -26.1378286278341, -26.435767720180927, -11.12530221746498}
Generation 14: 359.0 --- {-8.722411467715828, -27.926506403573203, -2.767930388335131, -19.043755958222036, -28.308701979629518, -5.432316899459288, 13.467867364169768, -10.652077981796747, 0.8326564141252177, -18.581461350076836, -16.479325828309847, 8.663003221242338, -28.32728458657452, -35.00554660950816, 6.50455514432938}
Generation 15: 2156.0 --- {0.337122739171809, -9.789866135243528, -2.30693869494624, 3.0380440115322696, -20.555467691317983, -14.580890636883597, 6.30653177904254, -8.592070035305076, -18.258822917710333, 1.2138628929642508, -30.714973270917447, 1.9915662454469953, -51.42236075470058, -37.00342737461903, 7.012549374858779}
Generation 16: 1410.0 --- {2.6314773394025073, -49.93347550741497, 4.264951797262925, -14.322526219681167, -13.721326913267884, 6.990626746977059, -4.035294775253778, -8.869932022629824, -23.05630662397116, 3.2879897624659202, -45.93853619935218, -3.4184943094870555, -28.688492634533713, -46.75570038842101, 2.59947445184347}
Generation 17: 1355.0 --- {6.293600700064243, -17.143015566741134, -13.9484312677594, -12.050034555349423, -16.21408096249473, 5.01428503490853, 11.086004203332626, 3.034646190051621, -18.957650369824577, -7.564511460703708, -28.408322734922727, 12.45082676299684, -40.47217333447102, -33.229790420060716, -11.63163902976608}
Generation 18: 2391.0 --- {-3.4681506430059192, -25.106087908843485, -0.5466201610549017, -28.36471059213945, -18.01057971410544, 13.775972509487673, -0.7505783169775029, -21.74822400890366, 4.7066392356156435, -0.18335498629383462, -42.504238454876806, 6.259648217123911, -36.797795454473984, -28.75416371740229, -15.547925217287668}
Generation 19: 3161.0 --- {1.5496199371380115, -42.32536422709897, -5.575777975041251, -6.152020782216962, -12.188423800987579, -4.442013555824047, -2.159451535498645, 1.000771555925219, -8.776871285505528, 1.4385100124910615, -40.53310519803733, 14.62200690207243, -57.152226127289964, -42.97590442782557, 6.13318613785356}
