TETRIS-H20-W10. Noise: (50.0, -0.1)
Generation 1: 64.0 --- {-4.7966029354951365, -9.198205791712446, -4.0015392890420545, -14.54549384140648, -14.041939084116317, -1.2924813167962599, 5.622068206327537, -1.4544004892974067, 15.839804446441102, -20.495363111718238, -1.582898236441802, 1.5062365698550606, -16.045743519307134, -21.82810282222515, -4.3995550910986445}
Generation 2: 44.0 --- {-4.7966029354951365, -9.198205791712446, -4.0015392890420545, -14.54549384140648, -14.041939084116317, -1.2924813167962599, 5.622068206327537, -1.4544004892974067, 15.839804446441102, -20.495363111718238, -1.582898236441802, 1.5062365698550606, -16.045743519307134, -21.82810282222515, -4.3995550910986445}
Generation 3: 41.0 --- {-1.0914324148850771, -20.20161092924709, -7.762553170955582, -14.27500482612566, -8.937770625750039, 6.495423505443172, 9.890900644988275, -1.0979482394841384, 4.16365547116991, -19.711939716192106, 0.07434940946451807, -4.618117727441889, 2.2810939472212466, -15.299620256941825, -16.69174016631756}
Generation 4: 34.0 --- {-1.0914324148850771, -20.20161092924709, -7.762553170955582, -14.27500482612566, -8.937770625750039, 6.495423505443172, 9.890900644988275, -1.0979482394841384, 4.16365547116991, -19.711939716192106, 0.07434940946451807, -4.618117727441889, 2.2810939472212466, -15.299620256941825, -16.69174016631756}
Generation 5: 34.0 --- {-1.0914324148850771, -20.20161092924709, -7.762553170955582, -14.27500482612566, -8.937770625750039, 6.495423505443172, 9.890900644988275, -1.0979482394841384, 4.16365547116991, -19.711939716192106, 0.07434940946451807, -4.618117727441889, 2.2810939472212466, -15.299620256941825, -16.69174016631756}
Generation 6: 77.0 --- {-7.922703702850421, -28.41688552047294, -11.779269575497839, -12.948247360102952, -11.797563166283359, -2.8204100886165606, 1.4850157941681297, 4.241037962664783, 7.895955120798018, -8.705143216835895, -4.537879917311338, -0.7632246930431172, -7.616210961566825, -15.2791389657675, -7.760676856854525}
Generation 7: 121.0 --- {-10.972338089442275, -10.010655149530798, -6.420585837797851, -23.245377569017407, 0.40299869432496394, 2.3794856203719466, 11.88451196887267, 6.420644300673864, 1.631780580530723, -9.133740406318134, -0.7112758563616888, -1.2917633700461675, -12.424491141709261, -25.3939025947043, -1.820117798890048}
Generation 8: 122.0 --- {-3.438947330342483, -22.83115469896477, -3.70823190083934, -6.703921654384434, -15.001052430818756, -12.45486506127438, 7.36859132656768, 3.6989304241757646, 13.071767597371952, 4.255927728284531, -7.580394582432847, -6.741239964017401, -12.526277935963446, -33.35039915890988, -10.156357753039437}
Generation 9: 175.0 --- {-7.922703702850421, -28.41688552047294, -11.779269575497839, -12.948247360102952, -11.797563166283359, -2.8204100886165606, 1.4850157941681297, 4.241037962664783, 7.895955120798018, -8.705143216835895, -4.537879917311338, -0.7632246930431172, -7.616210961566825, -15.2791389657675, -7.760676856854525}
AVG PERF OVER 50 TRIALS: 181.36
Generation 10: 233.0 --- {-12.40678230733674, -23.20040615674477, -6.798271191990523, -4.740493473764152, -9.724392563863141, -10.558244906143923, -2.2877645356221397, -8.640180645331151, 9.436272616849333, -5.222823255281506, -24.5854378409787, -13.220494552697136, -18.229663772909284, -25.107368422713733, -12.797923957377662}
Generation 11: 222.0 --- {-10.972338089442275, -10.010655149530798, -6.420585837797851, -23.245377569017407, 0.40299869432496394, 2.3794856203719466, 11.88451196887267, 6.420644300673864, 1.631780580530723, -9.133740406318134, -0.7112758563616888, -1.2917633700461675, -12.424491141709261, -25.3939025947043, -1.820117798890048}
Generation 12: 233.0 --- {-6.500969208617459, 10.756805208939788, -6.054903923537289, -16.690002088695593, -15.050853550462321, 1.8402814579785227, -16.86385103914855, -2.169711763573474, -4.788902626098548, -13.871056912463844, -16.86888220757892, -6.415075574367986, -20.208422026784653, -30.16757578152929, 0.07231411612997629}
Generation 13: 388.0 --- {2.4044416195582548, -12.889455175514149, -7.678549490643788, -4.528080977607923, -4.4748328578138175, 6.499373100829038, -6.222938078916492, 5.922155821118055, 13.892979853087954, 0.7852496643621798, -9.424232778287692, -14.59656127418737, -31.425152117837744, -20.27638626503589, -1.2140898799560436}
Generation 14: 507.0 --- {-10.900792085116924, -4.191742700703841, 2.847375060736417, -0.9510617407357134, -19.383256248910243, 0.46706427252026095, 3.712802674755336, -4.257144721080177, -10.190093333022052, -3.5022535714627576, -32.38110230322615, 2.3007171060809846, -10.33769868389768, -30.990169166952487, -3.534491576241182}
Generation 15: 391.0 --- {6.3519724630952865, -12.735090297961623, -7.318307231496112, 5.096753458282437, -6.274942426436926, 4.717079206692487, 5.901628025653849, -13.144210013427582, 3.6756657828148063, -0.2259419375745395, -30.498111639406112, -6.2418190542425185, -2.554479349582923, -18.196658828398682, -2.2874072929259874}
Generation 16: 200.0 --- {-3.405819515880032, 12.973825014209424, -5.028557594380074, -23.788518425868993, -12.919891482325681, 2.4312165093191824, -15.252033215107193, -15.252088430085106, -35.45309495191777, -7.045427632851252, -19.522368387014318, 9.670898897733935, -38.882774114513055, -26.323768404753103, -13.10040838998642}
Generation 17: 361.0 --- {-0.6895331043859745, 14.052026794775362, -24.681800744743086, -12.365707395168894, -5.372395396250019, 14.282844463417817, -16.53618262252681, -18.342842769772087, -31.58270666314597, -23.88570582705011, -34.01529612266154, -19.633893568491608, -28.997723049827716, -36.21289663689662, -12.289777619779528}
Generation 18: 319.0 --- {-0.6895331043859745, 14.052026794775362, -24.681800744743086, -12.365707395168894, -5.372395396250019, 14.282844463417817, -16.53618262252681, -18.342842769772087, -31.58270666314597, -23.88570582705011, -34.01529612266154, -19.633893568491608, -28.997723049827716, -36.21289663689662, -12.289777619779528}
Generation 19: 334.0 --- {14.941903026172916, -1.524179610374198, -10.668564789056516, -2.3156777503704307, -4.189126285411673, 14.043687363836598, -31.37912283887071, -30.15166501901772, -37.300758806724104, -23.124804387336212, -42.709854359266075, -20.12057517479287, -26.555684566737437, -34.318444123331105, -10.680723238692666}
AVG PERF OVER 50 TRIALS: 379.76
Generation 20: 1074.0 --- {1.448835331466813, -3.589607085377734, -16.239122463093064, -3.6364934070731465, -11.955017861318552, 16.262635972947823, 3.6291264707034756, -14.891745244573034, -30.033674487655883, -14.180342597857658, -38.76140763750944, -29.765326908216863, -26.83050439750677, -29.607678113022175, -12.158917778478873}
Generation 21: 932.0 --- {-2.4244986225536174, 2.657750491711359, -10.199586816803931, 2.782621560708135, -13.897904472730811, 5.067209163202067, -3.421606999628203, -3.0546826811695595, -30.202723691336104, -18.205550927625623, -46.165459960005975, -24.213986199625598, -35.30655837932413, -37.01404744335765, -8.998146240822098}
Generation 22: 1114.0 --- {-2.4244986225536174, 2.657750491711359, -10.199586816803931, 2.782621560708135, -13.897904472730811, 5.067209163202067, -3.421606999628203, -3.0546826811695595, -30.202723691336104, -18.205550927625623, -46.165459960005975, -24.213986199625598, -35.30655837932413, -37.01404744335765, -8.998146240822098}
Generation 23: 2836.0 --- {7.7586463173518, 8.066948610267477, -25.03378567634714, -5.375405374428404, -2.374425989697306, -1.2315036352205588, -14.457065984838877, -16.535700116639337, -27.690260221953473, -24.443575858021298, -54.648843609425214, -12.797996114407354, -47.38605636492599, -30.244108816584248, -11.206283622041255}
Generation 24: 1018.0 --- {8.996761015356364, -3.943885219095682, -21.738396034583907, -6.037590994943765, 0.5420794436598193, 5.7581554910501405, -6.778365956330047, -28.254928923014248, -37.46608964429152, -4.882397485126283, -38.96764532673458, -4.892570399581654, -40.99869508702017, -26.299621798095508, -21.520865331312674}
Generation 25: 8124.0 --- {7.7586463173518, 8.066948610267477, -25.03378567634714, -5.375405374428404, -2.374425989697306, -1.2315036352205588, -14.457065984838877, -16.535700116639337, -27.690260221953473, -24.443575858021298, -54.648843609425214, -12.797996114407354, -47.38605636492599, -30.244108816584248, -11.206283622041255}
Generation 26: 10577.0 --- {7.7586463173518, 8.066948610267477, -25.03378567634714, -5.375405374428404, -2.374425989697306, -1.2315036352205588, -14.457065984838877, -16.535700116639337, -27.690260221953473, -24.443575858021298, -54.648843609425214, -12.797996114407354, -47.38605636492599, -30.244108816584248, -11.206283622041255}
Generation 27: 7414.0 --- {1.6594619613963717, -2.286814620784005, -30.70014030557276, 3.8275288480453717, -22.44796590336912, -5.248670432121466, -9.258052675257243, -16.4761265831674, -31.56742778595232, -13.939747197788455, -80.86881834844053, -21.94085764204886, -38.52407568484182, -30.015400337207883, -29.08514660656366}
Generation 28: 6556.0 --- {7.7586463173518, 8.066948610267477, -25.03378567634714, -5.375405374428404, -2.374425989697306, -1.2315036352205588, -14.457065984838877, -16.535700116639337, -27.690260221953473, -24.443575858021298, -54.648843609425214, -12.797996114407354, -47.38605636492599, -30.244108816584248, -11.206283622041255}
Generation 29: 19603.0 --- {13.639994275348837, -16.47783761704195, -19.368310280840465, -3.6966977901245066, -7.180124750018946, -11.62185338410701, -9.761847066112491, -34.602253716408974, -19.852297104249573, -11.34743946218637, -67.2468363653495, -0.8309243459216589, -60.58584030010532, -35.84074715755385, -6.714644592442738}
AVG PERF OVER 50 TRIALS: 9835.7
Generation 30: 63447.0 --- {12.766752880506289, -0.41105328435279187, -1.9730857227749574, -0.5952250619155318, -16.200275471334216, -12.617027118464666, -13.104515526474225, -19.940902711607265, -41.87756595516831, -13.017427913286733, -78.23103682778148, -16.95146116039404, -64.29403941333217, -27.446763452851812, -10.857346266023278}
Generation 31: 8469.0 --- {12.766752880506289, -0.41105328435279187, -1.9730857227749574, -0.5952250619155318, -16.200275471334216, -12.617027118464666, -13.104515526474225, -19.940902711607265, -41.87756595516831, -13.017427913286733, -78.23103682778148, -16.95146116039404, -64.29403941333217, -27.446763452851812, -10.857346266023278}
Generation 32: 17179.0 --- {6.00484574560142, -16.65741902536006, -23.40692313173208, -8.838628385592592, -8.92799465684905, -12.61891175246337, -1.0538759498337384, -26.76172089070916, -25.885538563413203, -30.49896488423914, -72.03642000601393, -6.077434542729361, -67.843723289058, -37.687075509305544, -18.601559924309765}
Generation 33: 98129.0 --- {12.848295081146, -17.336785573671925, -13.74237356965773, 9.169616840774198, -12.571871309979446, -16.506820545026343, 7.721754582274183, -11.83499566564662, -16.634472597551305, -16.55838942025051, -90.97230647551004, -11.289196323392536, -68.93633733581612, -47.27483781247356, -33.291422835076304}
Generation 34: 109234.0 --- {12.848295081146, -17.336785573671925, -13.74237356965773, 9.169616840774198, -12.571871309979446, -16.506820545026343, 7.721754582274183, -11.83499566564662, -16.634472597551305, -16.55838942025051, -90.97230647551004, -11.289196323392536, -68.93633733581612, -47.27483781247356, -33.291422835076304}
Generation 35: 39251.0 --- {10.349894034470953, -30.06053733703381, -18.341595224492576, 1.9648126248094728, -11.524035667137632, -9.844532634688916, 6.538937309583488, -16.153493142223002, -17.368841718807015, -5.179803188264945, -78.36963303483773, -10.131381401084505, -67.16448328031399, -28.901694807163075, -32.79195523200774}
Generation 36: 73512.0 --- {17.96820496878822, -7.98309601555702, -7.72061038794233, -4.9325457379451105, -3.046382793668486, -15.594319245385106, -17.363621948592264, -38.73000980831638, -23.38428254544065, -13.567828467057254, -72.20542869340564, -9.874341596982259, -61.91281182221775, -16.575220613429067, -20.195872578426048}
Generation 37: 74002.0 --- {29.316293235569326, -26.692572507978753, -30.47073259727613, 11.087896304881484, -6.993529560467775, -13.072830769361214, -13.1230261197258, -41.86373974479012, -30.203128988863796, -11.296477830709653, -89.27561860228398, -10.620818491760113, -67.17712539628472, -25.867414746764425, -34.577605018408946}
Generation 38: 60934.0 --- {15.641910202510758, -29.708366345657343, -19.9645609654919, 15.350972981282885, -5.059652863051706, -29.726779924823916, -5.962234954238369, -31.601441316511035, -5.736355077895121, -21.653065979346298, -107.70098613439434, -22.33884041993904, -70.00776246145016, -31.733042340630604, -26.57697295460071}
Generation 39: 128342.0 --- {24.541859763377218, -21.516244703873266, -11.288845096563586, 6.138856036630316, -3.5805049705001917, -22.75083900449319, -5.399497138015579, -26.997606601380422, -18.18914581866948, -23.515597188103122, -99.2598739791692, -26.74021208104421, -63.61884983357584, -20.80439614110179, -20.229562404943604}
