TETRIS-H20-W10. Noise: (50.0, -0.1)
Generation 1: 3.0 --- {-2.4816481964016104, 10.443587981021984, -11.732843868077508, 12.76664473901397, -4.882570866220451, -5.480121107903763, 8.583045942475122, -6.763557128206713, 3.3555190002321367, 16.75571319597418, -7.714528041712717, -1.8682269201125044, -4.47858214097829, -5.264684353742472, 3.2282272809968133}
Generation 2: 4.0 --- {3.0629239322861874, -3.1766817532959446, -8.333725362066453, 0.4266190856162504, -17.456705607099927, 13.095777721923676, -2.673146225840549, -5.895113824480502, 2.3007942549973674, 19.72594850759005, 4.8094011160400365, 0.9260676414872505, -4.971581892697072, -5.34687540820891, -1.6988627657837045}
Generation 3: 5.0 --- {11.550012270819657, -3.4486410640881466, -5.560030976291387, -12.362520198442287, -9.493423691784525, -0.23759584876616802, 19.134478715627857, -22.44149132872338, -13.014669841478225, 2.710295175060592, -0.13875622442940738, -13.70772276099861, -23.00072217635303, 6.783695111738146, -13.834823330966925}
Generation 4: 10.0 --- {11.550012270819657, -3.4486410640881466, -5.560030976291387, -12.362520198442287, -9.493423691784525, -0.23759584876616802, 19.134478715627857, -22.44149132872338, -13.014669841478225, 2.710295175060592, -0.13875622442940738, -13.70772276099861, -23.00072217635303, 6.783695111738146, -13.834823330966925}
Generation 5: 8.0 --- {8.685510583510094, 21.475804447123075, -12.296479233179056, -27.502365590548475, 5.678186670507692, -4.860482166854816, -5.560909814018313, -17.795040023835135, 0.44239032151569546, -10.345233849555635, -26.299479537132903, -22.591543547720086, 6.819541707932722, -0.3853212248893412, 5.170965716634754}
Generation 6: 11.0 --- {-0.9384290651685561, 34.86399884819708, -25.53680176988242, -20.663693000900256, -17.228730276066138, -13.055070986523116, 18.328361598484854, -12.53821280239146, 2.778857208646939, -9.78654269533265, 14.247132177969334, -34.6008579625404, -18.549453203693993, -21.47248167458546, -12.048341156845604}
Generation 7: 18.0 --- {8.330780460013765, 7.734225567584066, -2.44372910103033, -16.943844086579286, -11.86887652971328, -5.1853451504833155, 1.5028636389260797, -19.56497324841194, 10.402423690116615, 3.5407412014798605, -15.490469338341036, -15.734703968279826, -7.327715053322725, -16.033715322937073, 5.070254948628539}
Generation 8: 79.0 --- {16.226557718892856, 5.648088291652311, -5.82048984327373, -24.78919014301567, 13.073682469812962, -12.542041626105261, -14.021149876408035, -27.908393230619918, 1.3224460728568426, 8.099762834278518, -35.58764691700575, -24.67190293968526, -11.568440756847044, -19.793788276312085, -6.241946949012083}
Generation 9: 65.0 --- {16.226557718892856, 5.648088291652311, -5.82048984327373, -24.78919014301567, 13.073682469812962, -12.542041626105261, -14.021149876408035, -27.908393230619918, 1.3224460728568426, 8.099762834278518, -35.58764691700575, -24.67190293968526, -11.568440756847044, -19.793788276312085, -6.241946949012083}
AVG PERF OVER 50 TRIALS: 81.14
Generation 10: 129.0 --- {-12.332588400595647, 11.489159446186536, -22.829848615814065, -34.12875361272983, 4.223727618238291, -17.74534656661919, -7.928354678293832, -13.674609971652995, -4.098814867442715, -4.053029844027187, -21.39481742085967, -9.259282348756194, -13.116442167140772, -16.993392750199195, -2.3630039918813384}
Generation 11: 352.0 --- {-7.3372457871311045, 12.5571508511862, 23.23522344109121, -17.57166741443482, 3.0221171851152695, -21.375815870266543, -7.2561328914004894, -17.474067687478637, -7.4812985396118306, 6.2581546187934505, -62.346687736087816, -6.5864386030845985, -16.669002094471203, -6.624615886759744, -16.79535245312183}
Generation 12: 100.0 --- {-11.46091890825937, 15.492480965249014, -8.486497997919445, -14.66721858808001, 2.6059792533299397, -24.943070753851085, -11.144134977466589, -20.207235042444317, -6.525867502393237, -1.0700441799000133, -36.78037831613183, -24.852998583853385, -19.592734310891245, -15.94967295343445, 1.4178024677005006}
Generation 13: 356.0 --- {-11.46091890825937, 15.492480965249014, -8.486497997919445, -14.66721858808001, 2.6059792533299397, -24.943070753851085, -11.144134977466589, -20.207235042444317, -6.525867502393237, -1.0700441799000133, -36.78037831613183, -24.852998583853385, -19.592734310891245, -15.94967295343445, 1.4178024677005006}
Generation 14: 216.0 --- {-20.764739221807105, 11.955233406034909, 7.345221978202094, -7.210362989777604, 1.9480121064848959, -38.80805524997368, 27.51812884428972, 1.1704528262700293, -25.996287748454805, -6.091144706363916, -63.58066822590765, 9.131744101590074, -23.5325112263111, -38.19994767596583, 9.708867195005542}
Generation 15: 715.0 --- {-9.720065616099367, 12.095729602562047, -5.68695890018829, -9.635815981781024, -9.673536916796758, -22.907981397950074, 0.2995751674561833, 1.330266170681302, -14.302101536159164, -4.4175401193328705, -42.90446905977627, -9.057724420365174, -28.03682416350601, -20.846231476069722, 11.491145457640831}
Generation 16: 2483.0 --- {-2.302375021508599, 1.2932752348350292, 8.327528299802418, -13.139575133674793, 0.08760000245874122, -9.146236777132394, -2.961283899757098, -11.60804730294669, -12.79673319194714, -7.0644404917297035, -26.95299768797011, -11.47204800167833, -31.524445182554864, -19.419760407778615, -2.0983118023581215}
Generation 17: 1488.0 --- {-2.302375021508599, 1.2932752348350292, 8.327528299802418, -13.139575133674793, 0.08760000245874122, -9.146236777132394, -2.961283899757098, -11.60804730294669, -12.79673319194714, -7.0644404917297035, -26.95299768797011, -11.47204800167833, -31.524445182554864, -19.419760407778615, -2.0983118023581215}
Generation 18: 4415.0 --- {-2.302375021508599, 1.2932752348350292, 8.327528299802418, -13.139575133674793, 0.08760000245874122, -9.146236777132394, -2.961283899757098, -11.60804730294669, -12.79673319194714, -7.0644404917297035, -26.95299768797011, -11.47204800167833, -31.524445182554864, -19.419760407778615, -2.0983118023581215}
Generation 19: 2070.0 --- {-4.173871390838004, 15.782371663246314, -1.197191330829222, -12.569369482824362, 3.5069914226415904, -24.25879173859565, -1.5911992741714158, -5.1036744479271, -4.2219658098723, -16.60689218903052, -56.75108416894721, -14.824340754705421, -25.815107396572103, -31.10987685627202, 2.8092519405886054}
AVG PERF OVER 50 TRIALS: 995.04
Generation 20: 1663.0 --- {-7.58260343828669, 2.6654157040037836, -5.025520628566718, -25.876281429974178, -13.512453813478814, -21.688504856738316, -4.356401224862645, -20.11378387767291, 9.060884566464507, -8.1498881604075, -74.59350401243526, -6.515141013956217, -31.479030403858445, -28.236797824122508, 7.8359133942702135}
Generation 21: 6574.0 --- {0.8050757143516716, -4.883494666628595, 12.346418769330281, -17.454300896518102, 0.8686101612789079, -19.887639193678584, 1.1484445601587732, -18.641351284111284, -8.011078979759262, -5.001706089874505, -45.556489060348945, 0.926477828605661, -41.843149687263356, -29.45962290628937, 0.7024315550334617}
Generation 22: 3114.0 --- {0.8050757143516716, -4.883494666628595, 12.346418769330281, -17.454300896518102, 0.8686101612789079, -19.887639193678584, 1.1484445601587732, -18.641351284111284, -8.011078979759262, -5.001706089874505, -45.556489060348945, 0.926477828605661, -41.843149687263356, -29.45962290628937, 0.7024315550334617}
Generation 23: 2127.0 --- {-14.21198131016271, -4.885260948196356, -11.34783077176653, -31.860541448858093, -8.601566580637305, -16.62567377980526, -18.78266429335038, -29.63937960897504, -20.259836772991328, -24.360621255429958, -71.29483506244111, -3.796825756396921, -35.33776821673857, -27.01328178081276, 2.123009559244709}
Generation 24: 7204.0 --- {4.296810359581718, -13.80059715947734, -5.634701439443804, -25.864847730003714, -5.430948141606058, -23.122121484054514, -18.611922687078895, -23.97572990252906, -18.98168493907555, -12.239431478053882, -75.74858554019619, 3.8101916698919376, -39.42581297774696, -26.52259910870916, -0.11250150007886006}
Generation 25: 7193.0 --- {0.8050757143516716, -4.883494666628595, 12.346418769330281, -17.454300896518102, 0.8686101612789079, -19.887639193678584, 1.1484445601587732, -18.641351284111284, -8.011078979759262, -5.001706089874505, -45.556489060348945, 0.926477828605661, -41.843149687263356, -29.45962290628937, 0.7024315550334617}
Generation 26: 6767.0 --- {4.296810359581718, -13.80059715947734, -5.634701439443804, -25.864847730003714, -5.430948141606058, -23.122121484054514, -18.611922687078895, -23.97572990252906, -18.98168493907555, -12.239431478053882, -75.74858554019619, 3.8101916698919376, -39.42581297774696, -26.52259910870916, -0.11250150007886006}
Generation 27: 17034.0 --- {4.296810359581718, -13.80059715947734, -5.634701439443804, -25.864847730003714, -5.430948141606058, -23.122121484054514, -18.611922687078895, -23.97572990252906, -18.98168493907555, -12.239431478053882, -75.74858554019619, 3.8101916698919376, -39.42581297774696, -26.52259910870916, -0.11250150007886006}
Generation 28: 13193.0 --- {-2.7572967907973656, -10.667718422285581, 0.8959489671047702, -2.6444201873566477, 1.1104100861095785, -41.37744351041344, -23.147570834656285, -22.71717118410696, -25.65318642896267, -11.002514508959063, -73.15434191090024, 3.410713790013581, -47.43519006281181, -21.671669046527132, 19.899212514097588}
Generation 29: 30712.0 --- {12.04692493100921, -16.097806561474286, 5.01653883182549, -14.56766586310946, -10.805674276686522, -22.839051530698104, -11.438215153211203, -11.465735695714123, -39.16098855154117, -14.370925693356472, -85.72914968019897, -4.1057764818810805, -45.23068071184849, -34.98160852489894, 1.607415427498438}
AVG PERF OVER 50 TRIALS: 6384.42
Generation 30: 12425.0 --- {12.04692493100921, -16.097806561474286, 5.01653883182549, -14.56766586310946, -10.805674276686522, -22.839051530698104, -11.438215153211203, -11.465735695714123, -39.16098855154117, -14.370925693356472, -85.72914968019897, -4.1057764818810805, -45.23068071184849, -34.98160852489894, 1.607415427498438}
Generation 31: 10218.0 --- {6.067419293192749, -10.608211591386961, 1.7132734789706356, -8.080127886210537, -0.1789898464582691, -22.25065049331375, -13.162352741512242, -25.58671011549257, -12.842520687972817, -21.30835167998287, -85.86617469589113, -6.594541164915206, -34.33499354346298, -34.04963797537738, 7.242087091992381}
Generation 32: 41654.0 --- {11.005951517231175, -21.81373289934963, -4.013003740573209, -14.47279775216359, -0.8442021846512056, -31.90525177853246, -13.945345856281332, -28.197726746564996, -28.261797968727095, -14.724866840699626, -91.74947634097165, -6.662972787962813, -38.07894567273769, -31.063430827043966, 14.638866078241339}
Generation 33: 14159.0 --- {12.04692493100921, -16.097806561474286, 5.01653883182549, -14.56766586310946, -10.805674276686522, -22.839051530698104, -11.438215153211203, -11.465735695714123, -39.16098855154117, -14.370925693356472, -85.72914968019897, -4.1057764818810805, -45.23068071184849, -34.98160852489894, 1.607415427498438}
Generation 34: 32470.0 --- {-0.6357557178561182, -33.26923502319454, 3.10771865229811, -19.98311261317245, -13.50291874219738, -30.82260094165291, -10.217793599814113, -20.186900689971047, -16.89839554624655, -31.7520026007085, -79.05262792208948, 1.8497372719665823, -55.99543040571092, -29.374302867948384, 9.783884693715969}
Generation 35: 34435.0 --- {11.005951517231175, -21.81373289934963, -4.013003740573209, -14.47279775216359, -0.8442021846512056, -31.90525177853246, -13.945345856281332, -28.197726746564996, -28.261797968727095, -14.724866840699626, -91.74947634097165, -6.662972787962813, -38.07894567273769, -31.063430827043966, 14.638866078241339}
Generation 36: 21985.0 --- {10.374349414395283, -25.51599021637464, 2.0906340105480092, -8.68148908847995, -24.818894439759728, -34.653880053275245, -6.658216310459581, -21.63743294397563, -27.404597205104977, -39.20124388572733, -85.9962128931685, 2.3661377121555187, -60.54733088536507, -38.09909247284416, -5.3750585861193985}
Generation 37: 28730.0 --- {10.12942468877079, -27.237315052500293, 0.4528356473457702, -16.96288110034219, -9.682341181726336, -30.317482399542996, -3.122629595391359, -23.92717409030384, -26.422217338506858, -35.1490529814828, -79.65981937632935, -8.448796454346342, -52.120172017374834, -21.99235692745251, -20.548837685154425}
Generation 38: 28391.0 --- {10.12942468877079, -27.237315052500293, 0.4528356473457702, -16.96288110034219, -9.682341181726336, -30.317482399542996, -3.122629595391359, -23.92717409030384, -26.422217338506858, -35.1490529814828, -79.65981937632935, -8.448796454346342, -52.120172017374834, -21.99235692745251, -20.548837685154425}
Generation 39: 42051.0 --- {12.086894567560229, -23.04821351894758, -12.6346630954693, -8.603054867499004, -13.122233197447573, -42.8062477033588, -17.25059236186305, -16.06422074015168, -15.216810093169775, -26.843365722161465, -70.06753159818143, -4.176196570693229, -63.683573237082705, -26.83777294389635, 3.1183312247978443}
AVG PERF OVER 50 TRIALS: 14200.58
Generation 40: 49403.0 --- {19.68736243467986, -15.31923567966368, -17.504676115611797, -5.513638849387812, 1.836950625943512, -25.52450838961063, -26.358864951380557, -15.33115931631808, -23.84096544049085, -26.630908560440673, -87.48083514942643, 1.3775493646521584, -55.450620273697986, -28.845888508362677, -2.5548009859218226}
