TETRIS-H20-W10. Noise: (50.0, -0.1)
Generation 1: 13.0 --- {5.4143010949461425, -3.6431214494543624, -0.7330005224674763, -5.077539270355692, 1.0924897921427137, -16.295588484938417, -6.648367833782144, -13.909999016779583, -1.8540388233870575, 18.983922010276295, -12.414492755826052, 11.05254080424716, -14.201961782464835, -8.330725762079275, -8.798466017367417}
Generation 2: 15.0 --- {5.4143010949461425, -3.6431214494543624, -0.7330005224674763, -5.077539270355692, 1.0924897921427137, -16.295588484938417, -6.648367833782144, -13.909999016779583, -1.8540388233870575, 18.983922010276295, -12.414492755826052, 11.05254080424716, -14.201961782464835, -8.330725762079275, -8.798466017367417}
Generation 3: 12.0 --- {19.638925373435455, -20.452263585492183, 22.74959431618025, -19.422231778907662, -13.938248412902894, -11.366600984187226, -14.519492678317375, -18.664633142201424, 14.313110594010391, -3.054448557832939, -35.659042859607304, 11.864618898871232, -5.376667662146328, 6.7368452723978836, -21.584797963777465}
Generation 4: 134.0 --- {-1.714321963713898, -11.981774069432808, -10.919894871894117, 4.281971351014278, 0.9425734414355884, 1.414170361295529, 3.826740009984599, -0.8321210154632865, -0.8487294438389477, -0.12890386055774083, -21.05935763489255, -8.714606330017979, -6.564925098544757, -17.44964580519429, 7.087552338729097}
Generation 5: 108.0 --- {1.0056926689222756, -8.92956784702384, 11.704959952993502, -16.21882910275328, -0.4877597427772671, -12.1353900507279, -13.916426925677259, -22.156518903184587, -7.079664352793902, 9.63252180804302, -38.87065794739154, -9.296101423521154, -21.734537345324178, 6.3441274928933415, -13.042997327761631}
Generation 6: 312.0 --- {-15.697631135602363, 1.1701729159519036, -4.086837005838925, -2.1040031154064662, 0.29189498319717, -12.936962542995818, -1.5264884568713892, -7.49235765870553, -4.774750536196297, 12.270632709976706, -34.109004736871256, -23.39988862794093, -29.393989131981314, -16.179476933110337, -27.063991071630603}
Generation 7: 498.0 --- {10.60010647720081, 1.0143372896094291, -10.702088189101033, -16.213811530928343, 7.426616111295231, -2.5188916877996768, -18.067582157643727, -9.77624481713252, -13.745752961968497, 1.3982755832563953, -27.288540306540963, -18.495496324724154, -16.401549613118803, -12.901523214048137, -2.3131837956884596}
Generation 8: 796.0 --- {-15.697631135602363, 1.1701729159519036, -4.086837005838925, -2.1040031154064662, 0.29189498319717, -12.936962542995818, -1.5264884568713892, -7.49235765870553, -4.774750536196297, 12.270632709976706, -34.109004736871256, -23.39988862794093, -29.393989131981314, -16.179476933110337, -27.063991071630603}
Generation 9: 832.0 --- {10.60010647720081, 1.0143372896094291, -10.702088189101033, -16.213811530928343, 7.426616111295231, -2.5188916877996768, -18.067582157643727, -9.77624481713252, -13.745752961968497, 1.3982755832563953, -27.288540306540963, -18.495496324724154, -16.401549613118803, -12.901523214048137, -2.3131837956884596}
AVG PERF OVER 50 TRIALS: 192.42
Generation 10: 269.0 --- {9.39646451939959, -5.644125992701353, -8.808722927137605, -4.89658442741854, -9.481877322030506, -15.206765498687254, -11.094777810060329, -5.698218313394282, 2.8987922385150764, 20.829062233003626, -18.757217486890696, -18.47345110066629, -25.571858665700432, -19.516203679753453, -18.141354112196083}
