TETRIS-H20-W10. Noise: (50.0, -0.1)
Generation 1: 5.0 --- {-1.513969299506931, 11.835977692365878, -4.808681991225091, -6.689204959896089, 10.85935583821997, -9.396552694897329, -5.711765308943453, 5.689251784345043, -12.390571958281862, 2.3369766569570585, -14.635034840048952, -6.015000996282134, 0.5087779815755767, -7.825287010557518, -0.9485171412801023}
Generation 2: 13.0 --- {-10.757510086217833, 2.97521038061804, -23.37860099709735, 3.235928941779574, -3.0520465494863043, -3.553027954674389, -5.418266348240571, 4.919493268919054, 0.7529521380000563, 18.920215431624566, -22.462229488914087, -9.455829624212072, -2.7303355691355304, -11.055596469697822, 1.9957963084272077}
Generation 3: 22.0 --- {-21.567665609079967, -2.9967962413200677, -2.1093287303876496, -3.2779777918309225, 8.403936265505681, -7.565327758035927, 10.21675869541425, -19.83127852196321, -1.1512076112559393, -0.2988624664125723, -19.448700264379386, -12.165532011333235, -4.528003984778215, -27.845708828778736, -2.4962483522148826}
Generation 4: 76.0 --- {-21.567665609079967, -2.9967962413200677, -2.1093287303876496, -3.2779777918309225, 8.403936265505681, -7.565327758035927, 10.21675869541425, -19.83127852196321, -1.1512076112559393, -0.2988624664125723, -19.448700264379386, -12.165532011333235, -4.528003984778215, -27.845708828778736, -2.4962483522148826}
Generation 5: 125.0 --- {2.6685090530633087, -1.0383892384022348, -13.65429743448458, -3.628684106913353, -2.105143662848131, -5.1911365516314, -13.875826945210763, 2.5697951803764028, -2.7224064065738878, 7.109980034003721, -19.687478982448123, -23.787573587986735, -16.823799700446656, -29.956723511472685, -9.612034492166098}
Generation 6: 206.0 --- {2.6685090530633087, -1.0383892384022348, -13.65429743448458, -3.628684106913353, -2.105143662848131, -5.1911365516314, -13.875826945210763, 2.5697951803764028, -2.7224064065738878, 7.109980034003721, -19.687478982448123, -23.787573587986735, -16.823799700446656, -29.956723511472685, -9.612034492166098}
Generation 7: 390.0 --- {-16.048527148031326, -27.20603600509969, -20.73576404424493, -22.72414110963496, -0.6768174297868761, 16.231955955061235, 2.82706199305772, 0.5735317735310099, -2.4787625203255716, 27.427809935430318, -42.687672123940786, -10.280000591075282, 0.33349763100935625, -29.64985026235118, -8.712109770866352}
Generation 8: 275.0 --- {-19.270855555548764, -14.610850874065989, -33.2338388651734, -25.344842564850488, -27.08972102448245, 17.76982524048674, 5.0054531556666095, -2.549828932795164, -7.246204345339336, 28.003624279585935, -49.224158522014704, -26.08865077882988, 2.810086689296341, -45.63426054957257, 2.89305941430848}
Generation 9: 358.0 --- {-19.488608366158143, -12.29851370872223, -20.19549348757105, -16.66337572224619, 2.6807128679540213, -22.313577837994153, -5.327215092112326, 13.256722622961373, 2.813591563589941, 19.137287674294765, -32.02188459984492, -23.75458514356466, -28.15601938186444, -28.039754223176395, -2.891778456828888}
AVG PERF OVER 50 TRIALS: 387.54
Generation 10: 376.0 --- {-15.800281109426827, -0.7449968456590916, -17.93957322958518, -10.97548641245929, -5.650487845283346, 0.05834156094233034, -4.204247859852089, 5.173161072585609, -5.036937984612469, 4.251633737085429, -44.42856320713767, -13.276023434977043, -21.28059702393439, -25.49623076213068, -3.8907916620958405}
