TETRIS-H20-W10. Noise: (50.0, -0.1)
Generation 1: 3.0 --- {-13.132379070573062, 14.011543837577886, -17.279891622796587, -1.9415741477588653, -3.0607884381421657, 0.40459612568472003, 7.063153997121531, -1.3860467377937775, 11.403396926567357, -2.640632731527587, -2.023933872085488, 15.251363662631942, 18.97251295194769, -6.71380068936039, -13.328242484246083}
Generation 2: 7.0 --- {-14.333375087827275, 6.567256725909357, -12.003249931982998, -8.028522558100684, 4.858499890041261, -3.7868387213972046, -5.613447879454765, 4.772208639706123, -4.378555319471869, 2.0643014986042743, -0.33367173738079103, -8.907485358546086, -20.775449091317736, -7.442913986249135, 4.922497327946207}
Generation 3: 5.0 --- {-10.67956346175365, 0.9666785390157608, -0.11382412803572939, 19.027417182058407, -20.702476443451378, 1.3634743116618981, 1.671438952804373, -19.06420540972826, 15.914646314833046, 4.27930085185333, -15.353598447393308, 6.976206275053074, 10.003597634221551, -12.07743537427508, 0.6794544139385815}
Generation 4: 11.0 --- {-5.367907224059879, 7.315980068963579, 2.2267140320623717, 6.303768242433097, -16.357149350669353, -3.878946551870835, 8.40924086250364, 6.698436931506013, 8.611694738885394, -1.4014677481927604, -22.426884635828586, -3.6381433176228177, 9.997885028977057, -8.574867055145923, -2.9176879819591433}
Generation 5: 26.0 --- {-4.647925688120241, -4.304108721649992, -15.699829420841365, 23.555209445778843, -10.33916403148235, -7.7407794856506875, 12.037895822529064, 1.5006321494644157, 1.4727680859642813, 2.4972763050794415, -6.495269175644565, -7.305196381638375, -9.148684085436255, -21.368505477942854, -8.269453282966486}
Generation 6: 29.0 --- {-10.265966822780344, -11.889975957546632, -8.149071828723361, 27.593086121718162, -25.82589213935635, -14.968128219446474, 8.860403201452717, 7.703605986377641, -1.9277369448611665, 1.5000069079344227, -17.87683938502396, 0.8186187541496821, -7.471907270202077, -21.992103357153937, -9.357429646679057}
Generation 7: 59.0 --- {-23.253068551900782, 10.924776661099672, -5.660917148537354, 4.960164064594096, -3.7952635188661805, -9.5114338870976, -1.1761955598526406, -3.127203415409222, -7.191767062316041, 1.958520714941449, -23.34563719432416, 0.9323195042172774, -13.556204623844717, -16.953674269622738, 0.05399798141519874}
Generation 8: 92.0 --- {1.88304959569175, -0.8005715898126988, -30.837777067265208, 19.807477414442726, -28.40025802090523, -6.002081014867926, -7.202319800560145, 1.1588590761351028, -6.375980609983362, 7.7744661139142, -17.687958394573425, 15.169532541385623, -3.483336320476531, -22.413072314353446, -0.40319990631612335}
Generation 9: 127.0 --- {-21.999374488837432, 7.529002424074099, -12.6034565874915, 14.13864448832102, -15.538268990974677, 1.0354386734057481, 2.242973870168555, -6.046985871868501, 12.840672942713809, 15.855018535730139, -18.603943477941748, -25.964800999744558, -0.9974510366954603, -31.69389123985144, -6.959784773371171}
AVG PERF OVER 50 TRIALS: 97.92
Generation 10: 116.0 --- {-20.177637648714423, 6.2888705307062125, -2.9415752379112643, 0.09286624680015976, -22.91232223608972, -10.700891562970241, -10.860146217440796, 7.131317405432743, 3.1118210442662666, 20.025115982522497, -51.13772845469772, -10.361233410785166, -3.9012134194833177, -24.198358262485044, -16.76065086601766}
Generation 11: 140.0 --- {-7.630179198502082, -3.9283865021749937, -13.617665979222195, 19.837354210389382, -31.685197368136357, -7.728401838537176, -18.149689488255966, 1.822402151292772, -12.204836174579203, 12.616923713996432, -26.73508564869121, -11.038507640835984, -9.033048665315164, -16.22236207001086, -12.423247394300455}
Generation 12: 147.0 --- {-26.3537784134846, 6.736480858524672, -12.734802764517568, 7.491611239201279, 1.433628839759976, -21.54180745603155, -20.503204184965547, -13.06960084863009, 0.33006282794602815, 4.197604676572724, -37.044764703437004, -9.811481876010085, -13.700013389683395, -20.032050502829673, -10.934037088183116}
Generation 13: 119.0 --- {-11.370297824792187, 11.889626919705323, -8.9001727437692, 24.47119578701117, -36.627656648187426, -7.401780629540952, -1.6851918113170914, -17.204088302812934, -10.156339031636772, 17.947191041669047, -56.040071302105126, -8.71337256753289, -7.383126374531595, -44.55651838326074, -5.9702059379489345}
Generation 14: 146.0 --- {0.6623564651931098, 5.244044397013317, -26.802088237697475, 10.08134462790918, -13.15973531437516, -18.21779542549157, -0.8629753898397876, -4.455433089848014, -14.679893672211389, 7.2848085854238915, -42.59961903092204, -13.688131788524682, -13.500155588949234, -31.64955764724849, -15.11410379055778}
Generation 15: 123.0 --- {-11.676873102613785, 5.754664017052347, -16.396277353811463, 21.372814829973702, -25.693841441474472, 4.976095525614868, -8.997430495839836, -4.5692275653036285, -13.433007675676476, 12.116718981684782, -38.93491782660052, -15.556153022056325, -14.160316611179853, -40.38231264463329, -2.6061588876335406}
Generation 16: 255.0 --- {-22.198290004140638, -6.09807335925598, -10.818351324830708, 19.11952158454989, -20.893844965955452, 2.4248723463894937, -18.625865423348962, -9.95287778251828, -3.807918918087653, 4.133850949164051, -39.820376847330564, -7.704585557817923, -12.059753850024078, -19.74415658865644, -6.719964252741086}
Generation 17: 1200.0 --- {-5.492445441488761, 7.882951257181299, -28.247462763626324, 8.065374454414163, -29.20962147978156, -18.776653881401245, -9.439080368623408, -0.840504228266779, -5.575502945344537, 13.544985346212854, -45.4050204456584, -0.6797696297998099, -32.81524277947071, -32.27690861364264, -17.97184297076795}
Generation 18: 9285.0 --- {3.3646359109447985, -1.6211580346358616, -24.69474992331523, -0.7154012632064912, -7.631889211272947, -4.259474614272524, -10.0383218680511, -11.433929946878687, -6.481480715634408, 6.326662288353856, -49.77883644962663, -1.4895891581455958, -28.695581487814486, -26.655714661331885, -25.94594635513103}
Generation 19: 1140.0 --- {-0.4048519508999453, 14.845694244820756, -24.114534186551502, 9.494690508991475, -16.784198555079566, -20.084411974709866, -11.351563614846533, 4.3898024479958195, -26.788144828406377, 3.9741679866947663, -62.62665950052374, -22.857249875627172, -28.12566763958454, -30.090986304574194, -16.55705884901618}
AVG PERF OVER 50 TRIALS: 247.98
Generation 20: 577.0 --- {-13.10394631083376, 9.224069924233008, -36.53856670820677, -5.32681933140922, -19.784904912997924, -18.863676726751137, -0.769645067677172, -11.285202770029201, -27.436483377672012, 5.440116208974974, -62.60857441761795, -11.259253696708996, -33.20041842104623, -30.728009495455883, -26.82503609114742}
Generation 21: 1590.0 --- {3.3646359109447985, -1.6211580346358616, -24.69474992331523, -0.7154012632064912, -7.631889211272947, -4.259474614272524, -10.0383218680511, -11.433929946878687, -6.481480715634408, 6.326662288353856, -49.77883644962663, -1.4895891581455958, -28.695581487814486, -26.655714661331885, -25.94594635513103}
Generation 22: 65439.0 --- {7.492298743963486, -2.3720451004398146, -14.668361051764899, -7.5890709924766595, -0.5780392166152275, -16.03263442923707, -1.568684451550781, -11.991170343383999, -13.134197040744134, 2.864311349564361, -71.23019534762352, -22.83091744441745, -42.02373270731307, -28.949927544566766, -22.672550522570372}
Generation 23: 13398.0 --- {14.832309262390769, -5.47875439882087, -26.348161750214317, -1.221579357787906, -11.155564473521837, -22.478329679640925, 3.3618488669279705, -4.626178224640459, -0.28290118369716843, 3.077124452713032, -64.36105874487323, -8.20984903913103, -65.118902211595, -31.66964585651144, -14.004365626780602}
Generation 24: 26780.0 --- {7.492298743963486, -2.3720451004398146, -14.668361051764899, -7.5890709924766595, -0.5780392166152275, -16.03263442923707, -1.568684451550781, -11.991170343383999, -13.134197040744134, 2.864311349564361, -71.23019534762352, -22.83091744441745, -42.02373270731307, -28.949927544566766, -22.672550522570372}
Generation 25: 8924.0 --- {7.492298743963486, -2.3720451004398146, -14.668361051764899, -7.5890709924766595, -0.5780392166152275, -16.03263442923707, -1.568684451550781, -11.991170343383999, -13.134197040744134, 2.864311349564361, -71.23019534762352, -22.83091744441745, -42.02373270731307, -28.949927544566766, -22.672550522570372}
Generation 26: 4071.0 --- {8.75293372354235, 6.334306534728239, -25.68648829537486, -17.33434338619948, -11.83191849137187, -27.561286271576947, -5.487465292453884, -2.4538473318327885, -0.14467658272598083, 3.9895972704678786, -67.14516994613908, -12.831909654220492, -71.96092612214215, -41.01747380817845, -30.155262085164573}
Generation 27: 3539.0 --- {7.492298743963486, -2.3720451004398146, -14.668361051764899, -7.5890709924766595, -0.5780392166152275, -16.03263442923707, -1.568684451550781, -11.991170343383999, -13.134197040744134, 2.864311349564361, -71.23019534762352, -22.83091744441745, -42.02373270731307, -28.949927544566766, -22.672550522570372}
Generation 28: 9763.0 --- {8.75293372354235, 6.334306534728239, -25.68648829537486, -17.33434338619948, -11.83191849137187, -27.561286271576947, -5.487465292453884, -2.4538473318327885, -0.14467658272598083, 3.9895972704678786, -67.14516994613908, -12.831909654220492, -71.96092612214215, -41.01747380817845, -30.155262085164573}
Generation 29: 11453.0 --- {7.492298743963486, -2.3720451004398146, -14.668361051764899, -7.5890709924766595, -0.5780392166152275, -16.03263442923707, -1.568684451550781, -11.991170343383999, -13.134197040744134, 2.864311349564361, -71.23019534762352, -22.83091744441745, -42.02373270731307, -28.949927544566766, -22.672550522570372}
AVG PERF OVER 50 TRIALS: 10285.26
Generation 30: 14554.0 --- {6.8212415669605555, -5.012836419752276, -14.25937113466587, -4.911625340486033, 0.5122134608675069, -28.632000495593626, -1.5530979094697415, -4.1496198526206145, -3.5880519914012217, -7.230740552655247, -69.6018285163148, -7.392491252180662, -77.32277329372764, -36.07454356716762, -23.413034161952574}
Generation 31: 16332.0 --- {15.059137653426594, -9.6570602391569, -30.26133027002216, -22.89003678826527, -1.9476059623603605, -8.551446059171536, -16.875532960997646, 0.7660797153575285, -7.751908146543327, 1.5703177939970923, -59.64175218623106, -15.7740673135916, -61.006431758138845, -33.505818346134575, -11.405174010676177}
Generation 32: 49883.0 --- {16.406775368061208, -0.5526607954412599, -27.639048700286303, 3.802088508071768, -12.99163562412055, -26.568845728175017, -20.305089082687612, -7.952638368309928, -25.563725817014657, -16.86013532996523, -85.30157847123974, 0.6377552992307365, -63.83617901247922, -30.357394427787874, -25.01894145537734}
Generation 33: 44708.0 --- {6.8212415669605555, -5.012836419752276, -14.25937113466587, -4.911625340486033, 0.5122134608675069, -28.632000495593626, -1.5530979094697415, -4.1496198526206145, -3.5880519914012217, -7.230740552655247, -69.6018285163148, -7.392491252180662, -77.32277329372764, -36.07454356716762, -23.413034161952574}
Generation 34: 24631.0 --- {-4.574568177099699, 4.293426223732115, -0.5149291575816974, 0.04568547476530993, -7.422959283774635, -39.68546094603528, -7.043263503091951, -17.420600047197553, -6.311094139618611, -10.01195875267976, -85.24549437066148, -8.08547212910419, -87.79475349772935, -35.24649187996795, -27.823564775496735}
Generation 35: 23325.0 --- {27.476336515548002, -4.449935375907348, -7.411429493505061, -2.465962357706318, -16.022898225995334, -16.284509270590025, -8.370537300402981, -1.8536743037863799, -4.251405782903476, -20.899620838020258, -77.12747413707591, -22.76758889158045, -77.13578253668098, -38.702539573944485, -19.646230694650455}
Generation 36: 49094.0 --- {12.032719658425398, 2.119505872049339, -9.6740938551995, -9.173359097062862, -9.270681390587045, -30.06864297821919, 3.180600700438492, -14.427230608351628, -9.269384193146182, -4.505057452181049, -92.65993197143548, -23.282178935021008, -71.21467332708818, -32.8687041265264, -22.28518570470138}
Generation 37: 38830.0 --- {40.66614603173203, -5.391731896878978, -16.586335955071366, -4.271544929232084, -0.9320630748730281, -1.8965468304014017, -14.326543203045615, -8.13194909632019, -6.439324002952214, -5.037005253654423, -67.29112096381157, -44.786343079986864, -50.96808033394001, -36.64348034545423, -2.4579977019847625}
Generation 38: 37340.0 --- {26.911676246927595, -14.040751526265057, -9.796909016993464, 0.40449552347192386, -10.674632707426957, -10.312023166500662, -3.5513855619758212, 2.7511816484392355, 2.8757376364585623, -21.108918831457842, -80.8351046503389, -25.063099765905548, -58.794456438024156, -39.42641768631329, -16.173447131495426}
Generation 39: 26004.0 --- {31.1498257670721, -6.596362962827696, -25.168194115703656, -9.952053980683905, -8.427455313770485, -18.767242870986923, -7.006974502993614, 1.112556328455785, 2.3790434318813474, 2.246187974664796, -80.1089477153015, -40.248173220184114, -64.15588072582783, -39.46216093343544, -1.93203207836277}
AVG PERF OVER 50 TRIALS: 5563.18
Generation 40: 17411.0 --- {27.571555045313204, -0.3667382408423725, -23.987111363043415, -9.768670303087283, 1.578427700856162, -30.50062735208811, 3.1372350259887565, 1.4688285915555266, -6.412801600143363, 1.5970255000282254, -72.37380696525393, -27.528521812290787, -67.96882728700007, -41.023781965825066, -22.660479695100445}
