TETRIS-H20-W10. Noise: (50.0, -0.1)
Generation 1: 5.0 --- {-8.686999086073563, 12.66967409659966, -9.445428301636646, -20.279764838375446, -7.7596795156404745, -1.3465328129663179, -5.1056597832537545, 0.9936688672816356, -23.78233123192393, -4.376017846872776, -13.086020010070577, 6.533972188785345, 8.752126401328322, -5.066572494267651, -22.880279731260288}
Generation 2: 30.0 --- {6.964550515151561, -0.5929099229035575, -17.262095008912354, -16.414082365752645, -2.5823523739359198, 13.295492819186872, -3.6435825673430755, -16.10277000593573, -5.469507497864557, -1.1958264396352207, -16.024902278306246, 3.4310854097169425, 0.8615076893226621, -11.029747713120933, -12.474136343291894}
Generation 3: 27.0 --- {6.964550515151561, -0.5929099229035575, -17.262095008912354, -16.414082365752645, -2.5823523739359198, 13.295492819186872, -3.6435825673430755, -16.10277000593573, -5.469507497864557, -1.1958264396352207, -16.024902278306246, 3.4310854097169425, 0.8615076893226621, -11.029747713120933, -12.474136343291894}
Generation 4: 127.0 --- {1.2776123911095931, -6.656449611742338, -11.741162262909661, -12.26753629369825, -13.301206358855108, 13.738482070649322, -9.79608020073241, -7.865662075983746, -7.851001287185152, -6.152003633856588, -5.1835012965250895, 2.36243089061061, -4.112812873195719, -18.94240994559416, -21.878456608229843}
Generation 5: 346.0 --- {-4.78023467753405, -2.5470296073961363, 3.322502720168805, -4.808754905151453, -8.760978733578145, -5.397156282329597, -2.833673220660967, -6.908138444124511, -0.7951608798244356, -10.251871532384277, -21.225801380088576, -3.85537531137763, -8.578431145185661, -8.978642753810528, -6.943734239450071}
Generation 6: 451.0 --- {-4.78023467753405, -2.5470296073961363, 3.322502720168805, -4.808754905151453, -8.760978733578145, -5.397156282329597, -2.833673220660967, -6.908138444124511, -0.7951608798244356, -10.251871532384277, -21.225801380088576, -3.85537531137763, -8.578431145185661, -8.978642753810528, -6.943734239450071}
Generation 7: 490.0 --- {-4.78023467753405, -2.5470296073961363, 3.322502720168805, -4.808754905151453, -8.760978733578145, -5.397156282329597, -2.833673220660967, -6.908138444124511, -0.7951608798244356, -10.251871532384277, -21.225801380088576, -3.85537531137763, -8.578431145185661, -8.978642753810528, -6.943734239450071}
Generation 8: 303.0 --- {4.146856308353296, -8.442931897770187, -9.483624216823728, -14.315138123127628, 6.524173636467734, 11.87204149980364, 4.73524904549837, -8.405695803933796, -17.278949180379115, -11.032055607461135, -25.68571858051963, -18.486488724330734, -15.310218154814804, -20.4992166361765, -9.120354326276097}
Generation 9: 484.0 --- {4.146856308353296, -8.442931897770187, -9.483624216823728, -14.315138123127628, 6.524173636467734, 11.87204149980364, 4.73524904549837, -8.405695803933796, -17.278949180379115, -11.032055607461135, -25.68571858051963, -18.486488724330734, -15.310218154814804, -20.4992166361765, -9.120354326276097}
AVG PERF OVER 50 TRIALS: 427.52
Generation 10: 253.0 --- {4.146856308353296, -8.442931897770187, -9.483624216823728, -14.315138123127628, 6.524173636467734, 11.87204149980364, 4.73524904549837, -8.405695803933796, -17.278949180379115, -11.032055607461135, -25.68571858051963, -18.486488724330734, -15.310218154814804, -20.4992166361765, -9.120354326276097}
