TETRIS-H20-W10. Noise: (50.0, -0.1)
Generation 1: 9.0 --- {1.9467110263354117, 2.3798141623847693, -6.774448922508572, -11.88795317916416, -14.125952844595666, -14.479397008828753, -16.558756335387155, -3.84670248551562, -2.0573938055952623, 1.419401754325197, -12.396684792015476, 20.98652474475103, 3.1614949221074067, -10.57843882824871, 0.02981929438802406}
Generation 2: 32.0 --- {-15.221805578564082, 7.316702165672623, -1.686245402124849, -21.124206077885418, -13.029452993080215, -26.87571735140196, 1.2164148912888586, -2.8098289426416123, 0.6707625291923899, -2.4038724004703944, -8.70066080275145, 11.930171986649304, -1.16063194804403, -16.87908509434953, 1.9431698615722353}
Generation 3: 20.0 --- {-9.748856616376143, 20.99283402578123, 1.0057753761332036, -17.771178285883156, -20.916973852922375, -29.9130403930292, 1.1030547968267164, -46.41290052468455, -11.99600172562939, 4.160683553749518, -33.7754901157437, 35.209692679494175, -15.692308719795491, -15.750419009266352, -5.706675099972127}
Generation 4: 98.0 --- {-27.648197809550197, 17.929698696543017, -17.85345346545736, -11.664811116534425, -5.476807056166856, -15.69929207303074, 2.377989921904119, 2.104552314255005, 4.130434389501087, -7.625207638963666, -15.237829613722038, 13.361833394586347, -12.743461455995043, -16.453136349493867, -8.387602626201879}
Generation 5: 222.0 --- {-11.959904401914164, -2.363639635465688, -14.907962389278412, 1.1973662268895797, -8.283348867030096, -6.541192564502534, 9.260047197847303, -16.44689102757362, -0.8584129646212002, -13.274225540886661, -28.50466256779813, -9.959818031021186, -18.74789002066026, -26.82889140981583, -12.112242113393467}
Generation 6: 179.0 --- {-11.959904401914164, -2.363639635465688, -14.907962389278412, 1.1973662268895797, -8.283348867030096, -6.541192564502534, 9.260047197847303, -16.44689102757362, -0.8584129646212002, -13.274225540886661, -28.50466256779813, -9.959818031021186, -18.74789002066026, -26.82889140981583, -12.112242113393467}
Generation 7: 150.0 --- {-12.382863638635289, 3.1468666573386463, -12.641571118459431, -7.013717987062651, -12.030461372125561, -22.105875095149095, 17.999328482063085, 2.8401066902346113, 8.322018181270051, 5.738295261543284, -35.707047061331494, 6.403243324060853, -20.588119698280593, -19.77620442665059, -29.181212197186916}
Generation 8: 195.0 --- {15.049484228629469, -10.922893954378523, -5.713931922835879, -21.279352122812256, -11.40555827535751, -0.4919910941279717, -7.947346430060122, -27.898344606088763, -6.114298425789878, -5.600450794527889, -8.72840237926669, -7.371529331352075, -15.33786859719567, -23.95062202573626, 7.186513588179823}
Generation 9: 190.0 --- {-25.77260081113885, 0.6972175232316493, -20.489569369024927, 9.242023662690164, -14.02510841798303, -6.68309724555764, 16.82682572492281, -2.2768922640710887, 20.404711009699646, 12.191470749491616, -18.141093157743924, -4.863177136554785, -12.986575602566587, -30.585683378548016, -10.781409525025744}
AVG PERF OVER 50 TRIALS: 189.78
Generation 10: 157.0 --- {-8.394636738828561, -5.9840678388985955, -24.93870222348918, -3.424868881493527, 2.5047163972671953, -20.11771093271058, -5.7953716228768535, -17.98377542944842, -2.021158064125249, -12.498626239188813, -38.86540047525845, -8.37301194466071, -18.354772236351412, -23.996652043183676, -10.83765912999498}
Generation 11: 225.0 --- {2.1919100770714106, 5.104600945364589, -8.695843375110005, -11.94933809856815, -3.2255012623017594, -16.198150172417677, -4.0468841606438515, -29.570117718598247, -4.714126449624539, -11.56156269203613, -23.083352711462474, -14.72838252060026, -19.693237089214133, -12.958234236615114, -19.12828242725485}
Generation 12: 494.0 --- {-12.798965081862352, 0.24670834871173497, -10.921663902845406, 1.4253262659440669, -12.6410632723904, -19.960832917622383, -13.113141960391843, -36.22128027426239, -2.5610502208770027, -13.808856905206445, -41.1499465638543, 2.479437995564263, -22.229557215989264, -12.344326947139265, -26.58147284337091}
Generation 13: 399.0 --- {-9.291980146952994, 3.451298724621627, -15.97634594521099, 3.2274958775274705, 2.5814733548880215, -12.286971415670566, -16.632222657065636, -31.82636909766994, -3.342344551488592, -20.514125172638675, -50.519122972437344, -36.98841864422864, -25.68603520784395, -11.018538388357536, -0.44572128844548153}
Generation 14: 423.0 --- {-12.629994837230063, -7.519482025391775, -21.166153849958267, -17.62832986980121, -11.611919444577019, -8.647412694913081, -5.980518329517281, -12.821569733306942, -17.564887622980457, -16.570484820162022, -50.337879585375816, -17.19365704095575, -12.064330940395878, -28.157368061484206, -17.7567558645678}
Generation 15: 395.0 --- {-6.021739374688652, 4.208646205967704, -18.30315324791987, 4.13846591996867, -3.6268119279460445, -8.617702341402953, -3.6464418540150865, -15.858074708725834, 2.780117764143342, -14.583503294323, -38.4564631132908, -18.025125839086314, -23.051876161782403, -20.558089406221292, -19.043678934781518}
Generation 16: 1163.0 --- {1.9984674989640965, -12.071122199694752, -19.106875851746143, -11.635779343130993, -15.091256106140644, -11.654023143464538, -2.7116627271814995, -15.76167366912751, -1.5078585903011286, -25.036121297338358, -51.03341334124304, -18.351845548624194, -17.621917663727125, -14.928884984830754, -4.042981852209127}
Generation 17: 1469.0 --- {6.576772215814355, -12.198202611349386, -15.478195968195518, -12.493294810508813, 0.6361396593171733, -25.961259408296982, -11.437492691075088, -14.223423195613929, -7.584949676718972, -6.090677766740759, -44.08258602318027, -13.841100988469869, -28.805287464079434, -24.91154777609568, -13.168171529749777}
Generation 18: 1908.0 --- {1.9984674989640965, -12.071122199694752, -19.106875851746143, -11.635779343130993, -15.091256106140644, -11.654023143464538, -2.7116627271814995, -15.76167366912751, -1.5078585903011286, -25.036121297338358, -51.03341334124304, -18.351845548624194, -17.621917663727125, -14.928884984830754, -4.042981852209127}
Generation 19: 1341.0 --- {1.9984674989640965, -12.071122199694752, -19.106875851746143, -11.635779343130993, -15.091256106140644, -11.654023143464538, -2.7116627271814995, -15.76167366912751, -1.5078585903011286, -25.036121297338358, -51.03341334124304, -18.351845548624194, -17.621917663727125, -14.928884984830754, -4.042981852209127}
AVG PERF OVER 50 TRIALS: 2272.34
Generation 20: 2886.0 --- {3.4960344132011625, -0.3874663677488739, -0.61648048198278, -14.944044090706353, -18.62447350273728, -15.146081281111476, -9.801695291000408, -17.28832165321183, -4.881364572008792, 8.653754439495076, -53.893519123744156, -18.86915051891126, -38.84155177589412, -12.913867179850122, -13.589506375754347}
Generation 21: 3476.0 --- {9.568927943882766, -18.345420961086447, -16.905205340070065, -4.860450246373913, -20.97398837191801, 8.124214035342725, -8.952712604124445, 2.9023513915730774, -17.368153058140834, -39.449865261763435, -73.7194667233785, -7.799112272070159, -12.219412803538132, -33.94311108176318, 0.9395085867063351}
Generation 22: 3849.0 --- {0.48963614063038374, -8.759665031812506, -23.000242985513, -12.319045223664656, -19.976388735940397, -32.71588723687787, -14.570441098337053, -9.659857588272626, -3.832646703149524, -13.757816588626177, -69.03686368303856, -13.935733181379359, -35.18191951729937, -21.170016588520603, -3.295120177374308}
Generation 23: 7701.0 --- {12.724872460484038, -20.470693407639075, -20.689882712608682, -2.4271820723503126, -13.950062464186871, -1.4681546869326123, -3.407810503995089, -4.604360785235383, -14.397971947107054, -32.91432982738587, -73.42617331083503, -7.214455784072733, -9.044066720381341, -27.1245969596685, -1.2602283862567933}
Generation 24: 12100.0 --- {3.0210279099415964, -12.699773746968841, -11.613223400609808, -1.525574354963208, -19.854908066886395, -24.29802924181036, -2.9996077516564394, -3.5290340802906974, -17.643963059964186, -15.902708077719023, -63.881027622450205, -33.10601033460533, -49.870872756043134, -29.081649387524287, -5.11411926133081}
Generation 25: 4671.0 --- {-5.552614501430439, -11.738443474245623, -31.267259916905576, -5.588614162273016, -31.169004399394495, 15.694744095370506, -8.19130429728323, 10.53305573753278, -19.263326408914267, -0.787027251729354, -86.74253625961012, -26.83031012462749, -35.67892986463283, -37.93517515764008, -20.867900866125524}
Generation 26: 6253.0 --- {20.410814316923297, -23.461683645678463, -27.986405999160375, -6.371434185154665, 6.186652672880388, 5.694087726123338, 1.558652570028499, -6.904054589636778, -6.954287281721502, -3.1480554645240897, -63.0683762548386, -0.5620772541465495, -29.103689844192992, -44.55746279538003, -5.71346759533806}
Generation 27: 11144.0 --- {0.28677004718082166, 3.553626530462216, -15.062142487869963, -3.8370758419265556, -13.392667509144434, -24.87161584787354, -6.029976999389053, -13.530858632925977, -9.201925339206568, -10.19988299079801, -84.7178610410338, -23.852671796673434, -42.246505200428516, -32.785806378170165, 1.6329365646329492}
Generation 28: 20892.0 --- {0.28677004718082166, 3.553626530462216, -15.062142487869963, -3.8370758419265556, -13.392667509144434, -24.87161584787354, -6.029976999389053, -13.530858632925977, -9.201925339206568, -10.19988299079801, -84.7178610410338, -23.852671796673434, -42.246505200428516, -32.785806378170165, 1.6329365646329492}
Generation 29: 26719.0 --- {22.55060226164238, -12.28197998792081, -32.471140305441885, -3.396337356685464, 4.152348615838225, -1.0075563419675255, 3.7851744597933745, -5.854533981736827, -0.6838332750805298, 10.329130777236179, -78.84192372664945, -25.21563463608606, -29.492853286766973, -37.15637208251154, -15.565609533541053}
AVG PERF OVER 50 TRIALS: 28265.72
Generation 30: 62551.0 --- {10.970048971808762, -4.576963910179411, -3.865368681359893, -10.105612531240252, -15.748816381601909, -20.046991291112995, -2.9985497817989035, -15.188384201762025, -8.993288375512114, -9.997415160114105, -110.6868986411449, -2.6036594007106544, -45.51101063835593, -36.50387161224067, -23.872932621779142}
Generation 31: 12456.0 --- {11.560991735437584, -13.357264264271677, -24.266099825812887, -10.373464083068928, -19.31953141378559, -13.035009205097978, -19.98512792483553, -8.393579107280745, -1.9968973421834004, 13.189269610232106, -108.78962963283044, -35.78484299140321, -39.589071246823224, -29.190710874879123, -24.662029936412438}
