TETRIS-H20-W10. Noise: (50.0, -0.1)
Generation 1: 1.0 --- {7.7119970933124335, 14.056109385729211, -4.041395785448472, 1.4831951705384874, 2.6409750852096154, -17.67466082079042, 0.9407677921202701, -11.518333961443298, 4.730312369217325, -3.1659532726634296, 8.638495419449187, 11.643789965571942, -12.62500119261314, 4.454580808784883, 26.433339029733002}
Generation 2: 7.0 --- {-2.0385394400171277, -17.942121952168648, -0.8487571519263793, -3.064519927060236, 6.202114577525914, 9.673012330616428, 24.14828216411612, 4.686473933739526, 0.1420018221197612, -2.427326961257104, -24.942431235403056, -31.18607758405475, 5.944592037460415, -10.408702790462677, 0.705322003551597}
Generation 3: 10.0 --- {22.690795822078368, 7.621905967427126, -27.947867538231197, 4.461671524387703, -14.722950227077902, 6.164059219865142, 2.2976190265052177, -7.072704902552302, -11.607766476388623, -4.654562062535944, -14.024096631104316, 30.801806712874367, -21.230626383830707, -5.434660300711207, -32.191894754890335}
Generation 4: 23.0 --- {17.662496771896713, -12.468577846869593, -10.630668478845784, 5.099346843600847, -5.211862600040705, 17.550226511298206, 5.82781750294281, 18.84414637339319, -24.68906270036839, -33.39876100504112, -32.41269903312765, 2.62189632726409, 16.89125340822259, -38.23428001486947, -30.881794141529127}
Generation 5: 30.0 --- {0.5539325222191227, -12.352674489354426, -8.866251056621696, 13.313505789964381, -21.56187508981187, 13.184352209273959, -2.164669417403404, 12.64218545317499, -14.09489303614167, -12.896043900629861, -14.725668373628842, 17.223084693908497, 2.5116712986739342, -27.65854727800215, -28.947177494002005}
Generation 6: 50.0 --- {0.5539325222191227, -12.352674489354426, -8.866251056621696, 13.313505789964381, -21.56187508981187, 13.184352209273959, -2.164669417403404, 12.64218545317499, -14.09489303614167, -12.896043900629861, -14.725668373628842, 17.223084693908497, 2.5116712986739342, -27.65854727800215, -28.947177494002005}
Generation 7: 120.0 --- {3.803270068973866, -11.54248965003413, -0.7079078503317664, 10.511787771856474, -21.800755895261133, 0.9602556534493356, -3.5299063203672247, -3.9423124803710166, -23.93060271397654, -14.20161754847313, -23.100546399548186, -6.324399337534516, -11.353766053374446, -16.835869596027486, -13.076943629246834}
Generation 8: 211.0 --- {-7.698850351942255, -11.463010065370987, -6.0836454680717935, 0.24726611499099604, -21.401382225434638, 2.8650488932838485, 13.674258945159004, -1.7217425039620462, -21.448291023983842, 14.817003644323268, -24.723312138359134, -7.7728430292393025, -7.791849040959727, -24.389914110518436, -13.225226218098074}
Generation 9: 102.0 --- {9.480453688952236, -4.568209873530605, -20.060173653103988, 9.996230846086535, -10.928888879699121, 18.16923830172307, 3.9699762189717553, 5.908732008422328, -6.435600193463998, 7.197903838248271, -20.449714957540092, -4.520705453286549, -4.5246926170148125, -27.208745143412663, -21.84401045364538}
AVG PERF OVER 50 TRIALS: 186.32
Generation 10: 272.0 --- {3.803270068973866, -11.54248965003413, -0.7079078503317664, 10.511787771856474, -21.800755895261133, 0.9602556534493356, -3.5299063203672247, -3.9423124803710166, -23.93060271397654, -14.20161754847313, -23.100546399548186, -6.324399337534516, -11.353766053374446, -16.835869596027486, -13.076943629246834}
