TETRIS-H20-W10. Noise: (50.0, -0.1)
Generation 1: 3.0 --- {1.2113801063483567, -3.722791696305077, -2.986169684448904, -4.877370594118428, 6.836088078445331, -11.993510815797814, 8.165303105221911, -12.66910671170104, 5.513196978473117, 1.6946195484800124, -14.022371847000517, -7.30599261554169, -9.234071416996152, 8.876832826892656, -8.038456813480202}
Generation 2: 46.0 --- {-1.717614170192093, -13.042364488779047, -14.057564556271345, 0.654728581439846, 0.5297673798854108, 4.290001881753253, 3.6389258957762722, -12.967083068335544, 0.39004283766196446, 8.060999518890878, -11.30667056614419, -8.452847681083805, -19.932212032531822, -6.766256793274231, -6.852013823334478}
Generation 3: 210.0 --- {-1.717614170192093, -13.042364488779047, -14.057564556271345, 0.654728581439846, 0.5297673798854108, 4.290001881753253, 3.6389258957762722, -12.967083068335544, 0.39004283766196446, 8.060999518890878, -11.30667056614419, -8.452847681083805, -19.932212032531822, -6.766256793274231, -6.852013823334478}
Generation 4: 143.0 --- {-1.717614170192093, -13.042364488779047, -14.057564556271345, 0.654728581439846, 0.5297673798854108, 4.290001881753253, 3.6389258957762722, -12.967083068335544, 0.39004283766196446, 8.060999518890878, -11.30667056614419, -8.452847681083805, -19.932212032531822, -6.766256793274231, -6.852013823334478}
Generation 5: 114.0 --- {-1.717614170192093, -13.042364488779047, -14.057564556271345, 0.654728581439846, 0.5297673798854108, 4.290001881753253, 3.6389258957762722, -12.967083068335544, 0.39004283766196446, 8.060999518890878, -11.30667056614419, -8.452847681083805, -19.932212032531822, -6.766256793274231, -6.852013823334478}
Generation 6: 56.0 --- {-1.717614170192093, -13.042364488779047, -14.057564556271345, 0.654728581439846, 0.5297673798854108, 4.290001881753253, 3.6389258957762722, -12.967083068335544, 0.39004283766196446, 8.060999518890878, -11.30667056614419, -8.452847681083805, -19.932212032531822, -6.766256793274231, -6.852013823334478}
Generation 7: 118.0 --- {-5.264563152660877, -18.09314349348747, -37.68386135573217, 9.184018872778804, -10.420603640682316, 10.034875383361896, 6.614270975324024, -25.417760687727103, -10.343989526183409, 12.288081447491578, -35.20542362001646, -17.555564952852606, -6.453902159211362, -17.180196359823263, -18.673970648643255}
Generation 8: 360.0 --- {-5.947907007920919, -8.245858890704051, -31.0366411801196, 10.060795407042724, -14.750741048084835, 0.6981428149236075, -7.905436080059464, -16.47205641450973, 4.431729811597597, -6.887123458035669, -28.822675643825516, -18.047501880552275, -12.65847188985508, -13.579154711096152, -1.8509871184085096}
Generation 9: 361.0 --- {1.2830932552263201, -24.74876528868722, -35.73146503599463, 8.036611144054767, -6.529789257491537, 9.006670077345884, 7.363630877358713, -22.948253147916596, -7.136021541067071, 10.11494862088329, -26.367744555388327, -1.6325435778593471, -18.80477613240183, -27.314672444206664, -15.951410953299735}
AVG PERF OVER 50 TRIALS: 92.84
Generation 10: 287.0 --- {-16.82557117175393, -16.574733457643703, -22.446976215021344, -8.779106171039594, -8.882812348319304, -10.24421306819847, 8.052487547601043, -5.952066282454137, -10.946690467065407, 9.235759130901133, -14.743055801716018, -9.070027763855478, -11.16940974391075, -11.680916443261614, -5.918410911211582}
