TETRIS-H20-W10. Noise: (50.0, -0.1)
Generation 1: 1.0 --- {4.01413336434762, 3.9190266460860403, -6.876534727890342, -8.2866385588988, -15.40013380895462, 6.9233927850546815, 3.647953078751676, 7.262021095416122, 9.256846170892972, 7.984898510167211, 9.02277424764194, -5.547544401022341, 20.075553681389678, -16.713468598139933, -17.508382355401974}
Generation 2: 6.0 --- {-9.96727824354141, -2.589512889322862, 9.953588584638139, 6.3711835763982325, -12.877287980299744, -5.2093744324582225, 1.3046696421608894, 5.060751844818282, 1.5108240603690373, 3.6367564694699945, -4.733323559412336, -6.352238603420044, -0.17871445471307368, -3.4875639140955172, -7.052342353964754}
Generation 3: 8.0 --- {-6.91417424389239, -2.247419654131598, 5.951037252495638, -10.073945378111937, -34.019664378224974, -22.131983619751637, 7.91587729000771, -18.405899591489543, -12.997051598711574, 2.9355256683500173, -13.68827968608903, -37.67966397500602, 9.2984117547573, -6.728105713851845, 20.201843836494135}
Generation 4: 9.0 --- {-6.91417424389239, -2.247419654131598, 5.951037252495638, -10.073945378111937, -34.019664378224974, -22.131983619751637, 7.91587729000771, -18.405899591489543, -12.997051598711574, 2.9355256683500173, -13.68827968608903, -37.67966397500602, 9.2984117547573, -6.728105713851845, 20.201843836494135}
Generation 5: 9.0 --- {-7.722224929476172, 1.0713485082564977, 7.246431469346039, -7.506610672574102, -30.24410600242188, -26.623885587756668, -1.1278677002501643, -19.59905038775851, 2.608558779577922, 16.558508161264193, 7.329779837152025, -28.55843950618053, 7.437007378233574, -26.452957090301886, -13.549623537761155}
Generation 6: 9.0 --- {-0.3679657975508137, -17.05662963372716, 30.391349875918827, 4.603884674680405, -53.305925956720785, -31.985560621027968, 22.88210751739205, -2.0502160957251423, -8.171043925861014, -7.989122468857613, -16.304342612420506, -40.01609856865968, 8.78089001150417, -25.89385176867148, 0.6654424049315735}
Generation 7: 26.0 --- {-4.928837065816581, -6.900436843417032, 12.808347971679487, 3.5771336126711053, -58.069572145257524, -24.73245332740678, 14.397798663176069, -20.459843493063232, -18.803319661938087, 6.19766676887601, 10.83737256648345, -34.34196972594797, -6.45602604006709, -41.84894845709418, 16.80567147270088}
Generation 8: 19.0 --- {-6.91417424389239, -2.247419654131598, 5.951037252495638, -10.073945378111937, -34.019664378224974, -22.131983619751637, 7.91587729000771, -18.405899591489543, -12.997051598711574, 2.9355256683500173, -13.68827968608903, -37.67966397500602, 9.2984117547573, -6.728105713851845, 20.201843836494135}
Generation 9: 35.0 --- {-2.429765509016206, -4.32485207000378, -3.2128434125073824, -7.317967579768364, -32.194324823590094, -28.42022139565672, 17.109825368666975, -30.10652803639865, -15.982046664485663, -3.3824495516730675, -16.052303668209376, -47.414881994122986, -6.738996703137838, -27.970042936009794, 23.342851758140988}
AVG PERF OVER 50 TRIALS: 36.34
Generation 10: 60.0 --- {-2.429765509016206, -4.32485207000378, -3.2128434125073824, -7.317967579768364, -32.194324823590094, -28.42022139565672, 17.109825368666975, -30.10652803639865, -15.982046664485663, -3.3824495516730675, -16.052303668209376, -47.414881994122986, -6.738996703137838, -27.970042936009794, 23.342851758140988}
