TETRIS-H20-W10. Noise: (50.0, -0.1)
Generation 1: 5.0 --- {-6.433091104775537, 6.588492300870082, 6.641464728758414, 2.746201191556491, -11.209681976509456, -13.948532288209286, 18.329725983464378, 3.7396145714897915, -10.531272358862932, -0.08563579045166732, -10.63587581841405, 18.426908613353934, -19.182301825775095, -18.590645878362903, -0.01999656592809256}
Generation 2: 14.0 --- {-23.29039228923282, -6.78366257149496, -2.2069559339386893, -13.556241806372746, -21.680938621715157, -18.898800821415726, 5.561617447930013, -24.396248810071764, -1.617610369067413, 14.16365492921837, -13.48554713735488, 2.626325551667408, -2.635970777590709, -16.97216146912143, 4.749913030413189}
Generation 3: 110.0 --- {-37.020062854287005, -0.8646548078871071, 21.50124983365699, -11.329970184950252, -16.312179493844337, -12.124637584278684, 11.353844822074544, -4.53566952319052, 1.6959031294286997, 8.574163451144909, -25.203028738436053, -3.3268130711969137, -17.095220885845162, -26.780354762550868, -8.601678580419946}
Generation 4: 106.0 --- {-20.041755468087523, -2.968791846076368, 5.615312833916617, -15.938499323414277, -11.222059068475094, -15.606506410945354, -3.7759192172700224, -2.741051177882799, -9.900736825929577, 11.726651850790596, -22.036662429258115, -17.129923010378867, -17.375416769943847, -18.39710554737266, -19.87639072322774}
Generation 5: 100.0 --- {-37.020062854287005, -0.8646548078871071, 21.50124983365699, -11.329970184950252, -16.312179493844337, -12.124637584278684, 11.353844822074544, -4.53566952319052, 1.6959031294286997, 8.574163451144909, -25.203028738436053, -3.3268130711969137, -17.095220885845162, -26.780354762550868, -8.601678580419946}
Generation 6: 218.0 --- {-20.041755468087523, -2.968791846076368, 5.615312833916617, -15.938499323414277, -11.222059068475094, -15.606506410945354, -3.7759192172700224, -2.741051177882799, -9.900736825929577, 11.726651850790596, -22.036662429258115, -17.129923010378867, -17.375416769943847, -18.39710554737266, -19.87639072322774}
Generation 7: 270.0 --- {-9.853800220714987, -15.410636455553842, 2.6398762368084814, 14.504774630314511, -8.385868493128504, 3.508791420116671, -2.582647849824106, -1.2839043006771291, 3.767155992921649, 12.837093689412605, -23.395157567187216, -19.728637783563855, -22.210935212794592, -21.137428657123525, -13.209066383334806}
Generation 8: 167.0 --- {-0.6820581247180257, 3.7906778870595073, -3.6419313857197793, 2.92472157915617, -5.301776988492016, -19.363611594321277, -2.488012696784376, 0.6256727050041597, 2.771225959708908, 8.07334179532533, -28.402154527644612, -9.593121974312467, -34.208099012423375, -52.767207053727404, 13.11290022088987}
Generation 9: 465.0 --- {-29.058122888747715, 5.7225213516544455, 5.588857902994152, -2.2927264487939496, -10.190271629612791, -41.04082033976514, -9.370255224860951, 7.41473044639169, 6.87332387719896, 14.199641442774276, -23.34254833931537, -0.2035789421190053, -35.54110183079115, -50.65796998294625, 18.413710093978978}
AVG PERF OVER 50 TRIALS: 427.46
Generation 10: 1540.0 --- {-2.3010939708800784, -9.859441177751965, -3.6502500441859373, -10.288433555971952, -12.185409557937774, -11.093479083241881, 2.890440906082847, -11.316521751880154, 5.3130599142561, 7.985887512505853, -12.863982635588627, -15.074970868732095, -46.6891980566223, -42.804909374371825, -6.398687043469101}
Generation 11: 311.0 --- {-17.715083088045137, -3.225679211140961, 20.297201147400976, -12.412353206696572, 5.082822092193444, -13.177658338518123, 2.9590977068766655, 16.68742804826472, 1.4090142629227465, 15.379346863600656, -28.924303546566676, -25.110743431586265, -27.203508284676722, -36.50689276674841, 6.642002194512001}
Generation 12: 393.0 --- {-17.715083088045137, -3.225679211140961, 20.297201147400976, -12.412353206696572, 5.082822092193444, -13.177658338518123, 2.9590977068766655, 16.68742804826472, 1.4090142629227465, 15.379346863600656, -28.924303546566676, -25.110743431586265, -27.203508284676722, -36.50689276674841, 6.642002194512001}
Generation 13: 904.0 --- {0.45386235961086463, -26.10304970853683, 0.7927418950830507, -24.212023669217793, -17.91574252106227, -9.148503765058855, 3.401262569068095, 8.817916954023355, -5.252476362408963, -6.312544253271547, -12.901638562811419, -11.91837820828327, -51.55530136667072, -41.86787530706018, 0.4178622706783939}
Generation 14: 1680.0 --- {4.175424923625524, -5.348991911408105, -18.21503257453833, -30.945670274207128, -10.83592455103145, -14.649509027414872, -1.781365322947913, -15.142988885751386, 14.205890571673239, 9.932126386042734, -25.780368491606076, -32.48265861000034, -41.52792376200182, -32.966438806522156, -4.198512080047012}
Generation 15: 2064.0 --- {-18.64968501839943, -20.093029710157634, -28.562540052124596, -3.7340061989528284, -20.80638784775803, -18.597040632731364, 1.2891987397515425, -12.10647820886549, 1.5888418238190436, -12.720029328388797, -37.976567357646424, -9.809765977294557, -47.08001884977067, -43.741887122955454, 1.3792293243928277}
Generation 16: 1467.0 --- {-5.84259715152467, -31.58581524335446, -9.112670203776824, -14.210979259767422, -6.759122685376187, -22.81023557969133, 12.865228635181406, 0.6366495920332991, -18.802547000471527, -0.6429185039798666, -18.896477980359254, 10.064160965085488, -48.34052541920805, -48.25524923202492, 10.896244044115392}
Generation 17: 1641.0 --- {-1.3529746977905548, -31.468662281340084, -24.672912685839663, -22.723311710399333, 1.781797204796062, -19.67187686691906, 7.8809733694391175, -9.405776681675265, -14.907627067602395, 7.566527276237007, -10.834505713694767, -40.18561061698152, -63.64613829767963, -45.27564452148583, 5.583767967407787}
Generation 18: 4195.0 --- {-6.499302822433298, -15.270012430761607, -33.49597653439683, -11.561879488148858, -13.696369917576646, -8.885081895427955, -7.126181108453045, -5.104853028135724, 12.379430243512587, -13.975547951662591, -33.12360270372197, -17.007302817555082, -50.67246227184781, -29.93914930507178, -20.320972161343835}
Generation 19: 2000.0 --- {4.635682414375851, -13.92932304678104, -5.33003300085284, -11.01818038146077, -16.21659393850917, -16.890812596573213, 11.147689280794971, -1.9562063186918657, -0.16480196414165493, 6.565558348214877, -19.62249621210818, -23.323295600145318, -37.52981077430713, -39.99682467779831, 19.035869787462474}
AVG PERF OVER 50 TRIALS: 1377.24
Generation 20: 2326.0 --- {-2.157494830609815, -22.633286737796215, -13.81840005757305, -22.17346630864718, -17.87061592292089, -14.015055058635198, 0.9703791359306182, 9.534066681402145, 3.1050958028944633, 4.426570333851842, -44.61472425933328, -17.963080612212128, -41.54845493976522, -50.1930688412929, 16.148874082496167}
Generation 21: 3478.0 --- {4.605900100793248, -20.338437988787046, -18.977160113322377, -6.7673101322201905, -8.313110328372048, -12.422470836919484, 3.552419203218494, 5.283484206493047, 11.411785220499638, 4.019341015384237, -42.49220981952632, 1.595250925530486, -38.62298477075124, -49.22196868697614, 0.5228101900104911}
Generation 22: 3065.0 --- {29.69299317612308, -25.644728088096688, -21.613588228393983, -17.931260641322687, -3.153147516375915, -9.486857625620114, 9.208766170879759, -14.049556079726411, 18.085672352748503, 10.634164719236031, -54.11139060009441, -19.786685947732142, -39.573300375523274, -43.01956115163131, -8.467688493558395}
Generation 23: 20436.0 --- {10.809068498816883, -23.74871929323278, -32.06740816407579, -16.73667632713478, -19.032149370644277, -14.731468615897146, 10.343581502220896, -18.738604364765703, 16.33118608139357, -4.561482109728303, -62.51385995484564, -20.416342607090826, -39.18446178801139, -34.44142419888598, 0.7650029002920782}
Generation 24: 6513.0 --- {29.69299317612308, -25.644728088096688, -21.613588228393983, -17.931260641322687, -3.153147516375915, -9.486857625620114, 9.208766170879759, -14.049556079726411, 18.085672352748503, 10.634164719236031, -54.11139060009441, -19.786685947732142, -39.573300375523274, -43.01956115163131, -8.467688493558395}
Generation 25: 3478.0 --- {1.9181434298391835, -34.58957239773385, 2.6430845416665605, -6.143450001895419, -9.815492757148755, -32.44428895733889, 2.8181269720780335, 5.2975443803986195, -1.0255449039946445, 23.169234933109916, -54.10793349871726, -5.2126950419896065, -61.36490801625297, -67.5714462092748, 20.12888357088933}
Generation 26: 6723.0 --- {18.870577618237576, -26.17036699337482, -13.33014919744289, -20.524418376773514, -11.365255358697244, -4.093713058498515, 14.039760826006844, 7.441305715205569, 5.2399857708241475, 9.643522997586103, -47.81461806997184, -17.95512676759764, -52.512213835947975, -50.344921636365996, 9.411736017522975}
Generation 27: 6540.0 --- {18.870577618237576, -26.17036699337482, -13.33014919744289, -20.524418376773514, -11.365255358697244, -4.093713058498515, 14.039760826006844, 7.441305715205569, 5.2399857708241475, 9.643522997586103, -47.81461806997184, -17.95512676759764, -52.512213835947975, -50.344921636365996, 9.411736017522975}
Generation 28: 9643.0 --- {11.574276652193717, -9.461526359041109, -31.462320890956043, -21.171135721192158, -23.820289536212186, 5.52295768839236, 0.2873001429617652, -5.545417375734873, 18.39881985300076, 11.237974770528938, -67.99349587473975, -16.182065558412297, -49.265501565992935, -66.67490035621374, 3.0764472611550513}
Generation 29: 4619.0 --- {8.48725386237183, -29.419660681528683, 2.0475814898770786, -12.433611792612904, -18.660003006389836, -37.69114610026488, 18.396517814731403, 0.9525127056609866, 4.996760754085091, 4.743637086742666, -62.75135766448163, -9.679136930747486, -55.1501698452615, -67.62067654509207, 28.895619037084035}
AVG PERF OVER 50 TRIALS: 6922.94
Generation 30: 20768.0 --- {25.870290683959617, -26.78601560718584, 4.3650174902153775, -26.213358718363608, -7.546405687249781, 11.266822289598366, 4.071299540187965, -6.530240388104968, 1.5056601964405711, 10.859165643600353, -48.704921080945454, -14.31440292504665, -59.161435114986126, -54.14952884714699, -20.852152931773205}
Generation 31: 8247.0 --- {28.679133851742087, -42.008470830253714, 18.507104153068862, -4.790179864593162, -13.790205321091896, 1.9655224619267635, 1.3197353455848013, 16.060120245696236, 19.668342214038613, -11.318120348958695, -58.82625669265136, -2.556379252189945, -100.44228642731935, -68.2906120195167, -21.29558514515521}
Generation 32: 9501.0 --- {25.678911856925744, -33.37218440285199, 6.45848982638387, -15.858494052029263, -10.968198677779585, -14.121966862417896, 20.79218326069453, -14.888755345767981, 6.957212973017176, 1.3801454438290373, -52.00978021812819, -24.88711928887752, -70.10538962947456, -39.1167123656906, -17.430190718624416}
Generation 33: 9403.0 --- {19.10202876419694, -42.56813960961675, 3.706098789161783, -17.833348255787055, -19.131884433618072, 1.0843029866881082, 12.076136877683824, -9.182741217214637, 18.214920464197668, -4.623381185748758, -62.69858198773552, -3.068058551558849, -76.87439371549826, -57.3035167342797, -11.823823445718038}
Generation 34: 15816.0 --- {12.419936604280773, -55.76811398255718, 0.9570565517118599, -7.963407466610222, -24.00816200664761, -11.580029379676693, 19.82262036386459, 3.535918091676173, 21.054482307485294, -0.4963107971854255, -76.85576083996486, -8.684000405297864, -74.98093142111317, -73.37649069142431, -13.603703269065472}
Generation 35: 18323.0 --- {25.678911856925744, -33.37218440285199, 6.45848982638387, -15.858494052029263, -10.968198677779585, -14.121966862417896, 20.79218326069453, -14.888755345767981, 6.957212973017176, 1.3801454438290373, -52.00978021812819, -24.88711928887752, -70.10538962947456, -39.1167123656906, -17.430190718624416}
Generation 36: 20061.0 --- {14.101493118323628, -49.25832479879341, -10.038236315573153, -13.315886044498004, -21.55237857163107, -6.93648096731988, 11.856958831660418, -3.5678810352881776, 17.73937878894995, -3.667762416603393, -70.54379103654368, -4.007337098205861, -75.53671035781171, -54.51561382922192, -24.93279785998456}
Generation 37: 45858.0 --- {14.101493118323628, -49.25832479879341, -10.038236315573153, -13.315886044498004, -21.55237857163107, -6.93648096731988, 11.856958831660418, -3.5678810352881776, 17.73937878894995, -3.667762416603393, -70.54379103654368, -4.007337098205861, -75.53671035781171, -54.51561382922192, -24.93279785998456}
Generation 38: 27461.0 --- {13.196300789197087, -53.654284970029124, -11.641484187127226, -11.73876074205265, -29.530460690160545, -4.588881339719325, 11.32985384050764, 11.359003807470494, 2.980884395863251, -7.466015115207005, -89.07429069991284, -2.4570030364948643, -85.68698084810269, -62.53399213778302, -19.862563985135118}
Generation 39: 22042.0 --- {13.196300789197087, -53.654284970029124, -11.641484187127226, -11.73876074205265, -29.530460690160545, -4.588881339719325, 11.32985384050764, 11.359003807470494, 2.980884395863251, -7.466015115207005, -89.07429069991284, -2.4570030364948643, -85.68698084810269, -62.53399213778302, -19.862563985135118}
AVG PERF OVER 50 TRIALS: 18366.14
Generation 40: 79592.0 --- {13.196300789197087, -53.654284970029124, -11.641484187127226, -11.73876074205265, -29.530460690160545, -4.588881339719325, 11.32985384050764, 11.359003807470494, 2.980884395863251, -7.466015115207005, -89.07429069991284, -2.4570030364948643, -85.68698084810269, -62.53399213778302, -19.862563985135118}
