TETRIS-H20-W10. Noise: (50.0, -0.1)
Generation 1: 37.0 --- {2.7887941617786547, -14.245886613978273, -9.660176830810267, -8.43305060479906, 7.314579415108056, 17.106411298021168, -4.924421668194232, -4.164334156061027, 4.8333648334866055, -5.16238829579001, -20.139220796193552, -10.711066083955952, 0.9746268706096439, -19.177079651480796, -1.8020658458160057}
Generation 2: 99.0 --- {2.7887941617786547, -14.245886613978273, -9.660176830810267, -8.43305060479906, 7.314579415108056, 17.106411298021168, -4.924421668194232, -4.164334156061027, 4.8333648334866055, -5.16238829579001, -20.139220796193552, -10.711066083955952, 0.9746268706096439, -19.177079651480796, -1.8020658458160057}
Generation 3: 67.0 --- {2.7887941617786547, -14.245886613978273, -9.660176830810267, -8.43305060479906, 7.314579415108056, 17.106411298021168, -4.924421668194232, -4.164334156061027, 4.8333648334866055, -5.16238829579001, -20.139220796193552, -10.711066083955952, 0.9746268706096439, -19.177079651480796, -1.8020658458160057}
Generation 4: 36.0 --- {4.63797095284265, 3.7766240555582247, -2.6683504168594694, -5.685901560436221, -8.492967510750272, 6.51287804884087, -2.346480799822153, 3.4421105254557327, 3.229275800411809, 4.811225594611566, -23.00387924995385, -6.418400219075547, 5.175905721961864, -14.533673536393014, -18.157989531377915}
Generation 5: 48.0 --- {2.7887941617786547, -14.245886613978273, -9.660176830810267, -8.43305060479906, 7.314579415108056, 17.106411298021168, -4.924421668194232, -4.164334156061027, 4.8333648334866055, -5.16238829579001, -20.139220796193552, -10.711066083955952, 0.9746268706096439, -19.177079651480796, -1.8020658458160057}
Generation 6: 55.0 --- {-0.252197304855875, 15.916086244662324, -25.694304721755614, -8.238181000010831, -12.582256791613805, 10.97727497968626, -38.05457744870796, -11.992953716863529, -3.3710246708646965, 12.456581859811429, -25.715645038376607, -5.073832804344702, 1.6237090727829537, -23.2568755506074, -14.9207937691355}
Generation 7: 123.0 --- {-2.850269455294601, 1.435813896706911, -26.45488543861908, -3.671392018063867, -19.62527848787112, 9.604175010057217, -8.870463728534848, -4.223662405638674, 2.47615681105316, 20.06931627302906, -32.38136130481689, 2.5788747427168506, -9.140841886034279, -21.50859523041612, -32.58730263176929}
Generation 8: 109.0 --- {4.6471539119622385, 1.8443013732996718, -19.31430853726811, -7.652954286542843, -22.371013009593057, 11.68327838438515, -17.080897190944825, -1.7291944408648308, -15.512110887654224, 13.436777475497674, -23.820812158770426, -8.550106190858, -13.138467420922881, -27.42602467730685, -14.18676532850826}
Generation 9: 178.0 --- {4.6471539119622385, 1.8443013732996718, -19.31430853726811, -7.652954286542843, -22.371013009593057, 11.68327838438515, -17.080897190944825, -1.7291944408648308, -15.512110887654224, 13.436777475497674, -23.820812158770426, -8.550106190858, -13.138467420922881, -27.42602467730685, -14.18676532850826}
AVG PERF OVER 50 TRIALS: 87.3
Generation 10: 249.0 --- {-6.201894362931274, -26.09154523200356, -7.364673409844247, -12.454014575478805, -11.877302986039172, 18.596510580189126, -2.53864190987721, 4.302421294250766, -0.4939423820463107, 2.4622524404492356, -39.32269244593681, 8.975678519345422, -18.691695572962068, -15.996997100586658, -10.330808237866522}
