TETRIS-H20-W10. Noise: (50.0, -0.1)
Generation 1: 2.0 --- {12.309100957300858, 15.967686123246782, 13.62460674524897, -12.69531317637524, -20.625337349224054, 2.787930840780576, -11.884562475641529, 0.93318726984708, -10.29737965867006, -19.94302366237489, -7.3092205159817105, -7.186711424342799, 5.284154617939874, 12.955801919460217, 7.243207192034324}
Generation 2: 2.0 --- {6.743543915115804, -6.995481232534951, -12.82368898826286, 0.4531500953767643, -1.2781944135765764, -24.097289239748502, -7.718275934785616, -4.075380238377738, 14.364567354578952, 12.121145928939352, -9.41580762072084, -5.808593928261687, 31.713486553590627, -5.065566794365671, -9.77004692743023}
Generation 3: 1.0 --- {6.743543915115804, -6.995481232534951, -12.82368898826286, 0.4531500953767643, -1.2781944135765764, -24.097289239748502, -7.718275934785616, -4.075380238377738, 14.364567354578952, 12.121145928939352, -9.41580762072084, -5.808593928261687, 31.713486553590627, -5.065566794365671, -9.77004692743023}
Generation 4: 11.0 --- {5.04036339169406, -5.578082580573296, 4.401126419364835, -8.011735252656557, 4.128240684501285, 1.4491263220808204, 8.21888343559149, -7.388653594972686, 3.356365997435068, -11.258800868771425, -16.849203121789124, -9.662142863755692, -3.338935903912475, -0.2636802707795036, -0.5880979925342469}
Generation 5: 38.0 --- {11.675554296154768, -9.448429917964601, -3.657134030280815, -18.67108842513555, -11.379088363314944, -7.26353090216887, -0.8663863904653257, -16.6989449852473, 5.186934439382486, 2.3494144418066565, -5.532825008214351, -5.399092973823148, -18.989685842055174, -9.656828947958486, 9.89079039870921}
Generation 6: 90.0 --- {11.675554296154768, -9.448429917964601, -3.657134030280815, -18.67108842513555, -11.379088363314944, -7.26353090216887, -0.8663863904653257, -16.6989449852473, 5.186934439382486, 2.3494144418066565, -5.532825008214351, -5.399092973823148, -18.989685842055174, -9.656828947958486, 9.89079039870921}
Generation 7: 98.0 --- {-11.818516037640464, -26.092593673028198, -4.988327386933918, -29.43388790801155, -25.375885791379506, 22.440592697372907, 28.714965882471773, -15.879795473688514, -5.216490144319701, -11.773074201787574, -3.688968874146388, -16.20338933963287, -25.822974530436653, -23.564508211159207, 5.502515872897309}
Generation 8: 190.0 --- {-18.332952271550432, -17.226565344966627, -13.098663815769413, -29.486585318551235, -24.690362041353534, 13.367074326351464, -11.192171964516795, 0.3242867590932441, -5.717732766909562, -3.316823358294231, 13.787413816562996, -24.44014479902293, -38.26208795697943, -20.735856386490948, 6.457095706689298}
Generation 9: 638.0 --- {-8.099404145842813, -7.029561952615641, 5.219845701373508, -10.83860705614687, -18.810521880422733, -7.0898235969213586, -4.20144740973916, -22.361424252142513, -7.506715800755025, -7.716568217090978, -19.006976085296557, -12.777611391705406, -32.86548306163358, -12.497483473175183, -12.007320875236381}
AVG PERF OVER 50 TRIALS: 139.82
Generation 10: 472.0 --- {-13.86193420181683, -55.49416645331256, -25.176391833780993, -31.054181959247472, -23.319835820205533, -6.421627941838958, 8.25146872032366, -10.326114808650559, -19.093841827514623, 2.0450262253252305, -11.607261857227263, -45.433850822227285, -18.667886150792835, -17.513659660593824, -1.817827469728046}
Generation 11: 374.0 --- {-5.233044045293143, -27.585396053096773, -21.809351401904145, -20.27061254920305, -12.515476099429991, -17.078595603082675, 11.513517970098917, -5.354108884238614, -18.774274673597255, -15.587351093314254, -14.628482955306236, -23.10244378203557, -35.38962330837441, -28.297804017999788, 11.640668522374911}
Generation 12: 679.0 --- {-13.488752731751578, -43.8383789617606, -14.248128432968505, -29.926016602308955, -13.105534358928706, 20.72626556213609, 2.652868353192229, -7.446068538416184, -2.6264487182573397, -2.43316742710582, -2.4751299884200275, -21.57158133199062, -26.827991583143135, -23.519575093154163, -15.792515250881893}
Generation 13: 2200.0 --- {7.958060492455057, -19.090322839112236, -6.873063125770866, -7.381901917469079, -12.753939878212677, -17.844911543495673, 0.14761426781906017, 2.2740849929948013, -5.364391899528535, -24.262368371586206, -8.095816768451051, -21.656264141823087, -45.27141833373943, -21.551322513257194, -9.43479831983834}
Generation 14: 734.0 --- {0.9592809528502326, -32.6097331151645, -8.056058213693031, -21.74092477252428, -12.542392420022265, 2.1161669041634497, 8.486970193134136, -19.884908927688834, -7.1338351968003995, -9.158057117203457, -7.330580108415987, -30.859228974729525, -39.41973660183744, -23.4135201781108, 1.8236488196362366}
Generation 15: 1517.0 --- {-8.240633083427799, -12.410509761809198, -2.187398400329604, -9.933296913695983, -20.754032020316494, -16.08838365039693, 1.217496195644542, -19.88164902964313, -8.840737768290008, -17.953959579946293, -10.399515138843272, -22.722178345642494, -40.36730865129297, -14.577431180065213, 9.267039778204875}
Generation 16: 496.0 --- {-16.41564101510891, -40.48210121807213, -23.456996331254807, -32.9390152029236, -38.70176022457495, -21.01361247609554, 12.588124329134011, -4.1235547322037895, -17.187479859860066, -22.91006490189516, -41.706667106102124, -22.570278664241318, -21.885013639137092, -21.81869305135814, -0.9741043951718442}
Generation 17: 5149.0 --- {15.367364395033235, -25.630797814116775, -8.069848516354813, -5.796919335565537, -12.34320706867719, -13.40601082628126, 4.4843578498242875, 1.6180116682779069, -5.276536402937587, -20.141738183509037, -9.632818476985026, -32.08703960806811, -61.204235800524444, -19.871849416696655, -2.7964891956714233}
Generation 18: 2624.0 --- {15.367364395033235, -25.630797814116775, -8.069848516354813, -5.796919335565537, -12.34320706867719, -13.40601082628126, 4.4843578498242875, 1.6180116682779069, -5.276536402937587, -20.141738183509037, -9.632818476985026, -32.08703960806811, -61.204235800524444, -19.871849416696655, -2.7964891956714233}
Generation 19: 3900.0 --- {15.367364395033235, -25.630797814116775, -8.069848516354813, -5.796919335565537, -12.34320706867719, -13.40601082628126, 4.4843578498242875, 1.6180116682779069, -5.276536402937587, -20.141738183509037, -9.632818476985026, -32.08703960806811, -61.204235800524444, -19.871849416696655, -2.7964891956714233}
AVG PERF OVER 50 TRIALS: 1066.42
Generation 20: 1918.0 --- {21.968903505441318, -32.200106209706576, -9.197967944485056, -4.710184119069346, -15.513976449640369, -20.945684467926448, -3.4180239329515647, -2.961726595859061, -0.16384379857337894, -16.056632333283396, -13.553919434593562, -34.527782852631674, -68.25716919531851, -15.860555539181, 7.910246815162456}
Generation 21: 1202.0 --- {15.367364395033235, -25.630797814116775, -8.069848516354813, -5.796919335565537, -12.34320706867719, -13.40601082628126, 4.4843578498242875, 1.6180116682779069, -5.276536402937587, -20.141738183509037, -9.632818476985026, -32.08703960806811, -61.204235800524444, -19.871849416696655, -2.7964891956714233}
Generation 22: 1456.0 --- {15.367364395033235, -25.630797814116775, -8.069848516354813, -5.796919335565537, -12.34320706867719, -13.40601082628126, 4.4843578498242875, 1.6180116682779069, -5.276536402937587, -20.141738183509037, -9.632818476985026, -32.08703960806811, -61.204235800524444, -19.871849416696655, -2.7964891956714233}
Generation 23: 1788.0 --- {-19.08643135521146, -26.75575339345113, -14.127778788188667, -31.542464091760976, -4.181915505410895, -4.5817356957854045, 7.649372897478891, -3.795531871344604, -11.087109647651125, -0.9314891243183343, -34.89534724143243, -40.884578384356765, -29.54308001867042, -24.628099583996026, -16.820729817085258}
Generation 24: 1350.0 --- {-9.83836511638292, -31.805662205083337, -12.50401823482061, -18.463581124533057, -32.7669048692047, -5.127572882716089, 5.774532987461466, -3.4218128182651952, -11.162616784113279, -7.839390508799779, -19.828916084891247, -29.880389487319224, -51.713671861378906, -25.612814134995304, -10.812133064251743}
Generation 25: 1296.0 --- {24.15662562937912, -38.84445823093164, -6.512671505186098, 5.879246652056079, -20.154041929540867, -17.852627433976174, -12.501949087798815, -6.869507336934414, -14.499301888757538, -28.425398762396316, -23.881697601137134, -40.594159626648604, -53.67070345260508, -10.879179864199854, -12.965789478059678}
Generation 26: 2203.0 --- {1.3768912868500651, -45.283681962707576, -17.137439139248865, -32.953539074205906, -26.655102042941316, -18.681155425171724, -2.4768725918792516, -0.5320005520110378, -11.854771180505256, -19.4018192759915, -24.395241119557028, -41.23311837469574, -47.12299572709975, -30.380938031337198, -14.878092161496301}
Generation 27: 1948.0 --- {-2.661720618626365, -24.822551661415297, -25.628924357412853, -8.233056637149158, -19.437948116229883, -8.368215770315324, 4.781138226381545, -6.40076801077619, -13.50259465339251, -24.76140455917122, -21.99457156435225, -42.22870740620837, -44.30642156778717, -21.22143065698797, -17.361581507033417}
Generation 28: 1923.0 --- {-2.661720618626365, -24.822551661415297, -25.628924357412853, -8.233056637149158, -19.437948116229883, -8.368215770315324, 4.781138226381545, -6.40076801077619, -13.50259465339251, -24.76140455917122, -21.99457156435225, -42.22870740620837, -44.30642156778717, -21.22143065698797, -17.361581507033417}
Generation 29: 2866.0 --- {15.284773107072965, -34.202162645336685, -34.71632692261066, -6.22723479761572, -17.666508860337743, -18.362924673305365, -13.769373218278062, 1.1286754867040152, -18.13827991428763, -23.19813743368535, -20.770828783947596, -40.234051550765244, -67.5327703901721, -23.866616363253442, -3.476856688206147}
AVG PERF OVER 50 TRIALS: 464.56
Generation 30: 2167.0 --- {7.094810271031662, -43.589291908523215, -14.57308153387099, -1.7908939908198747, -8.764013795723537, -16.4169797919238, 0.05207653149671865, -5.188205126935907, 6.789441139048078, -13.022440621974331, -33.87543151938823, -41.33326765132884, -48.103345674647606, -11.591640661031217, -12.836018043274851}
Generation 31: 3880.0 --- {4.286759582454618, -53.54005951137808, -26.090627901910665, -18.997884362066667, -26.086902888144646, -15.506704644239965, 5.38163715951411, -7.971311438694803, -7.2322829677981435, -0.2928329048591358, -44.41814377190599, -38.126791384615004, -33.95655926506148, -25.600432825322674, -4.528361595961999}
Generation 32: 8485.0 --- {16.01982575748429, -47.5280858169878, -8.881893560871191, -1.2028083534282885, -12.692976662718793, -11.934768027285442, -4.494031371913808, -12.491156171074767, -6.711426384300923, -9.71389552491428, -22.664845406647594, -26.176103462148216, -63.6789116449831, -27.187190359110886, -7.4084751994190645}
Generation 33: 3380.0 --- {-0.9240573067078763, -57.04072571020572, -25.91166382411498, -29.709037640535925, -30.15878066133459, -5.444514483847391, 6.852761910585931, -5.332474049372816, -10.240442978961708, -13.123108188840423, -52.14960103818554, -33.64904513596672, -46.93533325943239, -30.008613960406922, -23.525274419260803}
Generation 34: 9468.0 --- {-0.9240573067078763, -57.04072571020572, -25.91166382411498, -29.709037640535925, -30.15878066133459, -5.444514483847391, 6.852761910585931, -5.332474049372816, -10.240442978961708, -13.123108188840423, -52.14960103818554, -33.64904513596672, -46.93533325943239, -30.008613960406922, -23.525274419260803}
Generation 35: 2914.0 --- {27.516947091566664, -41.800353915397515, -22.907683882085394, -2.900818609892072, -27.391223669631646, -7.601088830870128, -4.909896577214671, 25.702489820901484, 14.457776880021575, 17.266133184732475, -75.78622377909946, -51.82234026502449, -37.287138749573636, -57.60534614379, -9.50691495293447}
Generation 36: 7859.0 --- {17.679961728181315, -56.368260273845124, -3.9647834370270374, -2.8741416752519324, -20.727437218343614, 12.951492397273565, -1.3243142138811832, 9.859711496993139, 3.139913240876603, 3.3373166103851375, -61.40808618964935, -43.94296062212413, -50.091618888066215, -38.65603366553257, -19.06054308903109}
Generation 37: 5252.0 --- {34.88914800930782, -39.3760674249116, -0.23506948436618558, -2.422428132533515, -9.411943502162103, -1.8082511193021427, -15.33304197391099, -2.859768161050448, -11.263568934603015, -10.473672642060166, -58.4414077788324, -51.727110944179806, -56.65717597026013, -34.56616357485734, -15.786842056952956}
Generation 38: 11253.0 --- {16.01982575748429, -47.5280858169878, -8.881893560871191, -1.2028083534282885, -12.692976662718793, -11.934768027285442, -4.494031371913808, -12.491156171074767, -6.711426384300923, -9.71389552491428, -22.664845406647594, -26.176103462148216, -63.6789116449831, -27.187190359110886, -7.4084751994190645}
Generation 39: 5047.0 --- {16.01982575748429, -47.5280858169878, -8.881893560871191, -1.2028083534282885, -12.692976662718793, -11.934768027285442, -4.494031371913808, -12.491156171074767, -6.711426384300923, -9.71389552491428, -22.664845406647594, -26.176103462148216, -63.6789116449831, -27.187190359110886, -7.4084751994190645}
AVG PERF OVER 50 TRIALS: 2911.58
Generation 40: 4738.0 --- {22.028405377552502, -30.570542641400344, -26.78300509032103, -20.063165216690287, -21.076852512131392, 4.455828520620928, -6.026042398537412, 6.549832200278227, 13.690548104530256, -7.009906517634375, -58.01427806703694, -39.4085149894389, -47.85584015569688, -35.61176022440985, -34.723289653357874}
