TETRIS-H20-W10. Noise: (50.0, -0.1)
Generation 1: 4.0 --- {1.6456351492370755, -12.361649612023335, -13.716689403045777, -8.353767817457102, 4.016180489839768, -0.7801093769042884, 9.43254220925861, -0.9361423632516518, 4.601358526337991, -11.29660481214903, 2.4763944824403135, 7.4378747996735335, -4.393912199440538, -5.648025656904929, -11.759115452917436}
Generation 2: 12.0 --- {1.7122308691450052, -1.1084054552701277, -6.59746203944348, -10.516866973212823, -12.32827611118719, -0.15945986099964332, 4.249774285918401, 0.7789571350488019, 19.265957371632684, -31.028911177541232, 2.51958489085541, 8.959980202711789, -5.87043611480867, -17.956949344597067, 12.627146512133415}
Generation 3: 27.0 --- {7.909601992961302, -28.745803672377868, -11.598091728362775, -21.760473612138576, 1.9835726302564085, -8.12055334056059, -22.817496160243294, -8.057645107630737, 7.410872351453256, -16.668362204639354, -34.90089862661288, -13.446423370316632, 2.947128837751028, -11.779056847300073, -2.296127548486776}
Generation 4: 26.0 --- {7.909601992961302, -28.745803672377868, -11.598091728362775, -21.760473612138576, 1.9835726302564085, -8.12055334056059, -22.817496160243294, -8.057645107630737, 7.410872351453256, -16.668362204639354, -34.90089862661288, -13.446423370316632, 2.947128837751028, -11.779056847300073, -2.296127548486776}
Generation 5: 72.0 --- {13.07491882420182, -24.773941799441793, -6.1635273503007735, -1.4278134221087004, 0.588562612647558, 7.00416779843712, -3.566358667445984, -1.517474943857791, 3.942981307320185, -15.094271125992641, -20.32550885187284, -15.712829012371747, -4.263667678979024, -32.75051190925021, -8.58352363546905}
Generation 6: 97.0 --- {13.07491882420182, -24.773941799441793, -6.1635273503007735, -1.4278134221087004, 0.588562612647558, 7.00416779843712, -3.566358667445984, -1.517474943857791, 3.942981307320185, -15.094271125992641, -20.32550885187284, -15.712829012371747, -4.263667678979024, -32.75051190925021, -8.58352363546905}
Generation 7: 95.0 --- {13.07491882420182, -24.773941799441793, -6.1635273503007735, -1.4278134221087004, 0.588562612647558, 7.00416779843712, -3.566358667445984, -1.517474943857791, 3.942981307320185, -15.094271125992641, -20.32550885187284, -15.712829012371747, -4.263667678979024, -32.75051190925021, -8.58352363546905}
Generation 8: 240.0 --- {19.20212765859382, -23.32073205961774, -8.004448956409599, -14.472973290105992, 5.507080963235025, 10.679979827097714, -0.4921230961590979, 7.516528934983636, 7.360343650286051, -29.676267282513948, -43.714396528921206, -18.70509980253445, -6.618703935677059, -28.037772650058876, -12.927438400232834}
Generation 9: 230.0 --- {19.20212765859382, -23.32073205961774, -8.004448956409599, -14.472973290105992, 5.507080963235025, 10.679979827097714, -0.4921230961590979, 7.516528934983636, 7.360343650286051, -29.676267282513948, -43.714396528921206, -18.70509980253445, -6.618703935677059, -28.037772650058876, -12.927438400232834}
AVG PERF OVER 50 TRIALS: 104.96
Generation 10: 222.0 --- {20.8006178922953, -39.03110104855636, -19.27447660467496, -29.44272594963887, 0.996133001939898, 17.585338498548452, -6.180223641852599, -6.950586971404517, -1.9414649548334308, -17.44845012533784, -20.14875348711298, -14.930538178735066, -16.39257654496926, -31.8898612853693, 1.5589505655964624}
