TETRIS-H20-W10. Noise: (50.0, -0.1)
Generation 1: 22.0 --- {0.7811525813111546, -27.5431355849339, -14.37570522369459, -6.40596675660114, -12.272025356933929, -6.718939303021225, -14.82591149757811, -12.629399762066933, 1.5183968408609196, 8.15205624581455, -9.714542475892603, -8.930267039678787, -8.392250250895243, 3.8050254342455196, -2.6178475859677794}
Generation 2: 26.0 --- {0.7811525813111546, -27.5431355849339, -14.37570522369459, -6.40596675660114, -12.272025356933929, -6.718939303021225, -14.82591149757811, -12.629399762066933, 1.5183968408609196, 8.15205624581455, -9.714542475892603, -8.930267039678787, -8.392250250895243, 3.8050254342455196, -2.6178475859677794}
Generation 3: 14.0 --- {0.7811525813111546, -27.5431355849339, -14.37570522369459, -6.40596675660114, -12.272025356933929, -6.718939303021225, -14.82591149757811, -12.629399762066933, 1.5183968408609196, 8.15205624581455, -9.714542475892603, -8.930267039678787, -8.392250250895243, 3.8050254342455196, -2.6178475859677794}
Generation 4: 47.0 --- {0.7811525813111546, -27.5431355849339, -14.37570522369459, -6.40596675660114, -12.272025356933929, -6.718939303021225, -14.82591149757811, -12.629399762066933, 1.5183968408609196, 8.15205624581455, -9.714542475892603, -8.930267039678787, -8.392250250895243, 3.8050254342455196, -2.6178475859677794}
Generation 5: 16.0 --- {0.7811525813111546, -27.5431355849339, -14.37570522369459, -6.40596675660114, -12.272025356933929, -6.718939303021225, -14.82591149757811, -12.629399762066933, 1.5183968408609196, 8.15205624581455, -9.714542475892603, -8.930267039678787, -8.392250250895243, 3.8050254342455196, -2.6178475859677794}
Generation 6: 37.0 --- {20.88017347941824, -16.401329692128805, -21.169216146114643, -17.768787122052455, 6.279975742260101, -10.559513146282141, -16.781185900201393, -13.591136175170302, -2.955932415784469, 8.708488941415187, -23.704312007362663, -10.163448971722342, 9.704404937470436, -8.316863032369858, -4.376076261475269}
Generation 7: 97.0 --- {6.034885328477171, -39.65225325036632, -11.504947241667082, -14.915797110452724, -6.915146108091647, -12.660525179737174, -1.241559476340047, -0.6601884254936627, -0.23382344369238695, 5.853534463319821, -41.73653057329247, 12.356598750937495, 7.969420327706902, -12.79762485215673, -46.510707173804}
Generation 8: 78.0 --- {-9.025676975427746, -9.394404946146878, 8.975894082061593, -11.75932331662679, -14.102172908744308, -4.769023186730006, 7.590665619536592, -2.0871248139333085, -17.597535588235893, 12.961923062873492, -36.50841509321355, -1.8745893472406294, -4.134272675758364, -31.375006375367473, -12.217201574005461}
Generation 9: 147.0 --- {12.425771888169706, -22.85534197129104, -11.292446634951656, -13.636379309889993, -6.195668874016666, -12.241847361886954, -5.725835232852065, -9.093298823258015, -2.1725753240093084, 1.81692426556463, -25.52766743198285, -5.6441948476922175, -15.784187232990888, -12.699038425738388, 5.903791688168644}
AVG PERF OVER 50 TRIALS: 444.06
Generation 10: 500.0 --- {3.8698557226306862, -22.364927039132287, -17.459288978071406, -8.008413213111025, -18.21411536846346, -0.1056414450764438, -8.440710164751572, -11.932208962015462, -0.19949976202104835, -19.35675184499448, -18.508862299950763, -27.89127638046213, -17.82854498609228, -7.350653829241123, -5.9870758068895285}
