TETRIS-H20-W10. Noise: (50.0, -0.1)
Generation 1: 3.0 --- {-14.897727128410729, -5.617127147988295, 4.372498878716577, -0.031391380013701176, -3.290734913795163, 8.4360803228248, 7.480161488308097, -18.377681996050175, -1.4628781307647514, -3.2286959115151275, -15.673342935165497, -0.9957853670989139, -13.198815628493017, -11.468895580978987, -12.586148334487907}
Generation 2: 15.0 --- {-5.093069446856738, -10.47362842430655, -2.6516078174912616, -14.51915679314793, -9.078398849668824, -0.2493161388984677, -0.7260323690695915, -24.049458111419348, 5.432097971905863, 0.19954167028795, -4.90887060307768, 1.9702631150714787, -2.2904495679256835, -8.314142696909105, -14.969777822944321}
Generation 3: 27.0 --- {-5.093069446856738, -10.47362842430655, -2.6516078174912616, -14.51915679314793, -9.078398849668824, -0.2493161388984677, -0.7260323690695915, -24.049458111419348, 5.432097971905863, 0.19954167028795, -4.90887060307768, 1.9702631150714787, -2.2904495679256835, -8.314142696909105, -14.969777822944321}
Generation 4: 39.0 --- {-5.093069446856738, -10.47362842430655, -2.6516078174912616, -14.51915679314793, -9.078398849668824, -0.2493161388984677, -0.7260323690695915, -24.049458111419348, 5.432097971905863, 0.19954167028795, -4.90887060307768, 1.9702631150714787, -2.2904495679256835, -8.314142696909105, -14.969777822944321}
Generation 5: 23.0 --- {3.155773316126746, 3.4696653190744042, 17.80892503056947, -3.7651894625736544, -13.505806296948666, 15.164439643184224, 7.823367174743661, -3.4880425165684947, -15.779921411140153, -8.466836820136685, -19.227523903393756, 4.004137892115688, -10.604096491164375, -17.42910635198241, -17.56396836404409}
Generation 6: 51.0 --- {-15.522135473681088, -9.24027561166935, 4.353379071133309, -16.548790980127556, 3.1226192408309466, 7.093383790213073, -4.15409595043128, -38.181238242183376, -15.10276858904785, -6.8109339950980115, -9.002587971436492, 1.720793994454295, -12.481766841922571, -29.11305934162194, -29.02906528946677}
Generation 7: 62.0 --- {-17.847309515778864, -4.587606449286479, 3.5879813814574946, -11.492682840592908, -3.7827286047555138, 4.801644125892434, -12.25244671859892, -16.37467201365014, -13.424370967636287, 9.224843484176416, -31.52167318474489, -10.81771628352784, -6.064293323465819, -18.45610787949277, -8.06646694147403}
Generation 8: 155.0 --- {-13.549764890481757, -17.964058678938112, -0.5405155350378648, -17.991040085123217, -3.2547414004261896, 4.146976879488938, -5.747057017995487, -24.90478003578127, -14.468479903599171, 7.469480880703981, -27.066566919066737, -7.967188828819795, -14.180136604930262, -24.989710622293362, -25.445067487116248}
Generation 9: 156.0 --- {-13.549764890481757, -17.964058678938112, -0.5405155350378648, -17.991040085123217, -3.2547414004261896, 4.146976879488938, -5.747057017995487, -24.90478003578127, -14.468479903599171, 7.469480880703981, -27.066566919066737, -7.967188828819795, -14.180136604930262, -24.989710622293362, -25.445067487116248}
AVG PERF OVER 50 TRIALS: 122.98
Generation 10: 231.0 --- {10.487841479270706, -12.372928421888762, 6.5488235067246015, -12.436472988539883, -15.956897575330803, 7.533652152874453, -12.956738086042261, -23.505163003748333, 6.153302002332632, 15.44639483947568, -25.425296168119914, -27.986062071961413, -27.179299401434037, -21.25174914607132, -38.785267453944115}
Generation 11: 298.0 --- {10.487841479270706, -12.372928421888762, 6.5488235067246015, -12.436472988539883, -15.956897575330803, 7.533652152874453, -12.956738086042261, -23.505163003748333, 6.153302002332632, 15.44639483947568, -25.425296168119914, -27.986062071961413, -27.179299401434037, -21.25174914607132, -38.785267453944115}
Generation 12: 214.0 --- {26.057380221493197, -15.434800692576541, 18.71488915611777, -21.25256725347154, -10.06256447050695, 10.078584667163785, -6.52252801047748, -14.729274966858144, 7.778682935062407, 28.394381951643496, -27.361505134217392, -37.923323622872374, -26.211998551769593, -23.0483652840085, -27.381837356686802}
Generation 13: 249.0 --- {-2.752639522732353, -10.382612699918134, 10.522757317855795, -7.017951606789708, -22.220544140667414, 7.5019531846930665, -10.39128659508774, -12.271661127571116, -1.425304753740077, 6.037913009394691, -18.43163164673246, -23.427738007296952, -20.017248277704287, -12.760454092449027, -20.356683020036396}
Generation 14: 892.0 --- {-13.17281772199875, 6.655490131876282, -31.250506071824507, -1.0007962337225589, -13.670336941941398, 4.690768631696104, -5.784095003792841, -9.689644449126009, 18.27826230100147, 13.588666564649749, -4.2011900206702855, -23.23542623831259, -45.96596199764869, -37.90369594290537, -18.786478611348464}
Generation 15: 488.0 --- {27.25723006722609, -11.401700730803384, 5.962499287931326, -28.039230356020177, -2.0790568908406897, -6.335621055895335, -6.760220370615736, -14.65492664591999, -5.397676677415721, 10.006486696354465, -22.908903166383677, -30.054929410739554, -38.96609424458936, -23.132499609871566, -42.41402548354163}
Generation 16: 1144.0 --- {4.338714055599441, 2.4407949244697065, -13.694228632722046, -2.1795732408586863, -9.579534013969626, -15.952424016204658, -3.177841584171558, -5.560540569582365, 17.21836087219596, 26.615348374274703, -29.04495521104732, -26.035884655341533, -47.516672018338326, -30.146188383963988, -18.304399193139478}
Generation 17: 905.0 --- {-5.437340015396538, -15.666752175476052, -12.144126835910887, -6.875175048672716, -6.544310304815742, -11.876238930060097, -13.046912853146374, -8.074934091430793, 7.265333555632609, 16.07041171783818, -30.01216317981439, -25.74413306970484, -31.56286229629782, -24.545541737158537, -29.18283336187211}
Generation 18: 1024.0 --- {3.6564362416056437, -35.52706978385105, 5.877067037756455, -28.24239301547661, -17.55265606691818, -19.266446058348034, 1.0207691229088116, -4.354139386858944, -1.1113839819033258, 39.489644125751866, -41.55729890136281, -17.381323787672397, -71.66502642178803, -38.808510677949094, -28.78308411014285}
Generation 19: 2224.0 --- {1.6792440431216296, -39.78828071184981, -11.423809008417113, -9.122084362217825, -14.467331981246163, -10.573174785082305, 2.434277798392488, -2.639451215799731, 1.665142363428417, 22.214649172376497, -47.23825021989148, -15.657582578949903, -67.92622257328568, -37.04534764731194, -30.001915260896844}
AVG PERF OVER 50 TRIALS: 3244.02
Generation 20: 6477.0 --- {1.6792440431216296, -39.78828071184981, -11.423809008417113, -9.122084362217825, -14.467331981246163, -10.573174785082305, 2.434277798392488, -2.639451215799731, 1.665142363428417, 22.214649172376497, -47.23825021989148, -15.657582578949903, -67.92622257328568, -37.04534764731194, -30.001915260896844}
Generation 21: 5627.0 --- {4.373675632977209, -29.537115651673123, 10.957045314017137, -32.94287772996302, -10.10731004254928, -2.7871333350433254, 9.34711730340698, 1.056608812692473, -5.002289748227705, 24.30801843878429, -43.42367472036429, -31.872209906773936, -52.377322036380235, -28.788625904455607, -35.10082882871582}
Generation 22: 5950.0 --- {6.822654554556278, -49.41717256171826, -3.0682742816087485, -19.615253385737617, -25.41006460951609, -27.26709011917586, 3.4130831066141583, -3.3479633445974764, 13.479436999466028, 23.88203276518147, -45.5374297609453, -19.93101660615436, -73.53830460032628, -40.25399287327825, -31.352269334980644}
Generation 23: 4121.0 --- {20.054009599923063, -50.317920800744766, -14.071022799413106, -10.775461839233426, -16.89249423003965, 2.334154456882514, 3.1694023532502005, -0.9952756413964305, -9.233662543196619, 27.05991960771623, -47.672367453705206, -15.327405514894767, -74.86577768690972, -54.47709206031142, -30.89359091618548}
Generation 24: 5172.0 --- {24.02468045698237, -55.75358467067312, -11.016769446502538, 5.996775553704834, -23.16548692850456, 8.510932624999011, -6.788517245555256, -5.058570062292363, -5.278444211035519, 7.54667876852778, -33.44611776923033, -25.611060265568995, -82.4257916019538, -45.07895842894151, -28.742410453848983}
Generation 25: 21993.0 --- {24.02468045698237, -55.75358467067312, -11.016769446502538, 5.996775553704834, -23.16548692850456, 8.510932624999011, -6.788517245555256, -5.058570062292363, -5.278444211035519, 7.54667876852778, -33.44611776923033, -25.611060265568995, -82.4257916019538, -45.07895842894151, -28.742410453848983}
Generation 26: 13298.0 --- {20.97868151269701, -41.910129051351, -4.536270587913345, -22.427477166028172, -7.681394949609511, 30.52079486270059, 15.342522528538545, -3.4504165771920725, 5.446223079153225, 0.16354917511696243, -42.65479185608087, -25.728454800729594, -81.64032783109954, -54.98540216279847, -50.84238843720169}
Generation 27: 11282.0 --- {33.13557826757378, -34.59471661084374, 3.4088724888216806, -18.91792656510041, -17.711981375492673, 13.557127676388207, 23.540304748179302, -4.982284941790181, -3.961045520592751, 22.709731551673833, -51.478171683129716, -22.040708961469143, -75.78651330782827, -48.26763101380985, -33.256207878142675}
Generation 28: 20689.0 --- {20.56651455089305, -25.69645814303822, 0.9856948167021029, -28.90042679902534, -12.533894414729062, 19.4283682707266, 15.088344489674629, -9.146819213396869, 0.727691850670869, 7.862676054648155, -47.320560348563134, -24.174377058896997, -71.6888541478142, -48.38778522677772, -35.53906309998279}
Generation 29: 25333.0 --- {14.937943985688566, -57.000168907208845, 3.547176759063851, -14.971717200330625, -17.13877632002137, 26.972864571916595, 4.095660704996336, -3.6284998163344895, -6.724774324259654, -7.496670427436621, -50.69716751511051, -12.705511961494203, -87.17751936652957, -51.56137991494121, -45.01901977886743}
AVG PERF OVER 50 TRIALS: 3524.26
Generation 30: 14417.0 --- {33.13557826757378, -34.59471661084374, 3.4088724888216806, -18.91792656510041, -17.711981375492673, 13.557127676388207, 23.540304748179302, -4.982284941790181, -3.961045520592751, 22.709731551673833, -51.478171683129716, -22.040708961469143, -75.78651330782827, -48.26763101380985, -33.256207878142675}
Generation 31: 15379.0 --- {8.985407709503333, -49.86969410899782, -7.702858658752174, -14.935587167131597, -25.58880546770686, 20.984000520519338, 14.793536827173238, 19.789442088366425, -12.02069774877991, 8.91092539655118, -56.665922589467634, -21.26286545485166, -82.59936338483044, -62.302027310488555, -41.68904952607392}
Generation 32: 11136.0 --- {9.051421958296316, -26.3492787751062, -8.402083875268403, -10.722661270283611, -37.69536943053565, 26.986110586556777, 4.572888222549904, -12.812083185755244, -15.464870174289608, 18.14831711532068, -77.64203058869461, -5.259287800567154, -76.2116794041127, -62.74317056786798, -54.80662814593926}
Generation 33: 15792.0 --- {28.66489660733383, -26.69048754634003, -4.502160488200971, -28.964012945462912, -19.247592493260196, 23.11343010482787, -9.4367685091938, -16.54853083583999, -5.061641290913011, 12.276206295055147, -66.86108514521891, -24.582211889585537, -92.44658398074483, -55.403550513401896, -38.15683634166578}
Generation 34: 16700.0 --- {21.63627629110641, -51.17240545440707, -4.471033600002471, -23.696025914133877, -15.814682345124995, 22.130874683474197, 1.752108378539071, 8.621748417004863, 0.4173073537071197, -14.983052897602388, -51.90722569576205, -23.31946939583048, -101.89223113889426, -51.734739760131355, -43.50715255381731}
Generation 35: 50948.0 --- {27.202604819420326, -42.63761509221107, -11.033978235091926, -13.244955581582516, -27.080867531455223, 3.803093223437326, -0.5089347160496356, -17.37253480965263, -3.1024643433890144, 8.008532341453948, -56.82560767637936, -17.384309994760144, -111.27495913976028, -54.54694550351296, -42.31829482672621}
Generation 36: 19141.0 --- {22.23804914498762, -41.48792282290402, 9.72516379828848, -23.349021632179323, -5.361136042582572, 22.407825971294752, -2.057382383437835, 3.3742458118521172, -1.9215640191227985, 17.657693021079304, -73.97146166827264, -18.6863088598212, -71.05115440946759, -70.95344423669212, -36.05691283633133}
Generation 37: 21107.0 --- {27.183470244846472, -49.79032835649429, 8.192615446780588, -30.291018085898102, -30.996024793330328, 14.638828789624654, 2.405296134775935, -6.101188174349675, 5.258230157423785, 4.404665539186951, -75.8744017953194, -11.20050749777201, -90.14785333957842, -61.81406665810814, -39.0285313823379}
Generation 38: 17560.0 --- {32.96163162778245, -47.23004960387587, 15.182453744239947, -25.782680593681683, -19.58265401722029, 4.856595679394179, 9.81860131195329, -6.831012163560304, -12.539075576686733, -6.397722067331822, -53.25712472357071, -12.132454884447256, -126.64308030535386, -53.18404438524442, -41.537771715170145}
Generation 39: 43099.0 --- {29.891321762020095, -37.63186456125782, 13.488436188392932, -21.954452781387953, -19.10764901635688, 31.798726569225245, 36.447792637316255, 6.57938014431318, 5.3959671526133555, 9.44973929605536, -89.76174653384423, -31.358386599678944, -113.7747036850351, -86.48507404491217, -43.407772298769686}
AVG PERF OVER 50 TRIALS: 5903.28
Generation 40: 41584.0 --- {27.218468041463307, -39.7702715665177, 3.607991219591274, -11.763843665486922, -3.7023751440504533, 28.64353155055526, 8.097890386429173, 3.9983178453312966, -16.521986630081877, 23.33956892341682, -97.57303034092257, -19.674539850082965, -73.4033342181304, -84.23140726635498, -11.083487625533131}
