TETRIS-H20-W10. Noise: (50.0, -0.1)
Generation 1: 2.0 --- {-4.4778978132848, 1.30866838432975, 8.655285993809429, 6.964658839696827, -0.8575555800029344, -6.281510599547312, 1.9275258320761302, 3.5695625620248697, -5.99007956244726, 7.674067112568417, -18.19737364115129, 4.869109603971852, -1.8830006095237881, -4.048584237208595, 0.8572558159216985}
Generation 2: 8.0 --- {2.335693910454055, -14.16473669743626, 0.2635628406820823, 3.1295115244768112, 1.920189507465738, -2.2220371398662664, -2.1424782669071494, 20.301769425577344, -6.5977165853279836, 9.893579211732627, -12.255115890450941, -0.8306432325327606, 4.254720605834363, -7.963103346970125, -20.785547027098474}
Generation 3: 48.0 --- {3.7633269275415997, -10.727093476840675, -17.969400375343785, -0.5448221571594902, 2.998369499660047, -11.154819813051938, -3.301739683382502, -10.265310043682643, -5.298127652858078, 6.856017930314676, -22.265522168841237, 7.869072404362162, 5.986200023551985, -11.886067581477331, 2.0476651087638675}
Generation 4: 47.0 --- {3.7633269275415997, -10.727093476840675, -17.969400375343785, -0.5448221571594902, 2.998369499660047, -11.154819813051938, -3.301739683382502, -10.265310043682643, -5.298127652858078, 6.856017930314676, -22.265522168841237, 7.869072404362162, 5.986200023551985, -11.886067581477331, 2.0476651087638675}
Generation 5: 154.0 --- {5.341478243557583, -15.704603347759111, -7.7840747204081735, -0.212000741490745, -0.34373117695361866, -2.0516812939397493, 5.482018708404572, -4.319840317963049, 2.166533370661061, 19.439803700631145, -36.931402792437424, -21.47996295822535, -1.855822280979834, -19.841653743340018, -14.386338929823223}
Generation 6: 257.0 --- {5.341478243557583, -15.704603347759111, -7.7840747204081735, -0.212000741490745, -0.34373117695361866, -2.0516812939397493, 5.482018708404572, -4.319840317963049, 2.166533370661061, 19.439803700631145, -36.931402792437424, -21.47996295822535, -1.855822280979834, -19.841653743340018, -14.386338929823223}
Generation 7: 154.0 --- {27.681448982866144, -14.702504940518997, -28.799754890673242, -10.317381364004593, -5.000036851151773, -24.886566486992432, -4.120146430713678, 2.001117383009303, 0.29916501078785984, 10.591221143347713, -18.0363751306015, -11.953259674020062, -21.593463840096554, -24.81398272424861, 5.096896159334931}
Generation 8: 269.0 --- {5.341478243557583, -15.704603347759111, -7.7840747204081735, -0.212000741490745, -0.34373117695361866, -2.0516812939397493, 5.482018708404572, -4.319840317963049, 2.166533370661061, 19.439803700631145, -36.931402792437424, -21.47996295822535, -1.855822280979834, -19.841653743340018, -14.386338929823223}
Generation 9: 799.0 --- {5.341478243557583, -15.704603347759111, -7.7840747204081735, -0.212000741490745, -0.34373117695361866, -2.0516812939397493, 5.482018708404572, -4.319840317963049, 2.166533370661061, 19.439803700631145, -36.931402792437424, -21.47996295822535, -1.855822280979834, -19.841653743340018, -14.386338929823223}
AVG PERF OVER 50 TRIALS: 913.48
Generation 10: 1900.0 --- {11.399751218859759, -7.679346438211901, -22.72485794834175, -11.728711625545907, -7.317436748466551, 0.40846476064415604, -11.078346755488985, -17.153086281775145, -13.384100228877962, 9.699034974185, -52.16708205608245, -12.978399414838595, -19.214689407892088, -20.72164498616586, 6.738007019735237}
