TETRIS-H20-W10. Noise: (50.0, -0.1)
Generation 1: 6.0 --- {-9.158514999410528, -8.070330918948903, 1.8709549528232245, -6.154388940481286, 0.7412449462469173, -8.33355967091961, 9.126226131863385, 0.37151211016342267, 3.1898486076201853, 3.7780939776911584, -9.404947425345995, -11.150510291787343, 6.176795990427659, -2.231729283102486, 1.5861788345421437}
Generation 2: 16.0 --- {-5.125861750373784, -9.417580572986727, 2.410970554433657, 13.726237829792279, -2.2321760796544066, 0.14221247363637168, -13.633931177881156, -4.631828902565855, 12.2150555953731, 8.202314316953947, -2.468577030355627, -7.328602672774659, -10.893008569915976, -8.863699121630908, -12.51253598477873}
Generation 3: 56.0 --- {-4.292579994811967, -8.432458614252676, -6.659748975456242, -3.32864146785001, -7.047348329883784, -4.779045756509386, -5.2125239007722275, 2.3734546687937, 22.673332356950866, 26.136900106684227, -17.936817860973747, -29.295133782161702, 3.1900355017996054, -17.224666314624557, -13.37449805567795}
Generation 4: 49.0 --- {-4.292579994811967, -8.432458614252676, -6.659748975456242, -3.32864146785001, -7.047348329883784, -4.779045756509386, -5.2125239007722275, 2.3734546687937, 22.673332356950866, 26.136900106684227, -17.936817860973747, -29.295133782161702, 3.1900355017996054, -17.224666314624557, -13.37449805567795}
Generation 5: 85.0 --- {8.502046102477095, 6.515502812884154, -1.6394253028938048, 1.2562158813978161, 7.283073603841768, 4.448138237698256, -15.16923619474418, 1.458764377128042, 14.417128610521827, 16.700815699997328, -39.49784261253599, -10.71388496728989, -5.739260041974992, -33.148936390109355, -2.350930472232988}
Generation 6: 94.0 --- {2.1447094521513694, -7.953343552210965, -4.863301507124081, -8.327998199293052, 1.1393888280906577, -9.388900272972636, 6.570646902114095, -5.875299850896596, 15.16473250699601, 15.225766468867317, -31.20989476448892, -31.71146497896988, 4.412714078862733, -16.811377758743365, 1.0810522311087039}
Generation 7: 1243.0 --- {0.07651703707055724, -10.721917199811154, 2.845130318628115, -20.962906685928544, 3.0827266728109, 15.07828553006199, 3.5601672102622626, -2.750840149394489, 3.121722557511825, 16.34532503143112, -48.70061138390493, -16.474297162091315, -8.281394173432343, -18.37595548028341, -20.62395785710295}
Generation 8: 624.0 --- {0.07651703707055724, -10.721917199811154, 2.845130318628115, -20.962906685928544, 3.0827266728109, 15.07828553006199, 3.5601672102622626, -2.750840149394489, 3.121722557511825, 16.34532503143112, -48.70061138390493, -16.474297162091315, -8.281394173432343, -18.37595548028341, -20.62395785710295}
Generation 9: 810.0 --- {7.723816754545963, -12.604561776758324, -5.268096655365221, 8.681349013091246, -7.003401913790835, 4.942351065926244, -12.54872101119858, -14.797826225758032, 1.1915705611128384, 7.782990926499012, -30.307967005781585, -23.941923128379475, -42.250559817475896, -16.610620657682837, -0.5372386519624293}
AVG PERF OVER 50 TRIALS: 150.78
Generation 10: 415.0 --- {1.1859473923759296, -7.014992412718179, 1.3219183280249114, -14.954294008617603, 9.689259484961294, -10.27944012882908, -17.813471896689503, -11.80791901059397, -5.128678023005113, 18.55563666142706, -39.24010393748455, -30.92076468734651, -15.483638317082082, -12.238968774691864, -12.900728080314881}
