TETRIS-H20-W10. Noise: (50.0, -0.1)
Generation 1: 7.0 --- {0.8464364524027314, -2.2557248178639218, -9.822765994405337, -3.8354412080098506, -6.839816476119229, 3.7121311986130667, -1.8018691147334476, 1.887147207410575, 13.27880324067322, 1.1126954075434194, -2.20765390437875, -17.754074080933954, -17.54857509903534, -3.2696162427524817, -11.665593328887674}
Generation 2: 17.0 --- {0.8464364524027314, -2.2557248178639218, -9.822765994405337, -3.8354412080098506, -6.839816476119229, 3.7121311986130667, -1.8018691147334476, 1.887147207410575, 13.27880324067322, 1.1126954075434194, -2.20765390437875, -17.754074080933954, -17.54857509903534, -3.2696162427524817, -11.665593328887674}
Generation 3: 40.0 --- {0.8464364524027314, -2.2557248178639218, -9.822765994405337, -3.8354412080098506, -6.839816476119229, 3.7121311986130667, -1.8018691147334476, 1.887147207410575, 13.27880324067322, 1.1126954075434194, -2.20765390437875, -17.754074080933954, -17.54857509903534, -3.2696162427524817, -11.665593328887674}
Generation 4: 39.0 --- {12.210387219414303, -19.310738512329046, 8.960819990064737, -7.981359920696397, 5.0460213456465866, -2.7016242475489687, -24.21532717129687, -5.470681740127672, -9.584342945823792, 22.711562120061796, -14.444798426324379, 2.425628281095414, -14.58157049928382, -27.350418763481827, 7.803825274537157}
Generation 5: 111.0 --- {-5.242466813005747, 1.0518932795159737, -9.843528531444196, 4.988550189663156, -11.23959603122656, -15.841341330532416, 7.760674620025836, 1.907099185398888, 5.2714872900116045, 10.693594214051279, -18.981896883391563, -12.161142361440248, -11.202735441791924, -18.883731237922763, -15.022909152665367}
Generation 6: 200.0 --- {-5.242466813005747, 1.0518932795159737, -9.843528531444196, 4.988550189663156, -11.23959603122656, -15.841341330532416, 7.760674620025836, 1.907099185398888, 5.2714872900116045, 10.693594214051279, -18.981896883391563, -12.161142361440248, -11.202735441791924, -18.883731237922763, -15.022909152665367}
Generation 7: 175.0 --- {-5.242466813005747, 1.0518932795159737, -9.843528531444196, 4.988550189663156, -11.23959603122656, -15.841341330532416, 7.760674620025836, 1.907099185398888, 5.2714872900116045, 10.693594214051279, -18.981896883391563, -12.161142361440248, -11.202735441791924, -18.883731237922763, -15.022909152665367}
Generation 8: 269.0 --- {-15.139618008473677, -16.419512312635423, -29.96893946126047, -4.677065881634952, -14.434767426295927, -6.5141165569738275, 0.31765831558100466, 7.4102709075634134, 12.712094557614044, 19.23059293213348, -34.07542530176919, -6.678036111317974, -16.6641174053522, -43.19738132922487, -6.095846645110653}
Generation 9: 674.0 --- {0.026583547189086953, 6.869707440660972, -3.000829936065962, -8.822110993247282, 9.358786590093223, -4.490157476092555, 1.5938871133495542, -5.79502487200943, -7.102573626102313, 15.52093739454331, -29.477856786528086, -10.592806446057685, -31.13825404609515, -22.416585341414702, -2.096646989342034}
AVG PERF OVER 50 TRIALS: 610.38
Generation 10: 292.0 --- {0.026583547189086953, 6.869707440660972, -3.000829936065962, -8.822110993247282, 9.358786590093223, -4.490157476092555, 1.5938871133495542, -5.79502487200943, -7.102573626102313, 15.52093739454331, -29.477856786528086, -10.592806446057685, -31.13825404609515, -22.416585341414702, -2.096646989342034}
Generation 11: 608.0 --- {-8.64434928588341, -27.73890811571821, -9.103413698990465, 1.5316918434404272, -14.637394329925653, -0.3190674324111882, 5.672868715800658, 3.5706197088663703, 0.5755345383564258, 13.301868732249897, -31.94385028226119, 0.7231305625549584, -24.940200393220444, -40.67539980978442, -7.797956442196219}
Generation 12: 474.0 --- {6.143488809330674, -22.275183989991866, -22.400408863866637, 4.6380454612856505, -28.69072621791999, -1.0412564375656548, 5.174091127447028, 4.038485715631652, 8.602482543159315, 22.01398685672114, -34.62438327410326, -10.800341078248017, -23.305363551528856, -49.0738187532953, -15.62991793968576}
Generation 13: 356.0 --- {-8.56713279187541, -22.906087297907526, -11.800843384251184, 20.139828029607568, -3.797848651297471, -0.3694930259004702, -3.981088082099963, -3.074862220981263, -3.9372067515303515, -7.706738524607889, -27.030259509673776, 3.5577427626894824, -37.686131404298884, -37.28738443669062, 1.0088975453829105}
Generation 14: 865.0 --- {19.23344146771308, -23.21940623471388, 17.00031131400271, 1.6377954869291655, -7.451362504595783, -3.32818458067206, 12.14443179436672, 4.504633839073314, 5.374568157076572, 16.73726054898777, -30.223670411952117, -12.256257718268156, -37.7169843252118, -40.29534752530571, -22.616701189221317}
Generation 15: 715.0 --- {-2.245256072729325, -2.381776140957564, -13.832195211971316, -11.508038385837189, 1.0413935735032123, 11.733953799958226, 4.690092444469501, -9.40076552765678, -3.6350863311041737, -5.496673331094922, -37.629185687931454, 17.983122888393172, -36.71132161129874, -35.0865084732081, 3.8022363833857185}
Generation 16: 1204.0 --- {-5.357014176920202, -21.668066250591387, -20.317775083782557, -15.17126775823737, -11.34047128001107, -3.9286766508384874, 7.571040684095891, 2.9635530450356615, 5.533706781925126, 17.491749477167424, -40.733831427510914, -4.811815618113899, -28.586646900671905, -37.36921671152637, 13.147321809418987}
Generation 17: 1571.0 --- {-5.357014176920202, -21.668066250591387, -20.317775083782557, -15.17126775823737, -11.34047128001107, -3.9286766508384874, 7.571040684095891, 2.9635530450356615, 5.533706781925126, 17.491749477167424, -40.733831427510914, -4.811815618113899, -28.586646900671905, -37.36921671152637, 13.147321809418987}
Generation 18: 1225.0 --- {14.576774609092377, -20.467394865302065, -17.38277083169249, -7.485307256393884, -13.583546424920357, 1.639408184284619, 11.368921298748802, 1.329941672808225, 12.694023779637384, 16.98285455624652, -39.42580251580705, -22.389641750967243, -32.08765644122099, -49.26684497879495, 4.844388427810802}
Generation 19: 4196.0 --- {-3.3175531982220807, -32.58011431469437, -10.74911682447884, -13.229931730379718, -25.46408872695069, 12.702740233391562, 9.644593248437573, -1.9188458603890823, 1.5404613234670759, 11.414045416243052, -45.96252984651841, -13.778948189829904, -36.089639302704086, -52.67485633064577, -3.0654886721653756}
AVG PERF OVER 50 TRIALS: 2704.0
Generation 20: 8095.0 --- {-0.7986542744427372, -22.771540452683407, -9.535414265930044, -18.779411508714887, -4.710511075279037, -7.135431184147822, 19.996933985615193, 9.214521053228792, 3.3188249787351096, 5.835199733991532, -46.94720827635484, -1.3146917702069594, -34.270518219273384, -44.40962686302882, 10.19402146797465}
Generation 21: 6540.0 --- {-0.7986542744427372, -22.771540452683407, -9.535414265930044, -18.779411508714887, -4.710511075279037, -7.135431184147822, 19.996933985615193, 9.214521053228792, 3.3188249787351096, 5.835199733991532, -46.94720827635484, -1.3146917702069594, -34.270518219273384, -44.40962686302882, 10.19402146797465}
Generation 22: 11574.0 --- {12.279837267247125, -0.2582430467712804, 3.69190583046937, -14.846554672257101, 8.948613188589473, -14.348811746989321, 3.7178174390235252, 0.49631198376070707, -16.007376318514332, -7.850425500800339, -64.8660695029089, -26.094336522286238, -59.6348123486045, -37.126299780353605, 4.139116148854622}
Generation 23: 7791.0 --- {12.279837267247125, -0.2582430467712804, 3.69190583046937, -14.846554672257101, 8.948613188589473, -14.348811746989321, 3.7178174390235252, 0.49631198376070707, -16.007376318514332, -7.850425500800339, -64.8660695029089, -26.094336522286238, -59.6348123486045, -37.126299780353605, 4.139116148854622}
Generation 24: 4234.0 --- {-1.708420815820059, -4.444396932011827, 3.4698465563679326, -20.4185704967093, -16.18604099945417, -12.19596160908236, -2.1192984920407607, -2.5123093765560203, -3.9743599063605264, -13.50838829083321, -58.82832870717803, -7.930081458239424, -39.08840728074724, -45.02975204653535, 7.16624627389227}
Generation 25: 3669.0 --- {1.8087063336629252, -20.137365775201637, -10.13873053491012, -17.738200277952277, -0.04777560079829435, -7.280441946622512, 12.089633346895708, 2.2230349965327694, 6.230155528338998, 11.513155910399677, -51.39891827236119, -4.153609367832749, -40.99829017531153, -61.38507291656818, 13.34479340539297}
Generation 26: 8129.0 --- {0.3718353722386336, -16.222075420783167, -11.839278874424554, -5.988077763028134, -17.965040305103066, -7.744790039942494, 15.317869203512945, 4.384898902959259, 4.937202002427647, -9.29411827014847, -56.73285787024119, -8.814699860472011, -39.692287316960446, -57.493481176981604, 3.9395547114561595}
Generation 27: 7132.0 --- {14.533827718462309, -18.653575423054562, -8.477741878111143, -7.974387367314339, 1.6094312630584078, 19.476038648086327, 11.301828830511177, 1.2716464729053927, 3.8700694826175566, 11.41836765222056, -32.571890569454645, -15.699908217136322, -33.2824928085546, -46.24257712358993, 0.8862034855315706}
Generation 28: 4135.0 --- {0.3718353722386336, -16.222075420783167, -11.839278874424554, -5.988077763028134, -17.965040305103066, -7.744790039942494, 15.317869203512945, 4.384898902959259, 4.937202002427647, -9.29411827014847, -56.73285787024119, -8.814699860472011, -39.692287316960446, -57.493481176981604, 3.9395547114561595}
Generation 29: 6058.0 --- {1.8311161334345094, -39.5413768673978, 4.084013022983553, -8.96724251777466, -10.340017668427533, 0.09910601090957805, -6.322165984775786, -3.332353064982085, 13.813110952866236, -20.72628622773397, -72.30797619455998, 4.035161843171856, -48.562560445503856, -58.889130769649746, 14.3486316341065}
AVG PERF OVER 50 TRIALS: 4775.48
Generation 30: 6424.0 --- {16.941013597142135, -29.36446484267895, -0.822885031614796, -15.402835013699605, -1.250217106560493, -13.888760175981155, -0.23731357364439987, -1.188377377857318, 0.07430817609694795, -0.4249846989425299, -55.939463575035056, -22.246143790549667, -42.8186979013339, -48.473703821210904, 9.314388405384612}
Generation 31: 11301.0 --- {16.941013597142135, -29.36446484267895, -0.822885031614796, -15.402835013699605, -1.250217106560493, -13.888760175981155, -0.23731357364439987, -1.188377377857318, 0.07430817609694795, -0.4249846989425299, -55.939463575035056, -22.246143790549667, -42.8186979013339, -48.473703821210904, 9.314388405384612}
Generation 32: 9126.0 --- {24.747796641947435, -12.93146475320619, 2.9753022924475445, -1.7615793327292473, -11.323839013819637, -17.789886913164125, 0.306666335875871, 4.932485024309016, -1.0531495310813095, -3.528861332133732, -48.37544227517908, -14.568160419970834, -49.100545712125275, -43.555130901180476, -2.859452184078817}
Generation 33: 18108.0 --- {11.446631329882475, -13.152628225396182, -10.56567017999557, 13.749080747278336, -16.321380421203756, -17.03861957375397, 16.89454823065384, -7.54574626263909, -9.569513008722156, -0.14026524391968387, -61.117341635087804, -18.81205657759487, -41.30980969950777, -46.01105505823807, 6.018583245277301}
Generation 34: 12054.0 --- {11.65447214371448, -23.143949253144903, 12.161391457168493, -2.725514992458886, -14.25842130671747, 12.203269310097387, 10.929906328898593, 1.0605487166380438, -10.5273012542173, -14.086784631343972, -64.08859344920982, -1.9946561867176147, -52.352292905281494, -55.21324402351741, -6.7756163226112855}
Generation 35: 13118.0 --- {22.85100023140547, -23.889762300461328, -8.625592031429598, -21.255317599881526, 0.4095636470657187, 5.303546545181069, 13.883732616768594, 6.75551309855627, -0.11529575872112607, 2.816588878141796, -71.44874472131906, -11.457469793943194, -52.052041213637104, -76.92394796235098, 2.1457649029087653}
Generation 36: 23712.0 --- {7.113359536577228, -24.1306409828778, 6.514805649295033, -22.576037840438037, -17.62946498348923, -0.3691144368878332, 10.745372487247401, -19.520180690490836, 7.735044135590939, -3.6072883545542918, -64.93484274243737, -18.919204172691398, -50.324207080375906, -48.95568741143864, 8.632857404914764}
Generation 37: 17230.0 --- {22.297964771886313, -19.33648833942425, 1.0938886322198094, 3.3619086663613587, 2.568315591017006, 17.215506903668725, 20.098532945743813, -1.0595513102337297, -9.905663696389249, 1.2202403535491904, -72.2389573648009, -20.3630007563709, -42.283285295860225, -56.98759303829932, -10.44085111821672}
Generation 38: 12059.0 --- {11.65447214371448, -23.143949253144903, 12.161391457168493, -2.725514992458886, -14.25842130671747, 12.203269310097387, 10.929906328898593, 1.0605487166380438, -10.5273012542173, -14.086784631343972, -64.08859344920982, -1.9946561867176147, -52.352292905281494, -55.21324402351741, -6.7756163226112855}
Generation 39: 9327.0 --- {7.922501127599758, -21.77183426538701, 4.812334652221283, -18.108976325819075, -6.350800751502165, -2.24906460758808, 22.96689220780322, -3.388454500143036, 6.096916752561117, -17.71431545211731, -65.88209859266911, -17.251935797242695, -64.15379200160105, -60.59195048209943, 5.267470533920154}
AVG PERF OVER 50 TRIALS: 7270.68
Generation 40: 13161.0 --- {11.65447214371448, -23.143949253144903, 12.161391457168493, -2.725514992458886, -14.25842130671747, 12.203269310097387, 10.929906328898593, 1.0605487166380438, -10.5273012542173, -14.086784631343972, -64.08859344920982, -1.9946561867176147, -52.352292905281494, -55.21324402351741, -6.7756163226112855}
Generation 41: 19881.0 --- {7.922501127599758, -21.77183426538701, 4.812334652221283, -18.108976325819075, -6.350800751502165, -2.24906460758808, 22.96689220780322, -3.388454500143036, 6.096916752561117, -17.71431545211731, -65.88209859266911, -17.251935797242695, -64.15379200160105, -60.59195048209943, 5.267470533920154}
Generation 42: 60603.0 --- {4.738532418964663, -22.753489411741775, 10.253028560504497, -10.972390995442755, -15.025067647569074, -8.994444234553896, 14.747286929589851, -7.441891897556718, -1.8778922771580357, -10.074168936535306, -84.21175642835021, -12.55206584448781, -51.31273225191432, -53.31182321469872, -12.377038140298161}
Generation 43: 28587.0 --- {9.061434607455734, -27.929582140181935, -0.06470351872166002, -34.51686279592315, -9.063714360483893, -5.071306656507665, 3.2205952666219293, 0.9669795095663769, -4.097029706736068, -7.27849447499698, -86.6070840109131, -21.05714043473761, -49.923494818710786, -53.879091524430734, -6.39265817325435}
Generation 44: 29742.0 --- {29.98821383995122, -24.085938151032178, -2.133189049061759, -14.921710032034017, -9.632501480238126, -8.440347789699643, 3.995705925514467, -5.307749187166874, -4.43249409076625, -15.563439970700298, -96.96142346029139, -22.04367015424463, -58.48692197064157, -71.07781093042631, 4.453165045715987}
Generation 45: 20073.0 --- {11.693330892634233, -25.14819223253587, 16.597387856345584, -35.911592010190084, -8.729981753477292, -11.037602608656226, 12.642195049882902, -10.876757545185075, -11.966017007626359, -12.41581198169019, -102.93285080341393, -13.450612861298652, -56.585560529021635, -71.25688659909738, 20.343170283616914}
Generation 46: 24268.0 --- {8.872237777216421, -15.373617019510611, -2.6333850441932114, -44.78986017019999, -3.2024027710888445, -19.122201577477426, 20.493341291221864, -34.26612427883825, 9.907880692085513, -16.174512207737923, -104.82038043112182, -20.466701501652015, -61.12254325327112, -61.20951187644486, -8.927105691207146}
Generation 47: 51154.0 --- {29.98821383995122, -24.085938151032178, -2.133189049061759, -14.921710032034017, -9.632501480238126, -8.440347789699643, 3.995705925514467, -5.307749187166874, -4.43249409076625, -15.563439970700298, -96.96142346029139, -22.04367015424463, -58.48692197064157, -71.07781093042631, 4.453165045715987}
Generation 48: 31004.0 --- {14.683468520286658, -23.10891315880688, -0.08086798115078508, -2.475268364388395, -31.398042872070704, -3.705121130616206, -5.003462941992892, -11.67265030762903, -13.541517720577865, 3.208243265921582, -113.74567834531273, -24.569155271113846, -59.20714225022987, -53.896120319996285, -3.0223870720016253}
Generation 49: 24969.0 --- {29.98821383995122, -24.085938151032178, -2.133189049061759, -14.921710032034017, -9.632501480238126, -8.440347789699643, 3.995705925514467, -5.307749187166874, -4.43249409076625, -15.563439970700298, -96.96142346029139, -22.04367015424463, -58.48692197064157, -71.07781093042631, 4.453165045715987}
AVG PERF OVER 50 TRIALS: 17960.26
Generation 50: 19272.0 --- {12.363617996572817, -16.043617697414245, -2.3135248413986473, -14.733887152547364, -24.80690026107832, -14.855757833197778, 1.5468600482930914, 0.46670611233288817, -13.593613190838592, -11.607511738641907, -99.02028476559167, -31.621197781844018, -51.83588185363741, -38.0307371454027, -6.109696716994572}
