TETRIS-H20-W10. Noise: (50.0, -0.1)
Generation 1: 2.0 --- {2.0835288392469478, -19.020832071353727, -0.8578102117926041, 14.511137371580848, 2.36800943906391, -6.591647987842216, 0.3035044485441427, 4.834039779664468, 25.385361901982307, -3.405168275527632, -11.871500914994307, 0.5227882900992641, -6.346346007581966, -10.057050529824242, 0.14395208059444317}
Generation 2: 3.0 --- {2.06767388891387, -13.243703366975334, 12.345663759834514, 6.65390048467391, -11.008192603237218, -21.90812130601855, 2.3416548013403373, -16.44981996970557, 3.626383931663391, 2.018149118275492, -16.648365437810284, -19.425561754651714, -1.3175562290608216, 7.282176973075536, 5.129799978643616}
Generation 3: 33.0 --- {-0.9589783376592713, -11.03853824467488, -0.780933108625194, -5.705270705207788, 3.377067911006449, 3.1723143842559827, -8.885685680697916, -17.10216349090193, -6.945820727952816, 14.582381661286139, -26.594391521845363, -1.8883357066615023, 6.833293445708456, -22.74666157660437, 5.246689718313478}
Generation 4: 44.0 --- {-0.9589783376592713, -11.03853824467488, -0.780933108625194, -5.705270705207788, 3.377067911006449, 3.1723143842559827, -8.885685680697916, -17.10216349090193, -6.945820727952816, 14.582381661286139, -26.594391521845363, -1.8883357066615023, 6.833293445708456, -22.74666157660437, 5.246689718313478}
Generation 5: 99.0 --- {7.744735130461752, -21.376078267242136, -2.8997597038959295, -10.188702255149645, 5.075282703407268, 6.576604042434219, 2.575617817556406, -6.206851216139205, -13.214797021571195, 18.28525132447478, -19.476169942847047, 0.12283944710394756, -4.113799566737953, -24.10564829113635, -13.59548113602974}
Generation 6: 176.0 --- {5.796808451795272, -19.167316928548004, -16.768522680394547, -12.899884810365922, 1.4373005204613678, -17.345949692968816, 10.80508092335334, -13.579616563258433, -10.276884339390286, 22.005374661012652, -28.770295511967465, -19.019146277314533, -8.390620694416135, -26.467573334582333, 16.09747180319968}
Generation 7: 218.0 --- {14.13985261884082, -21.19177416088363, -10.237722311663001, 0.5212451774024961, -2.3539408357247615, -14.417588103279535, 15.160516682977965, -5.214000979343071, -3.3756154926567703, 11.020326425920231, -54.40059760024502, -12.09468716450916, 2.8322433866188508, -23.343090275371924, -2.649665780409171}
Generation 8: 299.0 --- {14.13985261884082, -21.19177416088363, -10.237722311663001, 0.5212451774024961, -2.3539408357247615, -14.417588103279535, 15.160516682977965, -5.214000979343071, -3.3756154926567703, 11.020326425920231, -54.40059760024502, -12.09468716450916, 2.8322433866188508, -23.343090275371924, -2.649665780409171}
Generation 9: 2807.0 --- {-7.285352741068607, -3.3014149239338177, -5.127130708437289, -0.3373137582471779, -3.8540783323273415, -0.9016763743669192, 2.6773665181677297, -12.860032968668387, 2.9391366844333238, -6.738312386643577, -20.472780203075736, -5.618491537267866, -26.64250483256864, -23.46002095799901, -6.185084929993727}
AVG PERF OVER 50 TRIALS: 716.04
Generation 10: 1755.0 --- {7.041045571883069, -21.42432258262053, 8.309167246457962, -23.363596430557983, 0.7994726087524864, 2.644126139931664, 6.891324903473702, -10.24476707608924, -11.210818380672727, 6.257830655724556, -46.797010160512144, -7.241922284694264, -4.527172904455356, -22.08117903058988, 3.035484270370411}
