TETRIS-H20-W10. Noise: (50.0, -0.1)
Generation 1: 3.0 --- {15.513100003533571, -0.7786664949710699, -2.480693734200173, -12.483086691857093, -14.106330178881583, 3.3580312522007096, 4.6197200580019135, -2.181955723886306, 0.2796530947128838, 9.014925431441558, 1.1499326246425787, 16.687020054827936, -25.155955353113917, -8.663608117504976, 0.8651421955024321}
Generation 2: 1.0 --- {0.7626840159147763, -20.51462351077964, -15.130680706137904, 0.2747411314803978, -15.748853468235259, 14.309188558474137, -8.303468260184546, -27.006459658210197, 15.967849875580818, -0.8982489745461644, 15.290607888503597, 8.725689387723326, 2.30047905411545, -9.172287237314515, -14.787012069943406}
Generation 3: 8.0 --- {13.476648407056047, 8.427962652856985, -8.623680693271158, -9.45474111635962, -22.559985956504445, 1.0814917322042665, 5.1143729738615065, -8.426567480110512, -9.711887251078362, -13.182571070113527, -16.419333561295126, -2.5488431037199546, -9.607523721905391, -7.416105717639858, 8.294526373560464}
Generation 4: 16.0 --- {13.476648407056047, 8.427962652856985, -8.623680693271158, -9.45474111635962, -22.559985956504445, 1.0814917322042665, 5.1143729738615065, -8.426567480110512, -9.711887251078362, -13.182571070113527, -16.419333561295126, -2.5488431037199546, -9.607523721905391, -7.416105717639858, 8.294526373560464}
Generation 5: 11.0 --- {-6.541290709344203, -7.3100950689064454, -28.178595744667447, -14.03512630465636, 10.506270047206272, -1.901841468154854, 4.3870849792768185, -5.783488393430408, -1.7664583919145755, 3.6122223594299445, -4.6375690510122025, 9.829762739661502, -16.63032226777366, -16.500083135738095, 3.4590719526303713}
Generation 6: 160.0 --- {-0.9131469350822563, -19.41791907054679, -14.498326876730035, -33.08692490756329, -5.940778777014049, 9.499694199046877, -6.52132755108753, -7.3188759782830015, -6.3027375582936855, -7.024091517396567, -10.719233218663714, 12.044027856286785, -8.285979335353726, -29.47217154452767, 7.50960506391643}
Generation 7: 242.0 --- {-0.9131469350822563, -19.41791907054679, -14.498326876730035, -33.08692490756329, -5.940778777014049, 9.499694199046877, -6.52132755108753, -7.3188759782830015, -6.3027375582936855, -7.024091517396567, -10.719233218663714, 12.044027856286785, -8.285979335353726, -29.47217154452767, 7.50960506391643}
Generation 8: 147.0 --- {-0.9131469350822563, -19.41791907054679, -14.498326876730035, -33.08692490756329, -5.940778777014049, 9.499694199046877, -6.52132755108753, -7.3188759782830015, -6.3027375582936855, -7.024091517396567, -10.719233218663714, 12.044027856286785, -8.285979335353726, -29.47217154452767, 7.50960506391643}
Generation 9: 102.0 --- {-0.9131469350822563, -19.41791907054679, -14.498326876730035, -33.08692490756329, -5.940778777014049, 9.499694199046877, -6.52132755108753, -7.3188759782830015, -6.3027375582936855, -7.024091517396567, -10.719233218663714, 12.044027856286785, -8.285979335353726, -29.47217154452767, 7.50960506391643}
AVG PERF OVER 50 TRIALS: 51.7
Generation 10: 103.0 --- {0.13910548446284582, -20.161136922276164, -4.451195780331018, -15.367146388380917, 1.6778758333180104, -3.456303748555171, -4.681291536570893, -8.189538182391168, -23.645395182504544, -0.40171822972168236, 4.951241047891603, 1.4074386786390656, -22.52670814787591, -38.094225285066365, 7.971467372571415}
Generation 11: 153.0 --- {6.362409861907985, -8.698033223169908, -10.848513199279946, -27.200652671779324, 0.005866998327419992, 5.213669659835683, -13.35094578111783, -12.24833046965545, -16.623838800567082, -18.07735042980078, -23.386694619591708, 7.5700255923260995, -5.313934633089082, -19.064349288887904, 8.694072136182704}
Generation 12: 351.0 --- {-0.9131469350822563, -19.41791907054679, -14.498326876730035, -33.08692490756329, -5.940778777014049, 9.499694199046877, -6.52132755108753, -7.3188759782830015, -6.3027375582936855, -7.024091517396567, -10.719233218663714, 12.044027856286785, -8.285979335353726, -29.47217154452767, 7.50960506391643}
Generation 13: 350.0 --- {5.580312602289602, -10.028775649114339, 11.150582348204416, -33.24958107688239, -11.011448944614388, 8.086494917469228, -12.14181522872412, -43.31894847787314, -26.084222390452553, -11.194920049140476, -19.807724094153574, -0.9805764915648525, -22.23802206383433, -24.411388410883852, -27.194209539584847}
Generation 14: 556.0 --- {-1.6771063757998177, -13.968922349487958, -7.747798766684458, -44.839257910709655, 0.6292214189584087, 6.587971195012867, -24.699101795975004, -26.34696318708053, -29.35490244671802, -26.95133643166128, -33.42400445189888, 0.4684433166729356, -27.05578976274169, -22.24112406863516, -2.71513483014345}
Generation 15: 588.0 --- {-13.607201480656244, -16.12740280407934, -2.385436744760625, -21.973739472175865, -33.24522168077148, -8.63288568684332, -1.9188974530995342, -10.270612564643933, -7.25553250178846, 4.740845815604985, -19.860440759276692, -12.962028729634925, -19.39117761721858, -21.759473438223196, 2.913614060758562}
Generation 16: 823.0 --- {-17.77491629092859, -7.262969854495903, -16.97013430515574, -12.1664060783361, -7.909952553358032, -6.465011164085389, 11.771969562253654, -11.113936390211684, -6.831644973791907, -29.03234040763077, -24.620594196939237, 8.762524972797433, -47.06701144442846, -28.648242002489194, -14.20378414580026}
Generation 17: 1200.0 --- {3.266919742441408, -7.6277737527042735, -25.156720718059997, -29.476689594666272, 10.491874692791878, -11.809817889235507, -5.539002727372009, -18.27831664079967, -7.319450066141766, -25.93494571524204, -45.36786816033192, -4.730964107310072, -25.842468802288792, -38.41949917725784, 10.361898590199702}
Generation 18: 2063.0 --- {6.429659331186205, -17.32184808169157, -10.984241946301305, -16.736369564542976, 5.524504962753404, -1.442147233183753, -5.183944959071541, -18.899551683344708, -2.988248108518171, -15.425935768671614, -46.11448472321141, -0.4052931378725577, -40.60558001161571, -33.922930728665314, -1.3189129714766057}
Generation 19: 2270.0 --- {6.429659331186205, -17.32184808169157, -10.984241946301305, -16.736369564542976, 5.524504962753404, -1.442147233183753, -5.183944959071541, -18.899551683344708, -2.988248108518171, -15.425935768671614, -46.11448472321141, -0.4052931378725577, -40.60558001161571, -33.922930728665314, -1.3189129714766057}
AVG PERF OVER 50 TRIALS: 2131.8
Generation 20: 7654.0 --- {6.429659331186205, -17.32184808169157, -10.984241946301305, -16.736369564542976, 5.524504962753404, -1.442147233183753, -5.183944959071541, -18.899551683344708, -2.988248108518171, -15.425935768671614, -46.11448472321141, -0.4052931378725577, -40.60558001161571, -33.922930728665314, -1.3189129714766057}
Generation 21: 5295.0 --- {6.429659331186205, -17.32184808169157, -10.984241946301305, -16.736369564542976, 5.524504962753404, -1.442147233183753, -5.183944959071541, -18.899551683344708, -2.988248108518171, -15.425935768671614, -46.11448472321141, -0.4052931378725577, -40.60558001161571, -33.922930728665314, -1.3189129714766057}
Generation 22: 3943.0 --- {6.429659331186205, -17.32184808169157, -10.984241946301305, -16.736369564542976, 5.524504962753404, -1.442147233183753, -5.183944959071541, -18.899551683344708, -2.988248108518171, -15.425935768671614, -46.11448472321141, -0.4052931378725577, -40.60558001161571, -33.922930728665314, -1.3189129714766057}
Generation 23: 7761.0 --- {6.429659331186205, -17.32184808169157, -10.984241946301305, -16.736369564542976, 5.524504962753404, -1.442147233183753, -5.183944959071541, -18.899551683344708, -2.988248108518171, -15.425935768671614, -46.11448472321141, -0.4052931378725577, -40.60558001161571, -33.922930728665314, -1.3189129714766057}
Generation 24: 5534.0 --- {6.429659331186205, -17.32184808169157, -10.984241946301305, -16.736369564542976, 5.524504962753404, -1.442147233183753, -5.183944959071541, -18.899551683344708, -2.988248108518171, -15.425935768671614, -46.11448472321141, -0.4052931378725577, -40.60558001161571, -33.922930728665314, -1.3189129714766057}
Generation 25: 5448.0 --- {2.7154316040636757, -2.302973438973771, -25.1513910764939, -5.241209907691108, -9.80114977418107, -1.615982701998096, -9.514593625799296, -11.969324748780217, -19.48845840003454, -18.560043400106586, -47.16864963339313, -4.68103303853948, -38.8893933943233, -32.11676682104075, -10.74101364178873}
Generation 26: 5671.0 --- {18.969601797001015, -11.109859316840556, -7.466520519166355, -10.441285650531091, -10.294219075811249, -3.8067377057567153, -6.928641264096105, -8.592846295233471, 0.10248979840002193, -24.48057174597921, -31.30877630246545, -3.9074201709285203, -45.775682734135415, -32.369830265226994, -4.445531387501804}
Generation 27: 2482.0 --- {2.7154316040636757, -2.302973438973771, -25.1513910764939, -5.241209907691108, -9.80114977418107, -1.615982701998096, -9.514593625799296, -11.969324748780217, -19.48845840003454, -18.560043400106586, -47.16864963339313, -4.68103303853948, -38.8893933943233, -32.11676682104075, -10.74101364178873}
Generation 28: 15747.0 --- {15.34837374989689, -1.8700996377150494, -26.95790832770253, 1.4610450306938647, -7.405424217330085, -16.403887059285875, -12.407381840675008, -14.867143382823954, -8.580653025618647, -29.666056900554317, -65.35516070171283, -19.542916258985183, -52.27154424817255, -28.257757734319735, -18.2927985068019}
Generation 29: 12790.0 --- {9.667915040505015, -23.598608229383423, -12.291884373767811, 5.0379779656542105, -4.314987817169989, 4.95884372106231, -6.266832327574416, -25.86149915397541, -12.652042559602858, -3.204796637506645, -50.33587574238397, 11.475876125765215, -52.49543021061713, -35.403323690915855, -3.5711547386066993}
AVG PERF OVER 50 TRIALS: 12602.84
Generation 30: 22788.0 --- {6.331575691300356, -15.96171982271997, -8.328231458334004, -3.7763984058858204, -19.410967406342646, -15.275268182595825, 0.9262275407340654, -8.470698329372233, -12.15596926305033, -24.99043195206452, -49.30430445704191, -0.8723636327119331, -47.56535058109171, -19.193652098382184, -5.62787805342964}
Generation 31: 6049.0 --- {-0.9093694361790732, -16.85819195582848, -0.6312296456745283, -17.23740244581769, -13.859200828044319, 0.4230512228780201, 7.7830661536914585, -11.704986766426446, -24.50157027461452, -29.91315233323123, -51.034327218749006, 18.86995496612998, -57.839646904468694, -43.34599453072673, -0.4961935762504721}
Generation 32: 22526.0 --- {7.063090623462793, -11.108551258959624, -15.129697820858803, -2.25773057748712, -9.983404395067351, -4.2569583383286265, -2.9317410075779264, -20.053359262274064, 0.3751583402713692, -26.367084938787578, -52.61413159394925, -18.138228080817942, -62.41465394184794, -38.539966495418575, -9.157010611431602}
Generation 33: 13757.0 --- {11.690586420285067, -21.077136456499957, -16.693649491688625, -4.509037791812571, -1.5862330526728887, -11.374240048638969, -11.260633675916186, -19.558112269645697, -14.13940944945333, -14.952980967028097, -50.832469120175936, -15.44486638288435, -58.37619574768139, -33.18080863818988, 5.772879621290217}
Generation 34: 13862.0 --- {16.79451105612628, -18.626712900244353, -9.210077044046745, -11.959793782340027, 3.6618044793530444, -6.97879648014484, -7.549920495647408, -18.803553206388468, -11.766502309721076, -20.805177241991423, -76.46116897874195, -17.251963030232254, -49.24965483220308, -26.05823623034009, 4.684412473555865}
Generation 35: 13933.0 --- {12.06442550898393, -23.37380171068691, -12.848081775691435, -10.208626533364317, -10.756416833163218, -5.2198849704406864, -12.308715885950068, -2.468747135472057, -12.918783434056818, -10.998415326172626, -45.77071163883201, -1.4342285952363403, -56.89568038310326, -46.717865562524764, -7.689775194967827}
Generation 36: 32865.0 --- {17.180292789644522, -40.57732439358984, -16.676637433321385, 4.8553974636359625, -4.566139705722412, -6.317292023227234, -7.317363477395684, -17.801073604884508, 4.549810291935544, 1.2948902075501998, -70.40488698158183, -2.970792499885288, -51.930983741207896, -38.92126574298827, 5.176337077164831}
Generation 37: 11221.0 --- {17.91131720469705, -13.988518695997211, -23.247055481528637, 7.4165742302879245, -9.829365551891762, -9.806690929538256, -4.82857984753196, -5.364811666906618, 4.586530819694777, -27.084709610100667, -71.30506979881628, -8.610454346379406, -51.5370378123928, -31.6985373664465, -13.57191200103163}
Generation 38: 15606.0 --- {17.91131720469705, -13.988518695997211, -23.247055481528637, 7.4165742302879245, -9.829365551891762, -9.806690929538256, -4.82857984753196, -5.364811666906618, 4.586530819694777, -27.084709610100667, -71.30506979881628, -8.610454346379406, -51.5370378123928, -31.6985373664465, -13.57191200103163}
Generation 39: 20988.0 --- {21.61749631262648, -42.89678806102607, -20.204014371767407, 0.8987681028899823, -2.32999110451891, -18.183433778336305, 2.3018413297508262, -1.7452599978115764, 0.41371238461823623, 8.992845589096888, -66.50883592867862, -2.3573427969619463, -60.34653272835894, -49.43600659486796, -0.46699033680281943}
AVG PERF OVER 50 TRIALS: 12173.96
Generation 40: 17085.0 --- {14.25846116648615, -28.98681459926822, -3.481330980833768, -7.312798276025195, -0.9927416418887747, -19.09595391084014, 10.148707915789979, -10.938280448150536, -5.177895000907552, 15.002423528531162, -84.74491953686912, -8.994140690173253, -52.28850245638703, -44.00188554573383, -6.502453089087508}
