TETRIS-H20-W10. Noise: (50.0, -0.1)
Generation 1: 2.0 --- {9.31933340627735, -8.97414161034794, -14.849417534969227, -3.75883895719036, 2.8507745156523523, -12.58235369531052, 1.8346565976578344, -12.468451332784074, 15.536393599880236, -1.445522509503304, -9.803399222924064, -2.6075927102734164, -3.330677293024156, 7.660035969096686, -2.0604746753430705}
Generation 2: 6.0 --- {2.064907939028414, -12.66441053941299, 17.48140443539354, -17.0092409731092, -10.982612851248977, -12.342728519505084, -3.297089587463165, 2.0219393539637944, -11.08035323853995, 24.7637581529507, -18.144327468662, 34.67116650920639, -6.800803243282754, -8.510131738694945, 2.4387794780677523}
Generation 3: 10.0 --- {-0.14932892400454723, -21.655151574628945, 4.627798448909539, -14.779720510555784, 21.81362274540083, -17.437930219993312, -4.573647505257803, -14.872478056957961, -6.761019610535946, 18.30327837243633, -16.07100723497756, -5.616793630289246, 2.599054314056767, -19.496325187147313, -13.189376508176425}
Generation 4: 91.0 --- {3.3148544037993606, -2.4334803257035094, -4.82470981145174, -8.219952477016031, -19.219726047390594, -2.3290693643513336, -18.922650306638463, -12.326285185503604, -7.1458527516878405, 3.252051638271207, -10.583083275920675, 17.480874373583653, -19.6093123417352, 1.7295593831571412, -0.6603961011292807}
Generation 5: 38.0 --- {2.4729890171016007, -18.259525824578784, 0.9459766838266326, -12.135237119404145, -14.506984078209616, -22.646604485271126, -33.399963889086884, -17.56304275916237, -22.02173900125356, -6.901218518070616, -13.197936574696957, 16.145881093655923, -14.896725345630962, -4.04831405475219, 12.056171585252956}
Generation 6: 102.0 --- {12.46732637260742, -15.17270745234783, -16.141180426930575, -5.14450214976333, -17.53711425241742, -10.967883940408486, -37.191232891476695, -16.086208341846156, -4.885057649483336, -21.828550376575862, -14.541564250794277, 10.298164628253915, -14.829927479624258, -6.927869597063584, 7.407857433500088}
Generation 7: 129.0 --- {16.015507874269517, -18.082199994624943, -15.069227958993212, -7.888517736845803, -8.707503763898229, -13.087080166364037, -14.706892873837681, -8.160035096656255, 0.657117005743852, -17.85238746623714, -8.842835511731494, -6.539618260638335, -14.448165124915995, -19.428341075231945, -1.3503397563651898}
Generation 8: 194.0 --- {-4.455499637153069, -15.394830835548769, -12.35804598020385, -17.284566009420338, -11.302272197104358, -18.736027947559, 1.472810953405121, -1.3399632347709884, -2.165033286400683, 2.382053435548908, -24.832225488041423, 9.641908541503724, -16.233422059324038, -12.146904335679533, -2.4737603071592833}
Generation 9: 201.0 --- {-4.455499637153069, -15.394830835548769, -12.35804598020385, -17.284566009420338, -11.302272197104358, -18.736027947559, 1.472810953405121, -1.3399632347709884, -2.165033286400683, 2.382053435548908, -24.832225488041423, 9.641908541503724, -16.233422059324038, -12.146904335679533, -2.4737603071592833}
AVG PERF OVER 50 TRIALS: 68.26
Generation 10: 222.0 --- {10.99265912686587, -12.123239353554565, -31.240527745038197, -3.3000127931569603, -10.219120017010871, -11.552809506626048, -11.643279587412964, -0.6949346106922345, -10.205065908039836, -2.0220975358039004, -7.507755771527323, 21.163773248220686, -20.29475117168873, -39.080160647568256, 5.053701836627721}
