TETRIS-H20-W10. Noise: (50.0, -0.1)
Generation 1: 3.0 --- {-7.0822954968613585, -3.2153524112697323, 10.978886141286585, -19.891246911592436, -0.9345222031889986, 16.24356655143077, 8.761067777561525, 11.295776548565865, -13.324955495576617, 5.708320577397635, -8.368181024534483, -0.08381388641955559, -16.195573292662132, -22.184266499005044, -2.066976159052731}
Generation 2: 4.0 --- {-24.07426988560754, -13.665105301050689, -20.973498514422797, -2.0226588785764568, -3.953224483821198, 15.124621940922218, -18.673649757743053, 15.65424991396659, 8.242562960657127, 9.722948783573274, -12.873909881746757, 1.5094927671517078, -7.082926977460478, -13.558181779759181, -0.9944366960956041}
Generation 3: 33.0 --- {-15.147405954998112, -5.44471414905005, -12.68806380753681, -4.3670975167792365, -23.92423585594769, 12.712141692078806, 6.046005816813104, 0.7152659044446104, -11.935120765215915, 9.395678740073114, -22.1662189488855, -0.12850967378504508, -14.228985107192717, -17.42895830632864, -6.352617254755101}
Generation 4: 98.0 --- {-13.76697158045046, -4.090857498953567, 9.295566487980064, -5.668976325424013, -9.905288265315033, 0.3586354150762965, 8.64983376957812, 10.742073429587721, 6.494932301073856, 4.3517521636653935, -16.788538427052465, -3.4306102859203906, -3.7308877338579967, -24.38622363369054, 6.9159357919642765}
Generation 5: 235.0 --- {-10.707703895316671, -2.183829809597226, -0.4788827877034745, -8.291468432910078, -7.64235750450405, 3.140428369585665, -0.7494176848497309, -0.6674607043329348, 3.906690704960308, -3.75027624212804, -13.814569107026545, -0.3452780119525336, -14.023730144132067, -23.089236496383656, 3.0777887617733466}
Generation 6: 169.0 --- {-10.707703895316671, -2.183829809597226, -0.4788827877034745, -8.291468432910078, -7.64235750450405, 3.140428369585665, -0.7494176848497309, -0.6674607043329348, 3.906690704960308, -3.75027624212804, -13.814569107026545, -0.3452780119525336, -14.023730144132067, -23.089236496383656, 3.0777887617733466}
Generation 7: 494.0 --- {-10.707703895316671, -2.183829809597226, -0.4788827877034745, -8.291468432910078, -7.64235750450405, 3.140428369585665, -0.7494176848497309, -0.6674607043329348, 3.906690704960308, -3.75027624212804, -13.814569107026545, -0.3452780119525336, -14.023730144132067, -23.089236496383656, 3.0777887617733466}
Generation 8: 129.0 --- {-17.13024878519454, -23.038171496612435, -5.901066291392036, -1.9288974159649235, -15.27578129137417, 11.469218166932178, 4.505771482459283, 7.5349472618447395, 5.173635632134679, -3.8330076140554312, -20.615530810149203, -4.497470160771279, -21.695553568740515, -31.16361904589284, 11.590857771685943}
Generation 9: 204.0 --- {-9.77092292388879, -23.083155893347495, 0.027580069490084957, -10.730476122282521, -34.28322391502868, 3.5542135622843847, 5.43600118147319, -3.324826485699878, -17.38445625634604, 25.717485027267976, -24.118115794939946, -8.590981648074603, -25.110035884232644, -40.088819297031286, -10.597040811694121}
AVG PERF OVER 50 TRIALS: 502.76
Generation 10: 1111.0 --- {-6.683825286766312, -25.1387490996166, -10.048775121715156, -1.4664079474235745, -27.292945375996336, 10.714582048543837, 22.004782386845005, 14.972016336754113, -3.1317847254335396, 13.966729446114085, -39.44945859014727, -4.00750744327868, -14.779242999526769, -45.42454905525185, -23.290999195594065}
