TETRIS-H20-W10. Noise: (50.0, -0.1)
Generation 1: 107.0 --- {3.9126293199343634, -13.47321780709172, -6.528755828690644, -8.797868408037834, 9.309256683722023, -13.660963281082115, -5.283949728595302, -4.729764470975816, -17.5568128603834, -8.182050528533363, -6.053128435511321, -4.042026217959295, -13.376182178825688, -21.447607863077817, -3.911945853201148}
Generation 2: 47.0 --- {-11.147789386866233, -6.165055745233717, -1.6992370959958452, 9.793605524695991, -14.023205660287765, -27.855661085164655, -6.6861273429721635, 0.7841494548501795, -16.550400269179615, -8.73831520261987, -4.4714615146148535, -2.3669818219682357, -22.197105244557168, -20.346263455007243, 3.56759327741669}
Generation 3: 82.0 --- {3.9126293199343634, -13.47321780709172, -6.528755828690644, -8.797868408037834, 9.309256683722023, -13.660963281082115, -5.283949728595302, -4.729764470975816, -17.5568128603834, -8.182050528533363, -6.053128435511321, -4.042026217959295, -13.376182178825688, -21.447607863077817, -3.911945853201148}
Generation 4: 217.0 --- {5.517115454735917, -10.720279309380853, -1.6461759907661988, -6.535163155815273, -4.571184910764517, -25.944375493461763, 4.601062627761314, -6.933319208416375, -18.315631217929425, 3.1320774702553287, -7.893179343406931, -20.06968843129259, -20.17149298724255, -18.3473770652856, 8.184830471379023}
Generation 5: 687.0 --- {3.808621723187062, 2.845895658011737, -11.781319253253926, 10.804333828772476, -26.548058691978245, -7.209441001148603, -8.4948717594709, -4.833175219601728, -6.839001608255344, 5.386024159697172, -34.05586969743487, 5.347300864051338, -23.263746597311748, -17.867804218095984, -11.941019518595265}
Generation 6: 737.0 --- {3.397949967077852, -27.7964261155022, 5.1076965354647745, 8.301656410445215, -9.975716552345052, 3.36738887582805, -3.9127915563094544, -10.485763981198613, -24.333492883439344, -18.935802647926707, -30.65645968777728, -0.7426775635205258, -26.98820575626976, -23.513404588424432, -15.867217113310886}
Generation 7: 745.0 --- {7.712546394447827, -14.655969671560666, -18.566503153599307, 1.8385424901204415, -12.791910930801173, -10.963342424661448, -13.492543610675714, -7.0772958649480735, -13.80359627785706, -2.971516043837058, -15.977569137431368, 14.277325511927128, -30.021982775364734, -27.380932361755033, -6.988840184743388}
Generation 8: 2036.0 --- {7.140468723263508, -24.860510650663272, -11.606042262603522, 10.358547939807998, -6.397268546137597, -10.536120687207307, 1.6852243184973612, -7.195212447588658, -16.50051060289798, -13.259768820356323, -18.590218657042627, 1.084601703929779, -41.35854318687362, -26.911475809438684, 9.476899659299558}
Generation 9: 779.0 --- {7.598256461155536, -12.078274914646931, -1.5240826276037476, 3.7455788369794325, -11.020889595398595, -11.244572717300905, 2.7768746896980603, -10.060126857614826, 3.1178937509799063, -12.65250149943573, -31.572698943131876, -5.649629076376896, -21.25657614678832, -17.418447163703473, -11.979792987790885}
AVG PERF OVER 50 TRIALS: 548.88
Generation 10: 1738.0 --- {11.461325300699489, -5.252641444713081, 4.776308848619905, 5.440511279172074, -4.011529558597111, -18.668349743391847, 2.390877350452566, -1.9223589767829958, -9.088041139885657, -1.1324690534951039, -34.93954942437168, -13.252280096558007, -20.83957109004612, -21.62023457406453, -2.6285832241033527}
