TETRIS-H20-W10. Noise: (50.0, -0.1)
Generation 1: 5.0 --- {-0.39684083024547356, -1.000982758676888, 6.044658985074996, 6.167620964353806, 10.93330418321623, -13.575512525518521, 17.504689543630146, -3.9066222067745846, -20.886395811243027, 2.7458182480148547, 5.655512694610584, 0.35276694046605994, -21.0946911449785, 6.692068955780307, 16.341359058014653}
Generation 2: 12.0 --- {-7.631889729308594, 0.11251479857768622, 12.114518575661767, 15.322768373716542, 4.19367381158769, 0.9829401106519837, -2.2221502335138914, -10.293508098425082, -0.6190387972684659, -5.689828917084041, -12.921828758149816, -28.399881727537412, -2.4869926514282104, -27.616130251137804, -1.540984033283487}
Generation 3: 35.0 --- {-6.524999472895901, -3.294355851405599, 12.69971465814335, 5.988535226114498, 5.03963068157817, -6.9957142697322325, -7.759586315657902, -9.473028730647018, -5.078243282168354, 0.9989028324526239, -9.647586741273912, -17.915173870534566, -24.247020475004323, -15.502693966431732, -5.223052300017887}
Generation 4: 94.0 --- {-19.559970414228893, -2.935859619022775, 17.602016517435096, 1.8450486613343422, -2.9393091143056544, -17.396011244738865, -14.500079900717218, -3.388294108992092, -2.5393892631003885, 18.500184767471907, -32.95990999063506, -20.960540993170415, -30.204168338504722, -16.55819816787345, -23.52037691747048}
Generation 5: 78.0 --- {-35.55408181219125, -3.869642330811989, 20.59081089162902, 11.1962852672919, -13.435084445328066, -13.644397722039379, -1.7465708220523712, -15.60606142632021, -13.308640301156856, -2.8181897532838702, -36.438806940017045, -31.053308727894652, -31.18082143198724, -36.07060685232754, -26.987841969007427}
Generation 6: 148.0 --- {-19.559970414228893, -2.935859619022775, 17.602016517435096, 1.8450486613343422, -2.9393091143056544, -17.396011244738865, -14.500079900717218, -3.388294108992092, -2.5393892631003885, 18.500184767471907, -32.95990999063506, -20.960540993170415, -30.204168338504722, -16.55819816787345, -23.52037691747048}
Generation 7: 275.0 --- {-23.888079029574694, -7.56173314158898, 1.3398260477498045, -3.8798140964998655, -16.507824769498406, -11.287343149826462, -6.926772822911623, 4.1211173433793045, -15.590232934058537, 8.919152770231836, -46.441682134414464, -32.92198103689273, -33.4970038102649, -14.359299308685461, -45.23214425899832}
Generation 8: 500.0 --- {-23.888079029574694, -7.56173314158898, 1.3398260477498045, -3.8798140964998655, -16.507824769498406, -11.287343149826462, -6.926772822911623, 4.1211173433793045, -15.590232934058537, 8.919152770231836, -46.441682134414464, -32.92198103689273, -33.4970038102649, -14.359299308685461, -45.23214425899832}
Generation 9: 181.0 --- {-30.027818844589294, -4.400316149103156, -13.775422959332595, -33.470426766816715, -10.728050992301599, -11.83542681684875, -6.33805353150108, 17.4977270051674, -20.39204360883909, 8.35139849558853, -34.06264077789107, -14.488476039418188, -28.198241929478954, -42.5658668242031, -48.365729972394085}
AVG PERF OVER 50 TRIALS: 355.96
Generation 10: 578.0 --- {-16.839191821689013, -19.596443244224854, 8.390910712906852, 5.918443442417046, -24.68294527115252, 4.177335242590237, -8.1942071082145, 7.569811551431183, -12.477533777892894, 10.497227103995124, -52.7970626495305, -28.522016912847533, -43.6728623792431, -26.14931076848318, -36.886188917860494}
