TETRIS-H20-W10. Noise: (50.0, -0.1)
Generation 1: 9.0 --- {7.217722294266541, -13.574660888830707, -1.984283427838168, 2.7610923244146206, 2.2454932216270387, 1.3711694157160021, 0.45257348351258825, 3.618708967232667, -3.6209914191166876, 9.719276145785393, -15.957415915841635, 14.142503261016754, -10.937916516389787, -4.761013817252431, -5.18141901317008}
Generation 2: 19.0 --- {5.740844477057557, -24.428847963837196, -28.370468360306305, -11.099542304964041, 1.1840979863899581, -14.977943667343355, -16.133322913061214, 4.842698109313879, -16.234989023149154, 9.222759801168475, -34.12411656204361, 32.07346965662646, -27.288371070868745, -12.840584518954923, -20.4215606990631}
Generation 3: 150.0 --- {4.107899823447479, -2.402519806393506, 8.206159141910891, 7.49482190399378, -13.420214954440956, 12.171432600931443, 4.203930736454037, 7.923735350709558, -7.581459207457215, 1.6654752309463277, -13.445944673955985, -14.763903349438257, -15.686623978310617, -16.909258515855683, -0.4791804420997168}
Generation 4: 170.0 --- {26.143051405453743, -46.091375496182835, -7.507723089672551, -4.025173111401745, 0.8565651885131993, 8.841311623553361, -13.990449698391187, 10.246244097080243, -14.91338307737302, 8.877732853916019, -49.067525525573956, 31.748587793926482, -26.717277255711995, -51.89704317217783, -19.933457705165925}
Generation 5: 496.0 --- {26.143051405453743, -46.091375496182835, -7.507723089672551, -4.025173111401745, 0.8565651885131993, 8.841311623553361, -13.990449698391187, 10.246244097080243, -14.91338307737302, 8.877732853916019, -49.067525525573956, 31.748587793926482, -26.717277255711995, -51.89704317217783, -19.933457705165925}
Generation 6: 564.0 --- {22.755834864898198, -28.57671422804347, -18.984321648854152, -6.7191854985038475, -2.8101479861657217, -16.560600375177284, -14.682993502731543, 3.0271017076699698, -8.596068891354724, -0.577932983841265, -21.59496135134812, 5.397586158571567, -34.81353856724483, -24.05410745215241, -20.67070973950513}
Generation 7: 582.0 --- {32.511970265637935, -48.57926392508531, -25.420974422509932, -7.5495440142636046, -16.869531051957473, 1.1587382596347382, -1.793619284657618, 0.6507604575071826, 7.499246818057808, -9.466859391750134, -54.5981254717035, -6.4898324275735035, -20.740585129462996, -59.571154379229384, -33.0217928323879}
Generation 8: 911.0 --- {22.755834864898198, -28.57671422804347, -18.984321648854152, -6.7191854985038475, -2.8101479861657217, -16.560600375177284, -14.682993502731543, 3.0271017076699698, -8.596068891354724, -0.577932983841265, -21.59496135134812, 5.397586158571567, -34.81353856724483, -24.05410745215241, -20.67070973950513}
Generation 9: 881.0 --- {15.558054442539715, -27.139444969348027, -14.3866434510391, -8.61045151992707, -8.029233797796692, 20.5398491719693, 1.1732508606807723, -3.8327285077583326, -20.165139525185555, 15.995653580346394, -48.19251543745725, 23.595386633122274, -48.30748598510738, -31.86213336461399, -25.30416401759326}
AVG PERF OVER 50 TRIALS: 720.78
Generation 10: 3165.0 --- {36.84619856256837, -54.74925081343676, -29.918248273582687, -20.297309928188056, -7.607042538792234, -7.9222465364579335, -5.0366254725422825, -6.909457731267274, -11.302201438932723, -6.424627889195168, -37.23107124783831, -13.731454745893462, -44.57770236091343, -29.626671013080518, -18.738403236535138}
Generation 11: 1483.0 --- {16.944684937201195, -33.705076366110276, -4.192465342361363, -9.700799626319196, -7.6708445120769575, 6.0693681476993655, 20.249379961058526, 21.44391449309225, 8.829378749854095, 13.614334595231819, -51.14899334522993, 20.630040985836676, -33.201751496114, -50.89168733068861, -25.631722955116093}
Generation 12: 3729.0 --- {17.789997230524754, -33.96746958326236, -11.10958389249268, -30.67075578467727, -2.1456632653447647, -12.994307427316091, 16.886733676037917, -2.520922845047437, -0.0848864815121555, -3.4558064915184117, -53.1361017781611, 1.1755302462235666, -41.82579342166751, -39.23823199634434, -13.275564352962903}
Generation 13: 2548.0 --- {35.67692489051643, -49.046498670585514, -8.348962901855787, -17.409956957248188, -13.251348825110364, -2.877213885330077, 11.764878953168402, -4.7209345600306225, -4.488078162389883, -4.03055696865405, -50.47281497832367, -15.391287363220325, -44.712873788461366, -33.16045378276395, -29.02828514676682}
Generation 14: 4115.0 --- {35.67692489051643, -49.046498670585514, -8.348962901855787, -17.409956957248188, -13.251348825110364, -2.877213885330077, 11.764878953168402, -4.7209345600306225, -4.488078162389883, -4.03055696865405, -50.47281497832367, -15.391287363220325, -44.712873788461366, -33.16045378276395, -29.02828514676682}
Generation 15: 2505.0 --- {20.87490227704307, -40.85034752511089, -10.861857683843722, -23.334783226949725, -21.690552099736934, -20.08440685222218, 10.135775163803078, 7.98128792764338, -2.840551766849586, -7.274110830869979, -53.2802678128031, -4.985009506879036, -54.182459187263035, -52.33865476186979, -14.94704256692457}
Generation 16: 3757.0 --- {36.610415349946386, -50.71494948718857, -14.137525839216735, -30.24063811730052, -4.169270942084291, -12.67320624348687, 15.398887477728561, -2.604854596666318, 2.0366977316332164, 11.06535687052532, -69.04632036950403, -9.994311758175357, -39.167265431684406, -46.2125726379992, -13.418183595073273}
Generation 17: 9604.0 --- {26.70668930614948, -49.21512492470467, -5.976613133861105, -30.012026784922554, -13.262891176509317, -13.45443298428905, 17.767915683661222, 5.4727670056248146, 3.2458500185247643, 10.70875356488543, -83.95988801314246, -15.831125926711266, -45.186172210365285, -57.28656035533962, -16.349154102421455}
Generation 18: 36330.0 --- {42.16270262838461, -30.82538234416035, 0.66767603066139, 5.402928706680907, -10.644587745289883, -8.198991849823775, 10.523802270214379, -8.536551111369576, -3.9963702866042725, 8.672308686259333, -57.59388042264175, -46.194880466256436, -55.94317549029116, -48.30941594970112, -19.60900923492539}
Generation 19: 31883.0 --- {10.529398458779262, -45.31241221120877, -2.61947564521262, -17.18495384353387, -18.995458610145576, -10.830118749843631, 20.494383287700636, 5.559909484883709, 12.448231016056374, 0.964071184720507, -80.93804475894916, -11.047134833128464, -48.301134455289464, -50.71698675335223, -20.11958503726358}
AVG PERF OVER 50 TRIALS: 12711.02
Generation 20: 13874.0 --- {22.43152908637085, -36.86575080448047, 4.024676149789186, -3.6273113976387137, -13.142025839766886, -3.0642546711593033, 19.8571187789525, 3.8248783576620866, -13.97946843414902, 7.202406119557057, -71.89861182236409, -20.84190166884992, -48.39573542290683, -54.91850780897934, -12.404224061111035}
Generation 21: 52135.0 --- {23.211271942438962, -45.40950583544442, 10.536975240649639, -14.254239590041596, -13.653287730475306, -19.309163109779895, 8.732850805184833, -10.39816615367198, 12.535604474626863, -7.0819405613578725, -80.24567513227679, 2.70706503681766, -70.06228242310327, -47.00463302438747, -26.63681398767033}
Generation 22: 13822.0 --- {44.78668687257967, -33.08981608254138, 5.7510177659091815, -16.858798778259867, -21.081974155463286, -5.658409515453298, 24.35416842842806, -9.233501187792085, 13.418992113790171, 19.068437747104014, -76.6063175005806, -42.583435165798704, -65.03018378012565, -55.66120024777883, -17.147824263302176}
Generation 23: 63244.0 --- {23.211271942438962, -45.40950583544442, 10.536975240649639, -14.254239590041596, -13.653287730475306, -19.309163109779895, 8.732850805184833, -10.39816615367198, 12.535604474626863, -7.0819405613578725, -80.24567513227679, 2.70706503681766, -70.06228242310327, -47.00463302438747, -26.63681398767033}
Generation 24: 23379.0 --- {10.917894587428616, -43.901239538771605, 2.033905486309444, -19.765634805091903, -16.6807361522147, -9.725929470109849, 6.1424207338467625, -23.241215558882566, 3.614827803776363, 2.061786527235201, -95.11652765647949, -12.285535683676061, -41.980226256224306, -45.90421404745525, -26.187949414624313}
Generation 25: 38615.0 --- {31.05578345218308, -41.73558718011392, 6.941284326398796, -15.76730245995888, -2.0548317181454756, -23.956255161282343, 17.421022241630716, 4.0068187542306966, 11.644184331703858, -5.174667431967846, -84.21812843224426, -6.481655691386602, -71.86690684195413, -52.052786472237166, -23.771294572187823}
Generation 26: 41046.0 --- {15.478763955184583, -34.83922923762441, 3.5900729659136825, -25.620567905112548, -15.766779898298667, -22.08356005599994, 3.0531320409281104, -17.302477492454322, 5.076297519395658, -3.3111532309182987, -107.32705433961758, -30.212293760468263, -53.40946183543017, -41.790565883480014, -22.660340403417493}
Generation 27: 27247.0 --- {4.941306983767964, -23.189384855073435, -19.568744593575683, -3.5340740318850656, -16.611614444659974, -16.90320989847128, 9.89936710621642, -2.425455517040149, 9.408792172845217, 5.193237642114997, -114.14237329458021, -26.646143522448714, -55.83286884417298, -38.214449643703624, -35.15888738678301}
Generation 28: 65292.0 --- {15.478763955184583, -34.83922923762441, 3.5900729659136825, -25.620567905112548, -15.766779898298667, -22.08356005599994, 3.0531320409281104, -17.302477492454322, 5.076297519395658, -3.3111532309182987, -107.32705433961758, -30.212293760468263, -53.40946183543017, -41.790565883480014, -22.660340403417493}
Generation 29: 66091.0 --- {25.741555073571817, -28.620969889887803, 5.46965417545007, -16.99939660238895, -13.464773932785564, 3.869339166173571, 15.391781915183941, 1.4212692634809407, 1.3760470722726805, 14.823854606969796, -99.88138187368357, -9.999180723617254, -56.30719246547416, -43.97662014765049, -28.12723703226286}
AVG PERF OVER 50 TRIALS: 64001.9
Generation 30: 122632.0 --- {21.43909992011029, -23.232577297485328, -4.727525642463567, -18.494580861194496, -10.213130472885485, -14.429292824805723, 1.1089786164496198, -3.1388419491615185, 1.4527852909500303, -1.0355467834730856, -109.20435249575284, -29.207994382412142, -63.47351521129607, -44.15877752841001, -23.633079958284167}
Generation 31: 111573.0 --- {21.43909992011029, -23.232577297485328, -4.727525642463567, -18.494580861194496, -10.213130472885485, -14.429292824805723, 1.1089786164496198, -3.1388419491615185, 1.4527852909500303, -1.0355467834730856, -109.20435249575284, -29.207994382412142, -63.47351521129607, -44.15877752841001, -23.633079958284167}
Generation 32: 35430.0 --- {25.45248457219975, -35.53868896670946, -13.163512603830544, -20.855392873406927, -6.156363178366718, -14.500434964018106, 0.29291039509510153, 0.4982259017260091, -10.091654924108843, 15.744767435754854, -120.16575083547781, -26.10879354295894, -70.49220321118678, -44.853359786063436, -16.026295893420812}
Generation 33: 110539.0 --- {32.46233632942568, -27.24477763184754, -14.033228020911462, -8.756922108373434, -14.668471762143117, -0.9268854718739679, -1.7006779196832857, 1.1351791172105683, -5.627774046100921, -2.6094189501552014, -104.07465978043417, -12.367439098712335, -68.11677713982922, -47.64204424857917, -53.58615817345878}
Generation 34: 103744.0 --- {27.8166429194666, -24.371351242479363, 0.6260406597167201, -9.62335023217, -4.401860452246454, -13.889483987385761, 3.000752384697764, -8.957270642653173, 4.666130170465596, -5.76888289339312, -106.7857205259939, -27.661094253273415, -56.30137005255531, -34.7234304454008, -33.09775821822838}
Generation 35: 106727.0 --- {32.88813007395797, -38.5854083408967, -0.8062230819010665, -3.509909682641907, -22.449212824595946, -6.942597754384055, -14.82876533837487, 3.6409813158608637, -4.8755305584874815, -1.1519079059994846, -105.86232208634928, -29.699942380114383, -69.79152666720229, -18.968839602916447, -43.245033682169264}
Generation 36: 353163.0 --- {27.8166429194666, -24.371351242479363, 0.6260406597167201, -9.62335023217, -4.401860452246454, -13.889483987385761, 3.000752384697764, -8.957270642653173, 4.666130170465596, -5.76888289339312, -106.7857205259939, -27.661094253273415, -56.30137005255531, -34.7234304454008, -33.09775821822838}
Generation 37: 146259.0 --- {27.8166429194666, -24.371351242479363, 0.6260406597167201, -9.62335023217, -4.401860452246454, -13.889483987385761, 3.000752384697764, -8.957270642653173, 4.666130170465596, -5.76888289339312, -106.7857205259939, -27.661094253273415, -56.30137005255531, -34.7234304454008, -33.09775821822838}
Generation 38: 107892.0 --- {27.8166429194666, -24.371351242479363, 0.6260406597167201, -9.62335023217, -4.401860452246454, -13.889483987385761, 3.000752384697764, -8.957270642653173, 4.666130170465596, -5.76888289339312, -106.7857205259939, -27.661094253273415, -56.30137005255531, -34.7234304454008, -33.09775821822838}
Generation 39: 253157.0 --- {27.8166429194666, -24.371351242479363, 0.6260406597167201, -9.62335023217, -4.401860452246454, -13.889483987385761, 3.000752384697764, -8.957270642653173, 4.666130170465596, -5.76888289339312, -106.7857205259939, -27.661094253273415, -56.30137005255531, -34.7234304454008, -33.09775821822838}
AVG PERF OVER 50 TRIALS: 48704.04
Generation 40: 206928.0 --- {40.47500704883585, -34.30294204274748, -12.963380326690999, -5.318868944471467, -3.115446275774196, -22.242911345810462, -11.068282749202107, 2.877158172886605, 1.8526915985220305, -5.435991866704562, -109.40275437033546, -17.143105124070576, -52.80349966741481, -43.00844783596608, -33.943217137614894}
Generation 41: 208695.0 --- {27.93200434523653, -15.616139976619147, -13.86447292180975, -19.18253696321714, 2.3816767622358377, -7.31360890870512, 1.403741026345409, 5.4204110294923415, -11.652346882317541, 5.952017645952438, -102.18090430583322, -34.15554052055231, -61.72298726692961, -41.1951174704331, -46.84390523838796}
Generation 42: 148840.0 --- {27.8166429194666, -24.371351242479363, 0.6260406597167201, -9.62335023217, -4.401860452246454, -13.889483987385761, 3.000752384697764, -8.957270642653173, 4.666130170465596, -5.76888289339312, -106.7857205259939, -27.661094253273415, -56.30137005255531, -34.7234304454008, -33.09775821822838}
Generation 43: 377974.0 --- {27.8166429194666, -24.371351242479363, 0.6260406597167201, -9.62335023217, -4.401860452246454, -13.889483987385761, 3.000752384697764, -8.957270642653173, 4.666130170465596, -5.76888289339312, -106.7857205259939, -27.661094253273415, -56.30137005255531, -34.7234304454008, -33.09775821822838}
Generation 44: 122659.0 --- {31.375921451894552, -37.3686902504714, -19.77559278974259, 4.898541818152827, -18.83067915502579, -9.563139089555836, -2.6641884801056674, -2.0417569212207956, -0.6054216335194195, -2.98491236776071, -98.9036886276285, -28.05714066999206, -64.96665411384924, -39.419447029250755, -20.692835492775654}
Generation 45: 134503.0 --- {27.8166429194666, -24.371351242479363, 0.6260406597167201, -9.62335023217, -4.401860452246454, -13.889483987385761, 3.000752384697764, -8.957270642653173, 4.666130170465596, -5.76888289339312, -106.7857205259939, -27.661094253273415, -56.30137005255531, -34.7234304454008, -33.09775821822838}
Generation 46: 93238.0 --- {24.944542683531242, -19.971563175117133, -9.391713563147228, 0.5210536089670033, -16.611349672960493, -19.90610583455325, 4.566108580503101, -2.049575597805852, 6.220982046320538, -8.697657991382057, -106.96550551672172, -32.69566286116152, -43.402751699566316, -31.837435540014724, -27.233580281654497}
Generation 47: 67645.0 --- {13.515931686094902, -13.58941350214403, -4.267532742410426, -7.069438680681237, -6.184973563105268, -34.38299242492936, 2.5088643511416255, -1.8901818064151819, -11.0031661545914, -11.939906397311013, -101.27078022968607, -44.347446751808086, -69.313062099297, -25.80249113303833, -35.94854762758196}
Generation 48: 159349.0 --- {24.944542683531242, -19.971563175117133, -9.391713563147228, 0.5210536089670033, -16.611349672960493, -19.90610583455325, 4.566108580503101, -2.049575597805852, 6.220982046320538, -8.697657991382057, -106.96550551672172, -32.69566286116152, -43.402751699566316, -31.837435540014724, -27.233580281654497}
Generation 49: 104126.0 --- {35.99180918934469, -25.07004559394271, -2.8754315991205006, -2.171681762047172, -14.069817075241655, -27.325866669321066, -6.915668348783509, 0.30310037685182367, -1.1084762888333073, -17.352949747488672, -96.1931271980105, -39.57164438993617, -75.04473316760212, -25.236497662655097, -30.285379832558352}
AVG PERF OVER 50 TRIALS: 44722.4
Generation 50: 177278.0 --- {35.99180918934469, -25.07004559394271, -2.8754315991205006, -2.171681762047172, -14.069817075241655, -27.325866669321066, -6.915668348783509, 0.30310037685182367, -1.1084762888333073, -17.352949747488672, -96.1931271980105, -39.57164438993617, -75.04473316760212, -25.236497662655097, -30.285379832558352}
