TETRIS-H20-W10. Noise: (50.0, -0.1)
Generation 1: 7.0 --- {7.706932930413454, -3.9057392537482953, -9.299721548756905, -3.1983127199516326, -9.532049695080854, 9.310600163074605, -0.19301386988506478, -8.701732115238816, -11.601748076669551, -9.381130968765747, -4.886773406284674, -10.448401095963034, -7.5152046999447535, -15.423304541917775, 17.50643386404114}
Generation 2: 264.0 --- {3.7805558864320608, -7.100832697226828, -10.851402518589126, -19.631330917453038, -20.679907756822782, 7.126338238073801, -5.088281739300044, -5.010514023639646, 9.215248520677694, -8.713168336672732, -16.079455299205996, 4.853044234927511, -20.085891995199194, -28.23409831125607, 7.8704491284558715}
Generation 3: 130.0 --- {19.07664708532819, -0.8056885789416057, -42.427247584516934, -48.18876059100252, -54.031086449793264, 15.366534923183247, -22.3732723993175, -28.698607456573555, -17.776527339249412, -13.26281784376457, -20.15138481211051, -5.890583024249195, -73.40123154653737, -69.14195103809776, 63.34941387347633}
Generation 4: 111.0 --- {9.573837288575724, -11.995830197831046, -55.91327169584703, -56.783799020953694, -56.02833843184359, 16.02015360829482, -28.00773103220012, -45.25148845518312, 3.392232560533941, -21.811481132272355, -39.68916565831298, 22.536858401518955, -83.80787112538552, -91.48733706442374, 49.028411418003714}
Generation 5: 220.0 --- {9.573837288575724, -11.995830197831046, -55.91327169584703, -56.783799020953694, -56.02833843184359, 16.02015360829482, -28.00773103220012, -45.25148845518312, 3.392232560533941, -21.811481132272355, -39.68916565831298, 22.536858401518955, -83.80787112538552, -91.48733706442374, 49.028411418003714}
Generation 6: 387.0 --- {5.800867798138366, -15.855833376239499, 0.09136464397634114, -31.726454035285503, -32.42456200783034, -0.8926720790718985, -16.095104061370613, -23.2319410524602, -2.0051758762773386, 7.366680758964566, -60.58541999542007, 24.5707941357798, -28.509390524621836, -42.19425382656172, -1.0207758725732603}
Generation 7: 682.0 --- {-1.9786328496731596, -10.84382535186041, -23.43103208994888, -36.72808471322662, -33.259932455629354, 6.147830025928788, -27.767439147445053, -51.56372041615043, 3.8765233317412076, -17.57815317682953, -50.96056302339581, 16.17995702701844, -75.94957221414752, -88.67395839541001, 46.41620786216817}
Generation 8: 384.0 --- {-24.194355566181045, -11.586552426928426, -37.202055473307915, -51.339546299617275, -33.190562798683175, -0.19034736239457217, -15.601757116610255, -40.73596218510596, -13.77882007705034, -28.816855170010513, -28.108092105954334, -0.3256474160442657, -69.76120085711335, -70.52458519027448, 48.14232421687817}
Generation 9: 342.0 --- {30.719008716378514, -5.618245313444528, -49.231135542999525, -48.388593349861516, -29.673020712983057, -0.33338564355833356, -21.016754833038142, -37.74799619618325, -18.659549678585808, -25.625220018573152, -59.90594033830142, 21.964584514232495, -64.00439094362441, -102.22791232608571, 37.34816881316986}
AVG PERF OVER 50 TRIALS: 389.22
Generation 10: 452.0 --- {-26.861120821559567, -19.162028931115035, -39.65066895732169, -56.463534912112166, -30.801630701241454, 0.808689915443348, -19.205433692336044, -42.95490174050648, -10.493717610439854, -17.972502627957734, -22.84454564188196, -3.4962071311412473, -70.49921222881696, -45.92442575989567, 14.109972129147433}
Generation 11: 621.0 --- {-10.68714062617504, -21.13321359064597, -65.05084322738908, -64.7465490403872, -52.797618781055405, -6.694002375269811, -32.15784310242884, -35.51370130503677, -22.68954248972435, -16.80160572341829, -20.037599411250316, -2.5468711010048093, -77.42199737337528, -65.80922560676537, 34.84116669093821}
Generation 12: 549.0 --- {8.098079692559544, -19.656835836479907, -77.41771230124917, -59.645180347930264, -31.577252387410155, 8.445734398317509, -26.498475066548604, -33.404428637222296, -33.070597361927824, -26.25252849620491, -37.382978120500624, -11.699934841983154, -67.50482742399464, -77.78910168258871, 29.863087150416824}
Generation 13: 428.0 --- {-49.22642694816648, -23.64485327104377, -82.14824903300615, -59.8054099491792, -77.62013738159996, -5.415445948757279, -28.05965757844517, -43.507455217598086, -15.559153496902095, -15.21052532760783, -31.81696269211917, 10.56318237571732, -108.39640386869627, -63.78991433384687, 22.483426754299526}
Generation 14: 772.0 --- {-49.22642694816648, -23.64485327104377, -82.14824903300615, -59.8054099491792, -77.62013738159996, -5.415445948757279, -28.05965757844517, -43.507455217598086, -15.559153496902095, -15.21052532760783, -31.81696269211917, 10.56318237571732, -108.39640386869627, -63.78991433384687, 22.483426754299526}
Generation 15: 677.0 --- {31.357171113696985, -19.730870215759168, -32.01815337593155, -47.629674171584966, -4.409659945484826, 13.812833329956113, -28.767321810661706, -33.55028755479525, -20.18071963145283, -50.7704111273258, -33.820908495047604, -26.289310471210428, -73.91388109802247, -85.4322553365385, 42.25345803887785}
Generation 16: 923.0 --- {-20.15272692224898, -10.422107557716322, -63.20589061578067, -61.775292981438064, -34.8705536224827, 14.844850774062266, -21.532909002586088, -30.189037633470942, -24.178319811834694, -14.978298241102879, -14.191654308802281, -2.735940031951517, -74.19673613136153, -54.371225818196564, 18.5546456293928}
Generation 17: 766.0 --- {6.779656083282397, -3.000993737106093, -39.997678000236135, -53.17951790178644, -9.83497537744401, 19.803249858905385, -9.675298453640142, -23.85823495990954, -18.004775468000254, -21.12237586730374, -30.411094573593733, -0.575463782702738, -79.31990551460463, -64.04038427513026, 19.58183684214306}
Generation 18: 4838.0 --- {31.318294592278807, -5.002461150382864, -34.94737355372088, -41.56198087358191, 6.109361982482891, 15.942881265336744, -27.403345132903087, -23.335600307998877, -16.737364679589696, -29.82776416180066, -43.14455349529183, -21.63727872012319, -97.57541019190698, -79.47995648855084, 28.75387647435022}
Generation 19: 1648.0 --- {11.612548055854528, -21.414385948720007, -43.95209806349212, -52.154148983855436, -33.61265650056736, -12.186925099718357, -22.395711914958614, -10.679376119495144, -15.650330095391018, -35.81165033789107, -38.24394544427875, -17.876745806816935, -145.5110592399238, -75.62610244892703, 35.40037625612152}
AVG PERF OVER 50 TRIALS: 700.58
Generation 20: 1558.0 --- {15.65506568802228, 26.183096588151436, -34.83161646105603, -33.34663756383928, -0.24291856351269203, 14.645319014232944, -18.005463239888996, -3.907205482957785, -13.223310237383796, -26.102603430925058, -69.11194479169359, 7.844023564199917, -107.76595297959321, -86.98430926582377, 19.87038421104312}
Generation 21: 2206.0 --- {35.85266676183339, -1.6485920842945632, -48.1972194913028, -28.36941647446014, -20.688022590957093, -6.590943645224308, -25.254549547782435, -12.868072624739337, -20.789694198199694, -33.65249156382675, -46.86928812083173, -11.625971937723161, -134.50524501294865, -81.16118403547522, 22.714106083333736}
Generation 22: 3403.0 --- {35.85266676183339, -1.6485920842945632, -48.1972194913028, -28.36941647446014, -20.688022590957093, -6.590943645224308, -25.254549547782435, -12.868072624739337, -20.789694198199694, -33.65249156382675, -46.86928812083173, -11.625971937723161, -134.50524501294865, -81.16118403547522, 22.714106083333736}
Generation 23: 9118.0 --- {33.33076587477544, 15.082195937055953, -32.562890695458265, -3.0306854627649713, 5.140262605782464, -14.833194116494045, -23.06272923892581, -17.0933877441718, -22.552940585494063, -40.42438978413423, -64.58078000723995, -17.679230636658367, -149.6993324056107, -75.56946856439393, -8.622303005442568}
Generation 24: 6270.0 --- {28.38280861595311, -11.922930365577344, -32.02792703788427, -21.55289023014239, -12.336696054394691, -13.263010596375581, -23.503322657416717, -20.94936240685407, -10.183665783563015, -32.49784677985316, -63.301086833511135, -5.229848473104511, -131.19733521525762, -53.0826001064122, 17.339670980222746}
Generation 25: 8850.0 --- {28.38280861595311, -11.922930365577344, -32.02792703788427, -21.55289023014239, -12.336696054394691, -13.263010596375581, -23.503322657416717, -20.94936240685407, -10.183665783563015, -32.49784677985316, -63.301086833511135, -5.229848473104511, -131.19733521525762, -53.0826001064122, 17.339670980222746}
Generation 26: 12810.0 --- {35.88209751438191, -24.799624176858288, -42.39858713668048, -11.930761533853241, -28.420535278422413, 1.7291815706456912, -14.770643682484046, -9.078152601191697, -16.616694319601887, -22.012900627564797, -53.766364265850456, -5.9899344956006875, -137.15779198830737, -73.6308545730043, -10.960178748015744}
Generation 27: 19600.0 --- {24.81381736949537, -26.227614647290217, -34.889799412922, -23.961860883909537, -13.017162260257386, -5.714534728427939, -8.194052297054577, -17.397836912656935, -11.303051616878864, -35.78593419393368, -70.86188030475776, -11.055001312750036, -128.93115190490587, -64.31146371383242, 4.597957893023213}
Generation 28: 21154.0 --- {24.81381736949537, -26.227614647290217, -34.889799412922, -23.961860883909537, -13.017162260257386, -5.714534728427939, -8.194052297054577, -17.397836912656935, -11.303051616878864, -35.78593419393368, -70.86188030475776, -11.055001312750036, -128.93115190490587, -64.31146371383242, 4.597957893023213}
Generation 29: 10571.0 --- {19.47516596534415, -22.433454193437477, -70.27736666716304, -28.708318045742313, -22.206529971014895, -15.71503691407787, -14.222135477915772, -1.691922640282007, -5.491541978257165, -31.921745190446682, -49.49360394868938, -16.2533667171287, -143.58503786979261, -100.47720007496922, 7.156579384030751}
AVG PERF OVER 50 TRIALS: 11492.38
Generation 30: 22580.0 --- {52.34761979900238, -23.195785214142518, -27.695240119743097, -11.823646193723047, -15.737950485345714, -0.24060317347986881, -20.130272211106828, -27.16473682182177, -13.420401353934132, -24.847789488522626, -68.66934970498872, -9.078472751299868, -142.814195948497, -67.68439482949638, -4.4348003300075405}
Generation 31: 17168.0 --- {36.12979520350123, -35.15436561341462, -17.524982614692217, -11.616699916918064, -30.700062708444097, 5.376676557922268, 3.634293727346396, -7.2703678954879, -20.131587830006175, -22.66950630917085, -70.08432244272095, -19.752709606030407, -131.53067333922928, -72.92402800796692, -20.22404696176959}
Generation 32: 34187.0 --- {33.2339479914571, -25.173942963694667, -5.132320962935456, -41.40130295288476, -32.49719185561857, -36.73063212454533, -12.558557160284806, -27.45381637899463, -19.058815502795184, -51.763125413164, -107.91129629230389, -13.341009782467806, -156.41035309860086, -63.56697620824825, 1.386152978486896}
Generation 33: 21104.0 --- {33.682932363020825, -33.416714111515816, 2.2662213607980775, -60.35320705394962, -26.223056406010162, -29.343844462225956, -5.7890706029080725, -30.616628596623055, -28.323972590022265, -57.23986550290186, -116.05635293870805, -21.531897050501282, -170.39723215377208, -65.64329403225398, -1.3469259046470716}
Generation 34: 23351.0 --- {40.54646333387244, -41.36264089599125, -29.282191852899423, -26.869248811780494, -19.08609299792398, 0.27897425424893996, -5.506455242333262, -14.293338413888536, -23.13287084169211, -20.601626839029038, -71.57347763597069, -22.678465579416613, -146.26089443173933, -76.70891360598391, -14.76332546300507}
Generation 35: 63990.0 --- {34.35610801220868, -46.02357506611833, 13.360058984226576, -35.25001589470457, -39.545518449121246, -17.125051311384418, 13.619484546004557, -28.629125109441283, -20.641587486068257, -41.313366790428866, -103.20148220094154, -25.58848027226337, -145.66600402572365, -64.50457707893683, -6.452906349718086}
Generation 36: 31777.0 --- {40.274745792336525, -47.280641816347966, -18.29004640855651, -24.39121444466416, -25.458713507486102, -23.96678991499764, 12.180490378626835, -29.465181767124253, -23.989175855469277, -30.53006467801825, -98.18360840348372, -17.355253658518635, -144.1317530702403, -69.69472706368592, -10.304664000128097}
Generation 37: 43976.0 --- {35.481898340123195, -31.647641935723577, -16.187498396328472, -44.79566145050637, -1.9517230696819183, -29.76034144719475, -17.90667521028197, -42.689673690094324, -19.62556722256349, -51.859495318987065, -108.2599059726464, -22.77020179962651, -156.18242115323307, -61.863685305002306, -1.9961094581746561}
Generation 38: 72923.0 --- {28.749460945469448, -47.478505636700454, -22.930445506395756, -34.11367464867259, -12.980183419394177, -32.59561217219636, 9.67685264890871, -34.3507209063816, -30.246091674991682, -42.022895124519756, -81.42433459721754, -32.262257033096276, -140.82453822257267, -61.69463727816661, -14.52543643228963}
Generation 39: 17408.0 --- {35.86261202759239, -34.969923243326534, -6.012052634279398, -40.33429203235498, -17.752448768418635, -19.43901524639186, -10.132130384577167, -30.826076620671767, -28.525485919334628, -32.28650120280372, -92.79524300054946, -13.636661295082128, -147.96850511710815, -76.24287202845116, -13.821617772781005}
AVG PERF OVER 50 TRIALS: 7647.94
Generation 40: 40300.0 --- {26.350671341509894, -69.10079347304998, 1.1766013060506957, -43.53044528839864, -21.746938905603056, -22.653049017724957, 15.613798517559138, -54.26812290887179, -32.08194406070595, -30.5002613427183, -94.34282962448592, -12.692269522366125, -151.22391795337887, -84.68618650353635, -15.408170152637444}
