TETRIS-H20-W10. Noise: (50.0, -0.1)
Generation 1: 17.0 --- {-4.054654716341382, 0.18201670606728462, 2.5033061615488643, -0.5074229451369925, -0.038419008095578376, -11.765574050464915, 6.904722494891214, -12.502899034396995, -2.9002592550494413, -4.192259348087264, -4.265748989287703, -16.979702379234748, -1.8645120356449638, -5.702165683182454, -1.2584871214631401}
Generation 2: 27.0 --- {-13.04620808962731, -3.3695558624580624, 21.583387418060745, -14.500614537214513, -7.608300859018436, -19.844388034732738, -2.653423300610602, -36.28288226641761, 4.600364618280226, -9.963243998701307, -20.49905624429594, -32.200113104083954, 1.448146440965024, -16.259114141270025, -3.0823202562553718}
Generation 3: 80.0 --- {9.231901730314814, 4.355288852280487, -8.282118928668444, -7.659622090457125, -1.5027677968828197, -11.478294267614206, -3.913571422875494, -27.75234192591725, -2.1448427186946444, 10.300238096969085, -10.52858648975299, -16.09039497152134, -20.514354870247608, -6.882597350296406, 13.955055750392095}
Generation 4: 123.0 --- {-8.42816519942622, 6.462669155704046, 1.323520403470603, -20.155114572332334, -13.00258754227428, -24.953200762467787, -3.4899650435358174, -55.376413224299746, 3.7999302969411595, -15.744683429076574, -25.083307057193622, -34.51851935865828, -23.37453708720558, -19.836427408238436, 5.8422887150838765}
Generation 5: 295.0 --- {-6.378661664998804, -15.384448088837967, 21.452040525279976, -14.41149767032572, -8.344743067311216, -27.813644906934393, -15.357300920668841, -19.4890508636637, 1.9742796604609985, -26.604116339428394, -45.62999628379224, -24.600806640402105, -33.89256144520728, -25.17175525496434, -0.1757229216758036}
Generation 6: 424.0 --- {-4.396511614985226, -4.5547660394908345, -12.698763192724387, 3.1642562597735537, -9.202406498919974, -5.458268739332274, -22.972154297700406, -28.1617356806749, -16.56861309195026, -29.5344149683822, -52.600330027803764, -18.74280830816747, -56.99577124325017, -18.893430835780922, 0.4294866839928233}
Generation 7: 1462.0 --- {-8.096187764146986, -0.9637652883103538, -9.18345615089186, 2.391844619931055, -10.79922080363666, -4.686197349796295, -17.968914849170062, -31.073761268803153, -11.568373725036121, -2.7546395933063135, -45.39733407801613, -5.642548331190364, -45.88434858205102, -28.468536940509466, -8.056864923266708}
Generation 8: 2381.0 --- {4.6425137727401165, -15.596568817694415, 1.9156272419680027, 4.895806244573052, -12.68517981287648, 1.2193090231537136, -3.4163096867260556, -42.82176077901134, -22.547310520690246, -26.67540178642934, -56.18227579102913, -7.016189188599693, -58.87249408469659, -23.470981037470658, -7.171790933268646}
Generation 9: 2655.0 --- {4.6425137727401165, -15.596568817694415, 1.9156272419680027, 4.895806244573052, -12.68517981287648, 1.2193090231537136, -3.4163096867260556, -42.82176077901134, -22.547310520690246, -26.67540178642934, -56.18227579102913, -7.016189188599693, -58.87249408469659, -23.470981037470658, -7.171790933268646}
AVG PERF OVER 50 TRIALS: 2038.2
Generation 10: 3224.0 --- {4.6425137727401165, -15.596568817694415, 1.9156272419680027, 4.895806244573052, -12.68517981287648, 1.2193090231537136, -3.4163096867260556, -42.82176077901134, -22.547310520690246, -26.67540178642934, -56.18227579102913, -7.016189188599693, -58.87249408469659, -23.470981037470658, -7.171790933268646}
Generation 11: 2613.0 --- {-18.39516365880051, -17.88427778574902, -5.079558392549316, 2.563664647459145, -8.54740781263904, -6.326875202281613, -2.7965431761896324, -27.50515939548833, -27.12122603545082, -48.11913769743992, -67.43964329351701, 27.3097743752361, -79.080626069543, -54.27073336397421, -4.898977658870143}
Generation 12: 46021.0 --- {8.679299840394243, -15.685853103428405, -0.748082875710846, -9.415461736660188, -12.2369850705481, -14.254265765828949, -10.656250130436266, -26.395183862716106, -9.849615928157668, -11.64234701349077, -61.24752556844224, -6.358146535408976, -55.488171449446526, -20.92047425372222, -4.13516709019644}
Generation 13: 24840.0 --- {8.679299840394243, -15.685853103428405, -0.748082875710846, -9.415461736660188, -12.2369850705481, -14.254265765828949, -10.656250130436266, -26.395183862716106, -9.849615928157668, -11.64234701349077, -61.24752556844224, -6.358146535408976, -55.488171449446526, -20.92047425372222, -4.13516709019644}
Generation 14: 14314.0 --- {17.090624515102235, -22.62885018588993, 1.35864517094452, -5.601713235615751, -4.791261676213807, -8.590381634891777, -1.37319327932833, -32.11916561044971, -9.833654681378288, -11.431266636046006, -44.064030149146035, -0.27695647630447073, -50.20693595032263, -25.837228939346844, -18.789770739181915}
Generation 15: 17416.0 --- {5.136163014077801, -17.694588907148287, 6.645623440070567, -10.22375787955455, -23.602209147405432, -16.775734309570392, -14.599324649903505, -26.468790978826462, -23.85169774408902, -33.7081682427651, -67.30985271871289, -30.275979336159008, -62.61795299754901, -17.37567028461588, 1.7033365055517624}
Generation 16: 25781.0 --- {5.136163014077801, -17.694588907148287, 6.645623440070567, -10.22375787955455, -23.602209147405432, -16.775734309570392, -14.599324649903505, -26.468790978826462, -23.85169774408902, -33.7081682427651, -67.30985271871289, -30.275979336159008, -62.61795299754901, -17.37567028461588, 1.7033365055517624}
Generation 17: 29775.0 --- {-3.8336629552147343, -31.565229264646714, -7.944804903926512, -13.152326308209863, -18.736322772776205, -16.77060550870195, -4.021379059425266, -17.235704033136315, -10.20404617067916, -38.81931393714051, -46.27584560661052, -12.57675875453684, -77.19017877632425, -32.42602084353473, -11.98579365573626}
Generation 18: 11959.0 --- {1.6691799736793165, -26.92952999855141, 5.945526609705455, -22.233789484695276, -17.797662099262276, -3.2411217248702453, -11.559683465499845, -38.4847443683501, -21.911467618888892, -31.05805959051649, -52.882228153678625, -8.929926973973405, -67.06114624393834, -23.35106005459169, -7.151926972093269}
Generation 19: 24575.0 --- {12.379417812460922, -20.335493788282378, -9.261310813239124, -2.6900475917914974, 3.55234634286699, -22.11523858955987, -7.407164343688045, -9.606561823392221, -7.55011201169102, -22.549952176487125, -47.655473260883944, -7.989277019880355, -62.33896292975592, -22.585864925438745, -17.294761288931262}
AVG PERF OVER 50 TRIALS: 9096.38
Generation 20: 25126.0 --- {16.254101847115294, -11.98620206400337, 0.8110964218661421, -15.902212546951038, -1.3451835061391453, -21.59818929048675, -1.1067678138674024, -9.522931515442435, -1.6228261246399214, -24.747237429480187, -49.41387352303028, -4.359617883447918, -61.33508020359899, -19.210302069825577, -21.676573669038035}
Generation 21: 19087.0 --- {21.78840513021274, -16.799389909909635, 8.856261202642825, 14.50944904662425, -16.479048117494767, -21.818393818041944, -5.186516201556886, -16.636443736635314, -20.97182949957911, -34.11393617262607, -60.21284726195079, -14.717446674632939, -61.30301795106773, -31.235563375773737, -4.204219924325734}
Generation 22: 16056.0 --- {12.379417812460922, -20.335493788282378, -9.261310813239124, -2.6900475917914974, 3.55234634286699, -22.11523858955987, -7.407164343688045, -9.606561823392221, -7.55011201169102, -22.549952176487125, -47.655473260883944, -7.989277019880355, -62.33896292975592, -22.585864925438745, -17.294761288931262}
Generation 23: 15354.0 --- {15.913217210156043, -20.630719012952607, 13.39973330931976, -0.5763545751273416, -22.38280872460786, -16.866902662439422, 2.562293622473037, -33.476231847494205, -15.876871931546596, -40.02387030013547, -52.36720448827526, -23.061805382106876, -68.4047389450263, -20.507140491458976, -3.445218448570939}
Generation 24: 42905.0 --- {18.25864519921518, -26.274556645940187, -13.663630438751083, 2.3944690018757955, -10.092073578223163, 1.0442620482078517, 4.716127460769807, -8.592699413801528, -8.333788113198977, -13.47179363960064, -48.53828091138497, 5.166601898547793, -64.17305007735584, -25.163469832137814, -38.412333877098405}
Generation 25: 38210.0 --- {18.25864519921518, -26.274556645940187, -13.663630438751083, 2.3944690018757955, -10.092073578223163, 1.0442620482078517, 4.716127460769807, -8.592699413801528, -8.333788113198977, -13.47179363960064, -48.53828091138497, 5.166601898547793, -64.17305007735584, -25.163469832137814, -38.412333877098405}
Generation 26: 16645.0 --- {13.957763798941166, -29.359452046381303, -7.12715934990791, 10.501354991624368, -5.025956819994723, -26.780226745466972, -6.992792509174502, -17.737453269047833, -4.044228780542621, 1.2334724319374466, -59.26873972496277, -21.012716947810528, -67.67904569014155, -35.0164548692139, -2.597155580159658}
Generation 27: 13863.0 --- {6.56122396176344, -38.98292564685127, -25.36092064571745, 3.8635920780997184, -8.577658357768255, -20.635785620395506, -6.009077926484809, -9.38632084742686, -4.024519228475054, 6.929723230629794, -71.80627660313736, -6.62751589922417, -74.55023723179265, -30.709086971187812, -15.266681756849698}
Generation 28: 15471.0 --- {18.25864519921518, -26.274556645940187, -13.663630438751083, 2.3944690018757955, -10.092073578223163, 1.0442620482078517, 4.716127460769807, -8.592699413801528, -8.333788113198977, -13.47179363960064, -48.53828091138497, 5.166601898547793, -64.17305007735584, -25.163469832137814, -38.412333877098405}
Generation 29: 19515.0 --- {27.01481292287663, -33.20654124625512, -2.7455649036842757, 4.5896209919118025, -18.71561690779549, -11.982591685961697, 0.3212014489228636, -8.850461553316723, -6.337110024241472, -37.73827282627212, -77.52917865483545, -22.666176950909882, -66.53403596656432, -38.51131580510733, -21.059577436855182}
AVG PERF OVER 50 TRIALS: 4460.7
Generation 30: 31737.0 --- {20.637730222488333, -18.952198880351887, -0.8840609745213115, 7.5256568941527355, -24.314737574793888, -32.895136855285955, 2.9015704746526865, -18.09381015103397, -24.303851129315383, -37.268829988217036, -86.64828506043686, -31.64203114902474, -66.75381703630401, -45.524315415197975, -18.813670172347226}
Generation 31: 124874.0 --- {27.01481292287663, -33.20654124625512, -2.7455649036842757, 4.5896209919118025, -18.71561690779549, -11.982591685961697, 0.3212014489228636, -8.850461553316723, -6.337110024241472, -37.73827282627212, -77.52917865483545, -22.666176950909882, -66.53403596656432, -38.51131580510733, -21.059577436855182}
Generation 32: 44512.0 --- {38.080536796326825, -39.746238133157775, -20.041005874247002, 8.07764682374062, -1.951989477923533, -24.127206302017044, -19.012809175743023, -11.964025477730997, -12.538141191286305, -35.15996883897425, -98.86947972273873, -28.05325339422343, -80.24000033693879, -55.508309480337616, -21.3817023867729}
Generation 33: 37089.0 --- {40.58848673665894, -37.55451788815628, -22.699108837750142, 6.335154887588932, -6.601928072669497, -26.99433324158617, -5.447709158555044, -23.876413041601225, -16.67226294135274, -26.2604403680333, -102.18584191838052, -27.103996619934307, -69.49491662513054, -45.85286672734051, -11.269993803636693}
Generation 34: 47334.0 --- {37.50375372731578, -35.63595750897669, -8.219827080386699, 11.328889232779712, -13.089412453531114, -8.288816214429646, -6.126604795886229, -2.093631427240595, -12.92247725549201, -38.27293068960718, -105.27036536900235, -31.513057837067304, -69.49597531629918, -64.5170710494078, -31.17733718907386}
Generation 35: 44595.0 --- {37.98335225070854, -22.777677024449165, -5.677108926565127, 18.86614483600347, -9.238303868953782, -1.66890856684104, 3.1386662203239437, -0.6691928486507361, -5.569719028885428, -30.59425043851463, -102.69675635509076, -20.59955477289516, -72.53497516129632, -49.57783520378674, -14.414910888760858}
Generation 36: 66681.0 --- {35.99381035758402, -36.72407937895137, -0.695417813608004, -0.5155269490153387, -0.5317037652883272, -18.266074310856176, -8.384592953677059, -23.207152161195808, -3.385824942751702, -52.513387930115826, -110.40156342706601, -29.6353322090076, -66.87280345311589, -41.82524030530364, -25.763041946579285}
Generation 37: 103155.0 --- {40.58848673665894, -37.55451788815628, -22.699108837750142, 6.335154887588932, -6.601928072669497, -26.99433324158617, -5.447709158555044, -23.876413041601225, -16.67226294135274, -26.2604403680333, -102.18584191838052, -27.103996619934307, -69.49491662513054, -45.85286672734051, -11.269993803636693}
Generation 38: 79685.0 --- {43.21465020346904, -24.40474189772239, -4.023863219325184, 17.129997425806877, -2.618837441612309, -4.826301774587209, -5.96815467293642, -16.456538038789564, -8.010276679013206, -44.67470061877036, -107.17702648388945, -33.747011814282004, -83.051201389201, -42.007975849365195, -29.974290624104214}
Generation 39: 47220.0 --- {29.16147339210133, -38.80710659918637, -21.27320356478873, -13.253784299714512, -8.889368388549489, -26.347361259986684, -6.55732137398723, -33.62028910526647, -1.449227508519499, -14.166373437831833, -102.07651947265724, -24.93288764069255, -74.98195779689502, -53.899398171888144, -8.99041238552616}
AVG PERF OVER 50 TRIALS: 50241.04
Generation 40: 139435.0 --- {39.6140460381533, -36.00042319310845, -9.002018349281578, 3.8303750214806676, 0.9119111910389912, -10.465645582728886, 1.917298019451466, -34.73302637225063, -18.594412247435663, -47.03999874978321, -95.47688147165988, -32.55068698364616, -76.92112583375705, -32.385714452480215, -26.46099848941605}
