TETRIS-H20-W10. Noise: (50.0, -0.1)
Generation 1: 7.0 --- {3.6691406987674213, -4.075160983940609, -11.115774337237019, -6.913020045063336, -21.951151095236476, -6.981611231218644, -22.28165555442903, 2.141866654657028, -7.216291872443351, 7.601438344562586, -10.540237860864606, -0.9393640348341996, -24.243649881819607, 6.185681414578489, 6.626759667849852}
Generation 2: 50.0 --- {1.8809683472258651, -11.635267848684402, -4.718309890014235, 4.05079381987795, -30.41950296847052, -14.329878797709991, -19.729315654475556, -0.7918772494491266, -9.331517983544488, 5.993049421158071, -12.134721453016311, -9.370352613827999, -15.019288328002125, -11.445600766966805, 1.3914948841119132}
Generation 3: 309.0 --- {16.434282094919993, -35.41514185054724, -30.280746123957762, 2.175006367972241, -52.90758161422519, -15.721592372635907, -52.281925471958694, -6.586589943973815, -22.91113275130445, 22.079210613715674, -37.326774262912316, 0.7964794869546505, -56.26490686229693, -21.011441166394846, 3.2399511787986546}
Generation 4: 155.0 --- {29.322748984898922, -42.49532642753525, -43.68229478795278, 6.003607406319481, -71.66957042102398, -17.931669757203057, -72.33972441563907, -30.274109677219162, -4.415000320200377, 33.801783011725234, -53.89038378713087, -11.507729657875513, -93.28198756985168, -51.87928925014626, 9.748855347999804}
Generation 5: 286.0 --- {16.57932423849892, -31.301352057088973, -41.4735272701871, 6.789197893499072, -39.3394752221467, -14.00559774558039, -66.16607824686338, -2.474186541821407, 9.61782850321898, 19.506163663994123, -20.279752906143713, -29.010575249383745, -84.23805007536254, -38.31020638595325, 12.42507219512088}
Generation 6: 1324.0 --- {24.489195928455217, -41.04859573692086, -25.461766491966326, 4.1686720824187855, -49.512368972131014, -16.3972158208325, -58.84871602691919, 2.98402528948435, -20.606033748844084, 10.295014577701847, -48.62806901380391, -13.777806865068646, -74.13828020084023, -36.10334511185587, 2.9407919483030143}
Generation 7: 635.0 --- {27.47599702712962, -40.54279074934107, -23.436336239761136, 4.381655181810237, -62.61916312409746, -10.439704704847072, -60.3553784674058, 8.169901954091117, 8.80728715843302, 21.61746142056328, -48.74787201651229, -27.86797668973159, -107.77101966082657, -42.63745847046585, 9.32059173078707}
Generation 8: 1351.0 --- {31.31016509898933, -47.29103796517771, -40.069006018490754, 3.2230199792027268, -42.451453849448214, -9.798339955002369, -52.09932882524344, 10.902963919551508, -0.9237389104007825, -0.5393007430738805, -29.791854687088758, -21.09102884005552, -101.46115572326883, -56.83125936701839, 25.431577943412933}
Generation 9: 559.0 --- {31.31016509898933, -47.29103796517771, -40.069006018490754, 3.2230199792027268, -42.451453849448214, -9.798339955002369, -52.09932882524344, 10.902963919551508, -0.9237389104007825, -0.5393007430738805, -29.791854687088758, -21.09102884005552, -101.46115572326883, -56.83125936701839, 25.431577943412933}
AVG PERF OVER 50 TRIALS: 833.6
Generation 10: 1502.0 --- {49.246722322319485, -47.414082956112686, -42.291809944750575, -1.1329439804318948, -54.04345368921553, -21.872583745780936, -39.58685451768403, 7.373645550326476, -10.239916767879542, 11.009160429536792, -43.628363249511004, -34.360255523383984, -94.66903153405337, -63.909260254746854, 7.017796757371322}
