TETRIS-H20-W10. Noise: (50.0, -0.1)
Generation 1: 29.0 --- {0.6686344250781846, -5.394630215501905, -5.380144445214422, -11.657548535006299, -4.071858367669116, 0.40797087188990067, -1.3302731171092328, -7.064419336701859, -5.198472849915289, -4.796686014083431, -1.6765268115844811, 17.401409016310726, -2.543493886483654, -9.442364446159973, 4.548445411544319}
Generation 2: 91.0 --- {6.554677059970601, -14.472339672223434, -7.156196319488593, -37.26621469049801, 1.6213960706363397, -5.8563381944607045, -4.805301699755075, -14.710509864253316, -12.374210980688948, -1.8281013966038822, -10.495479517115326, 20.740015245259258, -10.77935546519809, -24.194733870976872, -0.7500408904390716}
Generation 3: 73.0 --- {6.554677059970601, -14.472339672223434, -7.156196319488593, -37.26621469049801, 1.6213960706363397, -5.8563381944607045, -4.805301699755075, -14.710509864253316, -12.374210980688948, -1.8281013966038822, -10.495479517115326, 20.740015245259258, -10.77935546519809, -24.194733870976872, -0.7500408904390716}
Generation 4: 50.0 --- {8.199692053630251, -24.365120322661515, 3.964303920220292, -50.35516473838949, 3.7416631987251883, -3.8334777484701688, -2.0768190434190803, -28.334304022737104, -5.9070849542836275, 6.975762132617995, -15.574560533382545, 42.52478705031177, -4.519096218216083, -48.50765689105023, 9.780883465010245}
Generation 5: 73.0 --- {7.3669792010762665, -23.614079759979198, -10.244948313172033, -15.781287546188096, 1.125998522686599, -10.190283877054753, -10.75235069246737, -15.443649867053596, -13.448822053847202, 0.9389688768438464, -19.505946151821743, 25.484244075870777, -5.270886839427309, -31.993204564705543, 5.046942994668303}
Generation 6: 116.0 --- {7.3669792010762665, -23.614079759979198, -10.244948313172033, -15.781287546188096, 1.125998522686599, -10.190283877054753, -10.75235069246737, -15.443649867053596, -13.448822053847202, 0.9389688768438464, -19.505946151821743, 25.484244075870777, -5.270886839427309, -31.993204564705543, 5.046942994668303}
Generation 7: 127.0 --- {27.925648808314715, -38.957824894556055, -7.63950056430221, -80.07107797894557, -0.3303963892443047, 9.318963344972556, -18.110461809041524, -33.411032663108074, -18.63530660404924, -34.63203381553263, -31.943246361626365, 33.74179756206202, -3.433816839713808, -46.427295578668684, 9.377868339395372}
Generation 8: 228.0 --- {-6.244233883892516, -26.356209210266588, -9.100863266827385, -71.56604761419342, -4.426819492370865, 13.077260832948927, -18.030089294040962, -46.77703831508695, -9.87842175468175, -7.548903420971067, -30.522594392856618, 64.75565566642382, -27.918604306186687, -57.5549471619163, 2.549642328987066}
Generation 9: 169.0 --- {7.098464276639499, -42.38686286257234, -1.4516953026896608, -70.63383136717212, 9.549893693406402, -1.5497466508471902, -24.067743929930103, -30.355243787579866, -16.575880015595295, -23.403266743581714, -50.259914704133536, 25.671667958068177, -26.896586786097323, -53.17871464786602, 1.6732068638405169}
AVG PERF OVER 50 TRIALS: 224.44
Generation 10: 355.0 --- {16.415288901939032, -26.71897962585693, -6.952107773298682, -70.39863458848221, 15.900093625350893, 8.856135305148914, -11.64395724623727, -32.83815882978483, -16.527581144137315, -35.8423239881497, -77.42850420275043, 34.56087160656863, -32.03950740886142, -61.817149127694336, 1.4929860307833418}
