TETRIS-H20-W10. Noise: (50.0, -0.1)
Generation 1: 6.0 --- {-12.68706427599181, -2.4639274789514163, -0.8087207000347303, -4.915464767414262, -8.889394867128528, 1.0100694910887869, 31.30619367655902, 3.8358198691421346, 0.7109062888610628, -6.444628773901338, -22.115336217024044, 16.662453883535477, 14.338304730142994, -4.517554063022557, -17.102719820092926}
Generation 2: 8.0 --- {-11.037543552830252, -25.08907952170256, 2.3802253644539717, -21.675434301851062, -16.995986203184096, -20.133818592843635, 28.34141709543841, 9.47332418269297, 4.424597961615824, -11.909708758190462, -18.78132075433754, 16.256084858044012, 11.639446139504548, -12.985676280568093, -10.119068398897586}
Generation 3: 13.0 --- {-12.386304448461438, -4.473758782641156, -4.624422952958171, -5.002837048299524, 0.5832398817506972, -3.3541249067598713, 44.48144028905864, 7.89570628805246, 4.111104435596681, -17.842772169834483, -14.205357582330508, 0.29025372568382846, 6.674510382355856, -22.10144538804387, -23.80562685150816}
Generation 4: 17.0 --- {-18.130960565610312, -12.350143099737917, -45.348244020891194, -8.462022516207657, -9.943609548126453, -7.128424348998939, 34.99960841118303, 4.458440961064626, -3.6576962232004107, 8.995316399500739, -19.283668306745458, 11.265205407825578, 4.9365774721489535, -21.41758910717012, -53.71974437051851}
Generation 5: 14.0 --- {-14.771795661687278, 2.127439603123644, -16.04225990306103, -14.712557833641094, -15.772751888686638, -20.075502417275025, 19.01369985844325, 0.1942860743923127, 2.236333709450334, 2.796937169547057, -13.072257143261938, 20.13324142604489, -17.538361103680714, -7.652826571249008, -13.604633401787332}
Generation 6: 16.0 --- {-13.308997027902699, -29.37059135279865, -50.82275151026298, -23.06958588212231, -36.01282366797001, -7.941093679081085, 57.79651045795561, 10.927789764861854, 12.376087267276311, -39.26677655968612, -36.25131282899113, 1.2289259086913358, -9.981515346918684, -67.39139158596066, -52.984881360515764}
Generation 7: 122.0 --- {-45.414572960922285, -35.34191485868841, -35.72122477482393, -24.462820694684144, -47.81382597201173, -47.88678893840713, 40.42006923952375, -2.2188359368216393, 13.126100338336768, 1.5084936163212603, -44.31053223154264, 35.934566366475096, -27.678537502473624, -58.24712329611093, -47.59866024269808}
Generation 8: 90.0 --- {-58.10315776165072, -14.027832141590254, -35.12104222651654, -28.072593034442335, -49.23399170293192, -66.96867054857557, 45.70687109266509, -15.816324656316796, 14.287844643035726, 4.5081568568777595, -49.0748406922246, 19.659214593631866, -19.71152932913434, -70.68697815611253, -59.33036072634462}
Generation 9: 132.0 --- {-35.09309404838753, -19.716890940595363, -19.586632774714644, -21.629596489521, -36.24909081515319, -30.954407074943624, 22.598635593563106, -9.670422598970756, 12.013905240463593, -0.29354858269237827, -38.36168664774108, 33.57677364920649, -31.962063237431302, -45.03306820418443, -37.72607010180601}
AVG PERF OVER 50 TRIALS: 71.88
Generation 10: 192.0 --- {-35.09309404838753, -19.716890940595363, -19.586632774714644, -21.629596489521, -36.24909081515319, -30.954407074943624, 22.598635593563106, -9.670422598970756, 12.013905240463593, -0.29354858269237827, -38.36168664774108, 33.57677364920649, -31.962063237431302, -45.03306820418443, -37.72607010180601}
