TETRIS-H20-W10. Noise: (50.0, -0.1)
Generation 1: 3.0 --- {-0.788640112796164, 2.0035147943236393, -8.175135093920424, -16.593835236815142, 10.643337519021046, -0.222376424789479, -17.638637795557273, 4.981304463845019, 15.3889186771761, 18.04970017168108, -1.9147017138893205, 0.26825385153839293, -21.315030488832377, -4.302528853371759, 7.56461246526423}
Generation 2: 24.0 --- {-9.42152382585233, -12.142931627411366, -26.10838698582384, -6.592109277061068, 0.915729149327106, -15.574726882177291, -11.869423320226517, 4.05643426332948, 11.332718190004316, 3.5647517149176142, -5.866773188520522, -11.052477080448194, -42.66777121401432, -2.7495357306713744, -5.048486034165055}
Generation 3: 172.0 --- {-18.402337692051766, -11.68283286629511, -17.95452990792453, -10.01879226261562, -3.354621083734709, -24.975681326379558, -15.733752446743226, -4.07473685955265, 3.910389489082646, -3.2457204451866333, -15.66611733976077, -17.03982209907449, -62.00105997158183, -8.150440816753393, 2.088024090248725}
Generation 4: 301.0 --- {-50.498490715950844, -67.24323671733852, -39.15204883934431, -19.46066514058112, -37.23791626682052, -56.48012893286149, -59.42448060413237, -26.694425984620295, -11.898583710743598, -0.6944732211594628, -45.081563393636884, -28.78971610329856, -180.16381470806363, -18.822968518075747, 15.018254392099543}
Generation 5: 361.0 --- {-53.318134289246345, -68.03365035797238, -43.779674581828466, -19.186129971906105, -36.94557244359824, -72.87022450593261, -73.36974063618274, -43.54746666361147, -7.328876332867633, -16.743269942652724, -89.3579661146875, -28.742805984242008, -212.76372359374568, -24.543587989654707, 42.56294876205616}
Generation 6: 324.0 --- {-45.512394709812455, -42.60867065485629, -26.9356718032731, -16.37274123628219, -40.48544651450253, -67.83187913253909, -65.03107350121286, -28.568975821660523, 3.8894355544534456, -13.061929816547178, -69.95409916451169, -26.907564092056525, -171.36842052392646, -26.18441377313348, 29.784885305547487}
Generation 7: 765.0 --- {-38.12733943687575, -48.33570249733037, -44.16562347365925, -13.54125521888328, -51.89483567608788, -73.99074500308961, -69.684265375902, -37.896514926456994, 2.3442796817613516, -18.92723588398474, -78.56481937101654, -38.85055252685605, -193.1704739595165, -29.17382127008567, 32.538720342747624}
Generation 8: 822.0 --- {-31.90372056123184, -27.572847726013297, -25.52007677240216, -27.30726743639264, -24.00685758904569, -62.91874751900232, -69.36726452852733, -54.67514215179584, -30.068434462359573, -9.303170639149988, -55.171743587087576, -16.807998367912376, -186.20518613587726, -39.703740658812315, 16.385791225889108}
Generation 9: 1236.0 --- {-21.52503565997366, -30.832238370377677, -29.720855054981747, -5.529434519172472, -32.66049312444122, -62.15987859935776, -53.42073325082101, -33.039444175715104, -12.116879786358156, -15.204237357556675, -41.144817366301815, -34.988954520253, -127.63652683498685, -18.294602416913555, 16.41579738841755}
AVG PERF OVER 50 TRIALS: 544.42
Generation 10: 1731.0 --- {-17.74580600213213, -51.79589647525966, -14.54897673975167, -13.73337315157735, -12.876054554718348, -57.2612230129999, -52.20921707525537, -49.63718742532464, -1.8677094499840265, -9.525159031214631, -42.958487675016926, -54.015232940799635, -146.3309907991532, -47.402882483794585, 16.361041954189858}
