TETRIS-H20-W10. Noise: (50.0, -0.1)
Generation 1: 8.0 --- {9.814157833676415, -12.870059513743332, 5.50446709263789, 4.7838109202908345, -1.7453904423475928, -22.967494388968905, -3.1719960116339245, -20.650076710961727, 9.481420794971697, -13.26485647367644, -19.929296685162583, 8.491301248528089, 7.054382777423771, -15.857811146639268, 3.3562789388399334}
Generation 2: 23.0 --- {7.114873102343928, -7.665628827392574, 2.7137368299969054, -1.1722205828114909, -11.255682556021302, -17.916240184534512, -3.144914840106515, 11.439447106729801, -11.427360396411995, 15.259609796954997, -6.534497521414284, -7.019463050697488, -12.332003279138771, -16.602977490960733, 7.121798975554253}
Generation 3: 25.0 --- {7.114873102343928, -7.665628827392574, 2.7137368299969054, -1.1722205828114909, -11.255682556021302, -17.916240184534512, -3.144914840106515, 11.439447106729801, -11.427360396411995, 15.259609796954997, -6.534497521414284, -7.019463050697488, -12.332003279138771, -16.602977490960733, 7.121798975554253}
Generation 4: 71.0 --- {15.043243095414901, -16.60003844653695, -31.107879798503905, -7.20816513276288, -8.3013730607334, -27.218031875612276, -8.463949334421727, -10.118458634123453, 2.602447787894217, 4.027295079697651, -23.6150641563304, 0.7105086248522985, -6.700581864348098, -18.810626024554082, 1.3155747631273678}
Generation 5: 65.0 --- {23.946806877237357, -28.533366918011097, -35.93745421029275, -9.059900685439782, -7.147895366423348, -30.524025209198395, -16.326745540599852, -53.77997899862708, -8.718297698460757, 15.333097675252565, -44.24409769000481, -3.347605829084351, 6.538634579032873, -46.78300695168157, 6.6424502392171}
Generation 6: 61.0 --- {15.043243095414901, -16.60003844653695, -31.107879798503905, -7.20816513276288, -8.3013730607334, -27.218031875612276, -8.463949334421727, -10.118458634123453, 2.602447787894217, 4.027295079697651, -23.6150641563304, 0.7105086248522985, -6.700581864348098, -18.810626024554082, 1.3155747631273678}
Generation 7: 142.0 --- {14.494309193062243, -29.492209250904487, -20.37935196495814, 1.572499711062175, -28.09431031175981, -48.33351338358413, -33.29931899963506, 2.7029297224172666, 8.990332521448682, -7.367867865818476, -45.95921806741184, 10.01863399861115, -33.90285929950454, -30.976549010469583, 19.93632017705213}
Generation 8: 135.0 --- {4.035930559334108, -9.016595861423394, -23.48281085267869, -11.920214358269298, -33.192753149249164, -30.31776093295833, -5.11154689892917, 4.223942018117869, 2.6691529768558437, 7.317992404394672, -11.740614464717108, -5.502986082403901, -27.075316660498622, -20.571126807687993, 13.761194640585177}
Generation 9: 400.0 --- {4.035930559334108, -9.016595861423394, -23.48281085267869, -11.920214358269298, -33.192753149249164, -30.31776093295833, -5.11154689892917, 4.223942018117869, 2.6691529768558437, 7.317992404394672, -11.740614464717108, -5.502986082403901, -27.075316660498622, -20.571126807687993, 13.761194640585177}
AVG PERF OVER 50 TRIALS: 75.2
Generation 10: 172.0 --- {20.034788710661275, -31.873430309139163, -43.82897576494433, -31.070130724948243, 17.29526067101329, -26.616827792021688, -10.958522973705849, -37.29630782565916, 11.763014162448055, 17.818055503508, -67.62691739948768, -14.208538223906771, -17.443767361279022, -51.17399816627714, 15.214529445209987}
