TETRIS-H20-W10. Noise: (50.0, -0.1)
Generation 1: 50.0 --- {-0.13385689883713628, -2.4513727792822415, 0.5546472078385805, -7.426145715123143, -4.001698489810272, 11.996010566666882, 3.844450859535952, -6.895947161884553, -6.770923696406693, 2.7831935323955745, -4.859349345600985, -10.932676910826999, -0.7311758870764752, -9.690703054792975, -7.429340397013057}
Generation 2: 88.0 --- {-8.75594725316077, -0.8770870170332907, -11.955060127383348, -24.412990156995583, -2.9707527496058406, 11.742346261656527, 9.463896128447955, -15.227574110247334, -11.787359197386877, -5.802698144323159, -21.150791119538834, -15.665140641597889, -6.4978798492793315, -20.184877043826752, -20.928076887076458}
Generation 3: 70.0 --- {-3.8904855383123245, 8.85541028377283, -3.811384428039845, -17.723315667582572, -14.535926534071029, 22.715778145179435, 3.0515158548994306, -14.942361009478681, -24.3080874823447, 10.937789293336479, -19.29116349306325, -30.968882396979517, -8.69258765259952, -31.5190118136611, -20.422241633011275}
Generation 4: 148.0 --- {6.295952148394562, 4.3175781126947195, 13.580103321585556, -36.171075791891035, -12.088631861915058, 44.77749922709356, 26.69286053521592, -25.496768813124316, -43.849544693403914, 11.671155279781988, -31.604794408633477, -37.11613463136512, -27.462480629194346, -63.274545853590304, -26.836697201435147}
Generation 5: 106.0 --- {-16.671365864852767, -0.3712209210480548, 16.904258281385353, -53.0547271030608, -28.660604377848948, 38.85077891496137, 37.21060839684413, -24.643120425379966, -22.978894751927353, 10.892730997448048, -32.27597542845598, -35.449948097580815, -12.291533233369053, -69.39566329742871, -35.56606629416451}
Generation 6: 211.0 --- {-6.827187649805487, -10.221671146244217, 12.944132797405295, -26.76900154590969, -17.14823291756343, 37.049801675580085, 62.57025245702997, -37.55032531866219, -52.19050869914898, 6.115758528514026, -46.658876606230315, -34.60127528158407, -57.395815424773474, -80.99182565069083, -25.135532376833076}
Generation 7: 161.0 --- {2.4923641067244042, -1.329423939206599, 8.048399879335282, -25.89913983611103, -31.151225492381187, 40.8190926888138, 41.99484897939158, -40.970376742248135, -26.250869629097533, 3.5776372212594447, -48.52571063898212, -43.671333808670326, -20.482835933092765, -73.7717044466105, -28.422183864397944}
Generation 8: 255.0 --- {1.2810403185498247, -16.804973096313724, 23.200420879048092, -29.10762425172579, -26.288233454645244, 31.20850858240817, 53.38746890356708, -36.15861301527267, -33.428702281529716, 4.030126758864299, -46.730699471534095, -42.84823275760988, -37.560488933294444, -92.25287545418968, -18.161172648966065}
Generation 9: 337.0 --- {-10.049781433596568, -24.205910262591605, 27.292815884954088, -45.84931012968262, -23.784119572022632, 2.379294638271652, 63.13031922320461, -22.578931653958527, -29.217996312574954, -18.51178142787117, -44.7737488930849, -27.92788331548815, -57.101051091601576, -90.77242003197203, -22.856635186240915}
AVG PERF OVER 50 TRIALS: 188.12
Generation 10: 463.0 --- {-18.90835453056239, -22.545181436279186, 25.864214134985346, 1.106174574605756, -41.83768161750813, 23.05547317863563, 63.96141083107479, -18.6772629515513, -28.797582228123648, -36.78098654940919, -55.319684057933564, -22.669280656820497, -63.542852478142095, -87.20450168923847, -23.960394400991124}
Generation 11: 460.0 --- {-27.28322717971036, -9.692939888236998, 22.288204938013962, -27.1239240486901, -15.342592246156931, 12.801562696162012, 59.14716007573368, 4.909442285444754, -40.49551436892153, -13.323400654448971, -60.34420833691775, -44.010155048763686, -79.08010063701911, -74.65915677890054, -9.528253980600208}
Generation 12: 2007.0 --- {-15.90105091967969, -13.291178945257192, 17.668275524092337, -30.825976034617128, -18.024517394784624, 20.098256666905918, 51.83290590627, -1.8275049196459001, -29.827517882411737, -18.657599766568733, -63.704960681752546, -34.22314875120791, -76.56489784318956, -85.53194588113523, -12.434628996860173}
Generation 13: 4106.0 --- {3.022869950127834, -14.846226421808758, 29.032280081165492, -16.49184442518353, -18.22602479635088, 23.037975164220008, 50.30959783795187, -23.103203423334165, -30.426860386584757, -45.48466427561439, -74.92782553211539, -24.81656332941641, -86.39990140588611, -85.14158417011002, -27.55169311842812}
Generation 14: 1938.0 --- {-12.131223916739954, -32.19158172127006, 29.12629700675265, -19.84977860938523, -28.974428548964134, 28.617688696283047, 47.24101147747538, -20.463863469557705, -37.445751300833244, -41.66137246863704, -85.25947114278173, -22.799883212970997, -104.5139895262888, -83.495911924363, -23.909504040154978}
Generation 15: 1515.0 --- {4.138130801118723, -15.690548715086445, 35.134945396149924, -21.07202210999457, -21.17489101620231, 31.671599764265405, 38.042406151669766, -41.39885394560817, -42.31908987096026, -64.65457120282531, -87.07038963315739, -12.52847303087092, -86.95331395129195, -77.6925023863656, -10.898737292807894}
Generation 16: 1281.0 --- {4.138130801118723, -15.690548715086445, 35.134945396149924, -21.07202210999457, -21.17489101620231, 31.671599764265405, 38.042406151669766, -41.39885394560817, -42.31908987096026, -64.65457120282531, -87.07038963315739, -12.52847303087092, -86.95331395129195, -77.6925023863656, -10.898737292807894}
Generation 17: 1554.0 --- {8.503033512180547, -14.964623531711618, 28.989367991110782, -22.96056621694692, -23.4969622325467, 33.72189936141055, 41.6649262108238, -43.61699789738947, -34.451360653835316, -58.78107692887185, -83.3835473447553, -9.427094466702398, -80.78442007186787, -104.99137225366727, -14.530858898070019}
Generation 18: 1986.0 --- {-15.277196521857707, -4.346268335504586, 7.043558441845384, -17.665702976421652, -31.808959339610116, 23.845251687501175, 50.929244282908115, -34.455529541917514, -16.851176063571565, -40.02159268715206, -71.9236224226484, -27.268992803391143, -104.41199102705792, -98.96379600123238, -12.069227746718841}
Generation 19: 7294.0 --- {13.804204499945273, -25.328746438630084, 22.028068113398945, -24.527945221599406, -24.849898964196278, 42.22818268070593, 51.078025582118634, -41.82307788915153, -30.926802008766696, -48.449585693780605, -95.32061443129368, -36.90300593262798, -118.0801688888574, -94.72317690621192, -33.23541708050648}
AVG PERF OVER 50 TRIALS: 610.78
Generation 20: 3776.0 --- {1.4934898827763243, -15.974643095389673, 15.69878199107479, -27.21023005347833, -29.407486096864734, 30.429198342340047, 52.205471309961396, -51.869742852431756, -30.68755765105917, -66.42408985728912, -91.43042047694199, -11.871975205167775, -122.32521262821385, -100.52141110407176, -17.469409749174243}
Generation 21: 12118.0 --- {18.815009581427436, -40.07795828325776, 17.470409369606735, -27.509586952911597, -17.0107093482621, 29.849647701435682, 49.080185804321395, -51.17474212054908, -22.32692621053344, -50.8079609849933, -90.9792669232615, -29.451211194672197, -123.92201917783213, -103.8333424577213, -22.906619658194746}
Generation 22: 3817.0 --- {26.75896149003535, -35.357752218888585, -4.565137164579012, 6.484119382912528, -21.264204896713316, 57.42039309804174, 32.67210326542297, -24.47232014327513, -40.83942231501447, -38.167069517897, -109.58020870512013, -54.89907045177337, -125.28259644094142, -71.27253666284378, -55.12108446993072}
Generation 23: 6990.0 --- {26.597782535052445, -51.026029942870096, -1.0935292112077963, -11.017276736597585, -12.189942779131343, 19.25855054974699, 39.705791215973605, -52.21034040474536, -19.15134563997899, -60.83521095472478, -111.80207196121853, -39.972943958379965, -115.85657234136205, -74.88302600448272, -29.51815261090977}
Generation 24: 15261.0 --- {26.597782535052445, -51.026029942870096, -1.0935292112077963, -11.017276736597585, -12.189942779131343, 19.25855054974699, 39.705791215973605, -52.21034040474536, -19.15134563997899, -60.83521095472478, -111.80207196121853, -39.972943958379965, -115.85657234136205, -74.88302600448272, -29.51815261090977}
Generation 25: 22691.0 --- {45.03750052903608, -40.6940093264422, 13.032492083716463, -13.936209841101997, -33.26205960949865, 31.39726049849343, 35.92889911364398, -42.079332546661234, -10.426662590391851, -15.665583831219116, -122.65583947673468, -44.039962003643446, -121.42625944230554, -89.34315619712802, -48.132215580454485}
Generation 26: 20636.0 --- {34.52719534435294, -56.51191142087869, 12.351285304038358, -12.448216587227618, -34.86933066348098, 30.84342270139826, 34.79051945805918, -44.363627953306164, -0.24126107951614273, -40.4828068949525, -128.01818356492157, -41.383632814352296, -140.9169385597417, -87.35957738461506, -30.727565180848085}
Generation 27: 15998.0 --- {49.27615074559124, -49.47255654365915, 6.522838651378789, -19.879949816154475, -23.068061220819484, 10.531164749362585, 36.67057693585967, -67.11106456467775, -9.029882290216722, -40.96537912348627, -129.38380808272433, -48.229080470607116, -112.35653026917214, -86.83486115663854, -47.56057821202294}
Generation 28: 24084.0 --- {48.21617034365729, -56.32764024187955, 12.003373887055023, -45.95060873316019, -8.595741072229956, 10.9717219858846, 26.89096018672919, -62.795353969943505, 3.409639469767164, -47.84201327179508, -137.7510667740857, -32.56132444327311, -132.3107056524711, -81.7908985519951, -26.210311408278006}
Generation 29: 25992.0 --- {36.345329154213054, -63.47155556774803, 14.586476480254909, -27.04217708674868, 1.4821041744305496, 13.987007669928543, 29.601985669514775, -49.1996700318873, -6.975077567946173, -62.02241006221023, -124.1923170640957, -37.642341288061374, -140.03520953958952, -85.89057376717548, -15.301259823550453}
AVG PERF OVER 50 TRIALS: 15319.5
Generation 30: 24538.0 --- {30.827081581777765, -54.24111259813933, 6.091379756384871, -35.95106107608587, -0.1136782677648549, 17.932160966183407, 44.2845498691956, -35.44414862664232, -20.335033993514912, -49.738971002353814, -122.82768778584435, -38.60603999715044, -143.61184900958983, -88.9695467174005, -31.71135228760356}
Generation 31: 17733.0 --- {41.96055467584122, -43.87369528132355, 7.20564654598912, -25.555957490119614, -8.035949182330349, 40.01672279970303, 42.43993674695566, -12.828468278538828, -24.478475200489076, -48.15660308887522, -131.17755308958482, -69.5927063803295, -148.4231626115446, -95.62841479099507, -19.96767451702887}
Generation 32: 11952.0 --- {34.38271012862001, -56.06944158045622, 8.666950790688077, -35.771575468415485, -12.588276209886292, 14.931901305738515, 30.833916988496128, -41.98630645936229, -6.531269035139891, -46.32859671958246, -125.22770731713429, -41.92959479044636, -124.48284879024371, -88.13785999013653, -15.21340637126812}
Generation 33: 31463.0 --- {34.51605846757799, -56.4131447903815, -4.8896942382795885, -36.380384431329816, -9.841016411744148, 8.967345791716436, 32.10290499281871, -34.935844680382914, -17.29322399854078, -63.1612764809556, -130.4193569943248, -48.04625864969258, -154.4490661344455, -68.95650826207472, -35.370291090402375}
Generation 34: 35376.0 --- {22.456569425952765, -52.30688540196162, -37.97168310571806, -46.26844494675288, -12.76290265605776, 10.909327406845437, 21.636049514842895, -33.12045252981252, 8.61465887528011, -42.48359112277365, -137.16896476886666, -26.848853796054726, -135.49507709346935, -73.36807076437594, -45.663928282710074}
Generation 35: 41886.0 --- {35.624282547184194, -43.45715995267324, -8.239541799449485, -46.7544448261598, -16.90000134500319, 17.763706630188125, 37.055813634335124, -8.433622416998123, 6.929317336032369, -37.68031167740281, -132.4759722438452, -54.98536842617912, -124.92125634856542, -108.27017793358706, -19.136012203384578}
Generation 36: 70497.0 --- {37.230206355942286, -41.192523204579, -13.838341335753137, -29.360869348053328, -5.55037345151141, 3.5897427262368105, 26.030057985923264, -32.53400296818877, -3.347719061475525, -53.74420753803902, -135.9849332214165, -29.00390363650633, -133.85750591662818, -70.23865360879101, -24.50375465655287}
Generation 37: 45911.0 --- {37.230206355942286, -41.192523204579, -13.838341335753137, -29.360869348053328, -5.55037345151141, 3.5897427262368105, 26.030057985923264, -32.53400296818877, -3.347719061475525, -53.74420753803902, -135.9849332214165, -29.00390363650633, -133.85750591662818, -70.23865360879101, -24.50375465655287}
Generation 38: 54218.0 --- {39.01338538254673, -42.67339409619893, -12.30493653998629, -26.772077847052717, -14.809730485698879, 15.800934541269307, 11.557524967928384, -6.4591325337133, 10.015821438415767, -60.44870709819102, -144.34741624544287, -37.5557211131939, -132.24352169528737, -74.83524146350989, -28.304810600522966}
Generation 39: 66244.0 --- {25.471812022200634, -46.80169264528523, -13.67598987336367, -42.74824008210785, 2.9029023438930253, 12.535496404412687, 32.738264522275756, -17.15831061176835, -9.954667579953988, -51.239231211383064, -135.37027838383085, -59.66100540793349, -140.57846827996713, -78.41500864109454, -31.25691404119703}
AVG PERF OVER 50 TRIALS: 20096.66
Generation 40: 39741.0 --- {44.30829669170902, -36.89969558072759, -24.494576197572464, -37.886778438285155, 4.679597025674822, 15.192827174529807, 19.465156088394213, 6.422738759665334, 0.6481276345127553, -56.26271201173562, -141.31022598855085, -59.01184640828219, -104.16274119991499, -100.26038370760784, -16.073689692931076}
