TETRIS-H20-W10. Noise: (50.0, -0.1)
Generation 1: 6.0 --- {-6.529449821772811, -10.449790679574612, -20.460046885552735, -17.80891172139882, -1.9767969944486934, 3.095129026913673, 6.002078037122983, 8.37993307964021, 16.85693219854701, 2.5375326822044526, -5.832210022650636, -4.213654286919378, 16.195504311777665, -6.190691320356535, -10.538692711784023}
Generation 2: 6.0 --- {-13.04433385870674, -6.035096092473481, 4.114818213990613, -7.6333231167195805, 8.351757330605373, -19.490923354195836, 1.733296755298353, -6.694767709758077, 20.533721450420153, -9.716812258369261, -6.262577081877132, 3.2599067771687245, 7.655377312184289, -13.0263971031337, -1.8003571367297875}
Generation 3: 4.0 --- {25.549954203096807, -15.212394613725188, -10.749623920704483, -17.02034667285347, 29.310152688796855, -27.404359064067613, 23.30316144329015, -18.771241570390725, 36.944102884848654, 19.574259631311378, -20.991260560942187, -15.406914934074997, 11.63894473572401, -24.03434127135214, -6.582564670234624}
Generation 4: 14.0 --- {21.844062759914678, -26.67852716368833, -60.871859076507704, -42.28617954122366, 4.803847814373484, 18.8436032442997, -12.31759892934361, -18.548423148733868, 17.141344264097924, 22.846897434424683, -12.130220945754875, -34.929504254213704, 25.621223478948366, -24.342114399131912, -12.67938197251224}
Generation 5: 16.0 --- {17.53268860042875, -28.499481866253184, -26.513730537997287, -15.980973723186953, 3.402458919225185, -16.63587034973031, 4.848194564808893, -5.004491380643601, 12.932076468519252, 19.838918723112922, -19.78415607323248, -9.31948716909315, 14.378348520708588, -12.462076499103178, -22.778918198554233}
Generation 6: 17.0 --- {16.725321560165252, -7.679104055233777, -68.45357373193087, -27.57418099584884, -0.3581122982326592, 23.192261958438515, -6.94472985992531, -27.615283762441862, 19.4060337227449, 27.90594162013054, -11.417322176343836, -20.867711103403877, 10.555476572243165, -39.509756781378684, -27.521817461913457}
Generation 7: 23.0 --- {21.658605973943438, -30.776798235447295, -59.867001532236635, -28.47581038968918, -2.7629512434650425, 24.310705132777144, 15.528892246402963, -12.192538649342266, 1.4943728576296706, 20.644505766178398, -35.06629808563027, -22.859749291222723, 6.959193869082428, -49.37890650123576, -30.537702785345665}
Generation 8: 67.0 --- {18.77009548048895, -35.39779739082839, -45.35304618046956, -15.160006387826318, -14.072408973956755, -2.7183272999750177, -7.809392717121193, -2.503104336389809, 20.57598135109879, 19.025607814213497, -42.331128532830185, -38.706118981232564, 2.004498096285447, -57.77427593217199, -4.655197077641798}
Generation 9: 191.0 --- {18.77009548048895, -35.39779739082839, -45.35304618046956, -15.160006387826318, -14.072408973956755, -2.7183272999750177, -7.809392717121193, -2.503104336389809, 20.57598135109879, 19.025607814213497, -42.331128532830185, -38.706118981232564, 2.004498096285447, -57.77427593217199, -4.655197077641798}
AVG PERF OVER 50 TRIALS: 170.42
Generation 10: 219.0 --- {40.12770176422623, -48.80246320907862, -74.77972618381636, -20.211656663256502, -16.224068574584113, 10.414209686858054, 10.13222586188562, 10.401563637088392, 3.4242996337167426, 27.639942812813217, -53.61022380674008, -51.60031349913811, -21.192939980964425, -55.77050576377725, -23.114496753531142}
