TETRIS-H20-W10. Noise: (50.0, -0.1)
Generation 1: 10.0 --- {10.12056125199589, -14.771210207767695, 6.248540543542096, -11.121302672465363, -12.59196336395895, -8.164164722314588, -3.029881549553461, 3.989200475263341, 8.275150547275715, -6.037658011166469, -19.101985845026753, -3.9073938050179438, 1.5115388142313932, -5.661538574654213, -8.840184989185243}
Generation 2: 13.0 --- {-7.78678103560823, -21.254608532877647, -0.44050079489151406, -6.838968936943751, -19.77654452233335, -7.136336008618618, -16.103059926709868, -6.534888020858861, 17.340845166963252, -1.0659875607071196, -11.044721066379095, -16.606429983711102, 6.934667637565156, -30.741351246348586, 9.959188281352503}
Generation 3: 28.0 --- {15.839784332685056, -55.21016637151638, 14.61982017520828, -38.9455491291808, -51.310033974713555, -24.311867950779654, -14.566790383259274, 1.444414852345954, 8.968934014762015, 2.6272245331724218, -35.178419386767146, -1.376599956315156, 7.390004298400465, -32.27914642584856, -3.5168801758939283}
Generation 4: 53.0 --- {-6.833577882995851, -24.61615052784163, -8.18531036544353, -20.635529000221553, -26.845793274324862, -33.45119137424611, -13.90964382245974, 5.558371416580945, 8.263638388940851, -1.4895990184722536, -20.46386554393064, -32.24691599907462, 6.43384076590058, -37.85362949673173, -12.901765472098432}
Generation 5: 115.0 --- {-3.5714834508456192, -68.73831993334029, 25.336475835458174, -61.52855025792035, -34.802435654301604, -10.59412086697317, -25.401699845899486, -19.825553073545137, -1.0918986066982974, 10.323588988153475, -64.43308771364516, -9.436990096422619, -2.5371768626764126, -59.43572509585955, 12.10803044689327}
Generation 6: 207.0 --- {-0.8861878754003838, -85.13765324944862, 28.548247618544572, -101.01769986884241, -40.99345854658212, 4.098259003757409, -21.647613455781123, -44.97958382940668, -2.602567519440905, 15.030965706554413, -79.46068272323785, -6.738677064242503, -11.392326852786766, -87.98004711483576, 34.68162347815834}
Generation 7: 224.0 --- {-3.5714834508456192, -68.73831993334029, 25.336475835458174, -61.52855025792035, -34.802435654301604, -10.59412086697317, -25.401699845899486, -19.825553073545137, -1.0918986066982974, 10.323588988153475, -64.43308771364516, -9.436990096422619, -2.5371768626764126, -59.43572509585955, 12.10803044689327}
Generation 8: 292.0 --- {2.129520995372396, -68.48568756302541, 44.58444695315853, -85.11248559635024, -48.219627434083364, -22.660721029379285, -22.407329293445958, -30.600819919585657, -20.532130281404473, 27.00751989363755, -72.61730677503773, -27.75627160350305, -17.194982621802858, -50.22319905893504, 13.575139081947734}
Generation 9: 158.0 --- {-1.0086199028042504, -85.40102909210965, 43.59958291296834, -120.03709216787556, -35.10660769177136, 6.226562065401142, -10.38984884265583, -35.750927716160675, 4.92404019668105, 20.533558325572955, -101.07196929205458, -10.187718790816614, -6.842124540495684, -69.35070470424796, 10.398478595371477}
AVG PERF OVER 50 TRIALS: 112.86
Generation 10: 237.0 --- {19.186242349465665, -75.54788065428447, 34.23554307329464, -118.38451430816696, -42.68561652487818, 9.039526729333062, -9.331677410396365, -47.54793885610782, 33.62190975907006, -21.02365920564515, -81.01930530071338, 10.125586052267522, -19.58106415222602, -75.2931169926344, -3.4344348044301256}
Generation 11: 259.0 --- {8.468580631114143, -81.6868450635318, 45.39913619631225, -90.91569017732456, -72.97715141361685, -24.771321183905748, -22.277936999430814, -39.405617772674205, 20.833439736718866, 1.9769697078595723, -85.26449268581646, -33.17462266993535, -25.134456255215404, -48.30695752300994, -10.723036299069822}
Generation 12: 520.0 --- {0.9237274385965774, -44.760100968055944, 16.04087303680395, -84.06948762437275, -25.219082288908055, -6.266616502795408, 1.4227575820836496, -25.256730007724958, -4.765658435787311, 2.4428340183427526, -86.7956216631191, 1.1645712732124025, -18.898056438043994, -63.28656349117065, 29.138036030179403}
Generation 13: 565.0 --- {-2.405799825514653, -63.16169395674358, 2.4876228221357444, -66.21133094010695, -27.933907253572347, -3.95006119849522, -8.890827731363894, -18.2345388178274, -5.40011957867368, 6.521363368164764, -81.02246440365948, -3.241768857698535, -10.885795110701245, -56.31928735771817, 13.513077573977975}
Generation 14: 1029.0 --- {13.655436159360333, -50.78099787938805, 13.415304116880645, -70.6873268435952, -29.251099912229456, -13.6947462835564, -0.13980082564263263, -33.79605340806157, -19.16317860412617, -7.312087742690807, -81.73689834205928, -18.759184992455822, -26.357774647253244, -40.486254876039666, -0.4073070196270834}
Generation 15: 702.0 --- {13.655436159360333, -50.78099787938805, 13.415304116880645, -70.6873268435952, -29.251099912229456, -13.6947462835564, -0.13980082564263263, -33.79605340806157, -19.16317860412617, -7.312087742690807, -81.73689834205928, -18.759184992455822, -26.357774647253244, -40.486254876039666, -0.4073070196270834}
Generation 16: 694.0 --- {-10.508342120838204, -58.16325606591528, -5.003415493977993, -60.42364962228447, -31.32040986700156, 0.7737149461740422, 8.449710654482201, -25.980086834523295, -0.47546279076991294, -5.532089865924541, -86.94122594974017, -13.315278925490183, -14.092735832520344, -36.25893396856074, 8.023248357378518}
Generation 17: 1366.0 --- {-10.508342120838204, -58.16325606591528, -5.003415493977993, -60.42364962228447, -31.32040986700156, 0.7737149461740422, 8.449710654482201, -25.980086834523295, -0.47546279076991294, -5.532089865924541, -86.94122594974017, -13.315278925490183, -14.092735832520344, -36.25893396856074, 8.023248357378518}
Generation 18: 1807.0 --- {-8.684971051770619, -36.35254388592527, -10.751966526011202, -54.83156296988402, -21.00002366820641, 17.201318069070588, 8.144715793209624, -19.87320329906607, -30.258519410190328, -10.722651326863806, -82.47726733947212, -45.67538207168238, -53.17788495304123, -27.31989941953293, -14.443379572421318}
Generation 19: 5907.0 --- {16.649005879288467, -42.13087549094265, -10.773271128686861, -38.56086939856944, -21.67872122353855, -19.258137910936547, -9.883940484949862, -22.941375150029256, -10.766351177739796, 6.591217664248968, -89.14944697832732, -39.01463891013741, -53.10738999974579, -18.538701867829133, -19.497761540650355}
AVG PERF OVER 50 TRIALS: 2438.72
Generation 20: 7914.0 --- {1.216251634840816, -40.327040633004444, 8.182560669233611, -36.08382588423572, -31.159191682468574, -9.507528915283933, -3.8536147744365663, -15.109166159503642, -2.2704474168608098, -13.547643019145937, -77.54329657149228, -10.884326105903776, -58.82557461583556, -28.150143759664015, -3.0604972738018725}
Generation 21: 15121.0 --- {27.401040632826376, -42.40751344232311, -18.936481444595984, -28.619084266510068, -1.2984957801298869, -10.405182036432937, -7.029416671349733, -21.429962360185755, -15.893635916483063, -17.904536014828295, -79.32157664965194, -48.09658601412131, -63.991795079477185, -21.536803198116548, -11.955601365583473}
Generation 22: 6324.0 --- {-10.35232813750589, -64.90622632274682, -22.8033720145625, -55.62145989391969, -25.557167077788456, -20.498448707605405, -0.5769798290650723, -24.49141091074066, -7.669794269524596, -0.6926812824088264, -107.17145728655956, -21.255459792858623, -35.99134536575097, -39.691555371204984, 6.2337483679729315}
Generation 23: 12122.0 --- {8.47509482982019, -38.56849781526254, 4.827253344839362, -16.520565332239237, -11.390799627087219, -8.646033770899447, -25.490185358071837, -14.305729153970415, -10.040020028184262, -5.3000074609834, -70.74116159684289, -35.34797762797977, -76.22453785596299, -19.559361810036897, -10.754352928661998}
Generation 24: 15416.0 --- {20.829415271250518, -51.70025404921479, -4.233475554069614, -33.02542626369908, -9.739969413699223, -4.552025187481038, -15.658493782391776, -24.59923914239439, -20.150300591110877, -8.695964972741681, -87.68411899635777, -28.89841926456417, -58.134715828317866, -24.405203538293005, -4.98197571279807}
Generation 25: 13539.0 --- {15.62508118431985, -35.049666011485854, -18.876423133116063, -32.10444537821087, -13.90851657782591, -18.941354600810445, 3.280040486645351, -23.66443629831261, -20.38215688929563, -1.0672417794949602, -89.74412314415535, -34.17834942204932, -51.45701055275157, -32.930234960602434, -12.525671010320949}
Generation 26: 19800.0 --- {14.806794966858421, -49.262804559067696, -7.783875697289904, -15.963186727360242, -15.932517245604892, -6.342183096385459, -14.86408949122243, -9.534811600988936, -15.57170701495836, -14.174760812136235, -73.62363817567412, -27.426130482072736, -58.43661136301458, -15.396726349015786, -9.66276189152941}
Generation 27: 27519.0 --- {14.298834008087832, -38.167716667354426, 0.5581196271960192, -34.42469729896269, -20.085059115392948, -6.369039151698278, -14.355757612726006, -20.51007019183361, -9.11417393184776, -2.5154524585741935, -73.4094819623511, -20.926989643390442, -55.2877364732035, -21.42856420189195, -15.032611983247817}
Generation 28: 18992.0 --- {14.298834008087832, -38.167716667354426, 0.5581196271960192, -34.42469729896269, -20.085059115392948, -6.369039151698278, -14.355757612726006, -20.51007019183361, -9.11417393184776, -2.5154524585741935, -73.4094819623511, -20.926989643390442, -55.2877364732035, -21.42856420189195, -15.032611983247817}
Generation 29: 15527.0 --- {18.411933226246056, -32.00528056911549, -1.381433831987632, -45.435929040137225, 1.2454492136442674, -21.11493119493719, -5.150489721618947, -22.341262327336878, -31.909847742697245, -5.730290727161236, -83.28218087479013, -23.7830649085969, -68.34009059766292, -17.39811850683317, -14.461311003397096}
AVG PERF OVER 50 TRIALS: 8995.38
Generation 30: 29578.0 --- {27.057404920106137, -47.75307073361154, -15.856634858014484, -27.6446503929461, -2.893548682364454, -28.242266713041978, -10.049773787194802, -17.20456150415361, -23.861035528517995, 0.694526249359865, -108.02583588989313, -24.159354127683248, -61.12464808209209, -48.52950399541303, -9.778346093722373}
Generation 31: 52338.0 --- {21.764360022327246, -36.431115872301994, -4.971840934681688, -28.13298704943665, 7.506509056742461, -28.725691636611828, -10.32545600463081, -14.967295349060668, -16.644719190909573, -10.567071272823611, -68.96962071895388, -28.596435136894627, -77.38122256761503, -29.71887802531824, -9.493385320932278}
Generation 32: 21533.0 --- {26.094007693764844, -54.04541574324661, -1.5634165220816625, -49.56377962629743, -5.037587165644444, -31.92140055329047, -8.196631275999561, -20.020066017651168, -23.3186203070853, -4.660162620579305, -106.91648807646027, -31.01011416521292, -73.17683851255082, -44.99307306266713, -13.011717496026666}
Generation 33: 28577.0 --- {18.411933226246056, -32.00528056911549, -1.381433831987632, -45.435929040137225, 1.2454492136442674, -21.11493119493719, -5.150489721618947, -22.341262327336878, -31.909847742697245, -5.730290727161236, -83.28218087479013, -23.7830649085969, -68.34009059766292, -17.39811850683317, -14.461311003397096}
Generation 34: 36869.0 --- {33.958795880516355, -50.72822826717566, 6.7106972100936755, -51.33032927393117, -13.017581161355615, -26.328158278428834, -6.25131155959265, -20.9973043615117, -6.855229515115269, -4.940497354923334, -107.41936611379126, -27.385226914020212, -78.61644040795248, -22.210043430207392, -31.354704457586756}
Generation 35: 47371.0 --- {25.863197149387688, -66.3103514172948, -6.622783657647856, -51.24848803423424, -20.145080322751, -18.607618002692902, 15.229244516912917, -40.072494370950416, -0.6585939644000547, 2.647861176035473, -155.1074635731954, -14.295934483555799, -60.47937971957228, -51.64195091854326, -27.14092931507657}
Generation 36: 87375.0 --- {39.95109139034931, -67.14671368715315, 4.44653306392205, -46.00002185853321, -15.960506548371423, -13.96276806115554, 5.93781123825644, -10.040496396901585, -10.665948116827725, 17.687942912458553, -138.36862576419742, -22.448535183792877, -78.7251953601592, -59.52605484476621, -22.6892947584684}
Generation 37: 31502.0 --- {27.169990295072544, -40.78854191985195, 7.320314294396184, -32.21588819895141, -20.940766649484434, -33.68745806313901, -13.720575658777939, -14.067386450649689, -28.393184891419075, -9.395627612460393, -146.6692231398614, -35.75423018303472, -63.522597251465626, -27.789725140022533, -10.120175162767532}
Generation 38: 54624.0 --- {27.169990295072544, -40.78854191985195, 7.320314294396184, -32.21588819895141, -20.940766649484434, -33.68745806313901, -13.720575658777939, -14.067386450649689, -28.393184891419075, -9.395627612460393, -146.6692231398614, -35.75423018303472, -63.522597251465626, -27.789725140022533, -10.120175162767532}
Generation 39: 147830.0 --- {39.95109139034931, -67.14671368715315, 4.44653306392205, -46.00002185853321, -15.960506548371423, -13.96276806115554, 5.93781123825644, -10.040496396901585, -10.665948116827725, 17.687942912458553, -138.36862576419742, -22.448535183792877, -78.7251953601592, -59.52605484476621, -22.6892947584684}
AVG PERF OVER 50 TRIALS: 25177.78
Generation 40: 74910.0 --- {45.90277512301982, -70.7511648488924, 5.3164495420442055, -44.4061786142722, -3.916105164596013, -5.973545689679972, 26.62554445184243, 6.708496552214106, -6.551105293092558, 13.948429311252712, -158.32248844621765, -55.061989743796445, -91.06332940798607, -75.3555828253076, -11.817175114716889}
