TETRIS-H20-W10. Noise: (50.0, -0.1)
Generation 1: 3.0 --- {5.4701238635336455, -5.8442467904049575, 9.997741853717212, -1.2335895925302691, -3.9095211197113207, -8.237343319661047, -9.508037328691909, -4.483242822561002, 0.9965782637415459, 2.6232562164663724, -22.453379828341447, -3.230796791195888, -2.4214303417160963, 8.015712931343723, 5.903523976252707}
Generation 2: 15.0 --- {17.601336136056304, -8.43121388503927, 13.088331763934342, -29.216421679199662, -18.13702230532322, 1.8997190507679826, 25.59183187591812, -10.675981121805627, 9.541539468484526, -31.00520502289369, -25.389807289143913, -5.382695212642667, 0.009918068348899634, -28.188170942351643, 2.7472906083377455}
Generation 3: 169.0 --- {12.262732534471436, -17.212183786911424, 22.334751455620236, -23.183720689862106, -16.63315583012569, -32.831613531531595, 7.268570134675396, -15.042953324352943, 10.443564227256985, -19.004221724339363, -60.6856635751342, -2.683902306014301, -3.895710291926784, -24.39937801042253, 12.302214866573772}
Generation 4: 143.0 --- {25.307057734379235, -22.607532492482918, 27.37316496824638, -19.764432917147122, -43.587333771461985, -45.19704841801067, 7.379792942629347, -10.989128174880712, 0.9651233439776021, -42.396606679399625, -113.06073862419973, -8.211870082481227, -16.38660226633579, -40.32293090247956, 15.149696153266273}
Generation 5: 527.0 --- {17.0440354998146, -53.79261870690755, 23.64809845615325, -27.04413789896251, -17.331449861860808, -82.80437945578231, -25.625279466174927, -7.710292892751735, 11.145771696967245, -16.17742050529852, -134.95848185087524, -16.7833177687613, -10.614088498851585, -34.13836307915694, 27.338180509800754}
Generation 6: 329.0 --- {25.431683804398276, -32.74595043294742, 26.02692700535307, -28.94111792482252, -47.93785387679216, -62.070210184398235, 1.1441371351223548, -30.192996532860626, -10.175925221805812, -42.54253476388946, -138.35080843519663, -13.593192299059616, -8.282450210236748, -59.19685448124872, 17.088056822721818}
Generation 7: 873.0 --- {18.366206932141235, -44.0765337877247, 24.116460445456685, -40.59778683422569, -32.42474542765922, -66.63309805386356, -26.105710934575704, -8.890180377389113, -11.458684000158645, -32.57439936476933, -144.5546344921806, -8.86713498283756, -17.25734815422048, -48.87110884961358, 31.229512535843565}
Generation 8: 1484.0 --- {14.231408222838954, -49.79464079924537, 13.062162583552126, -27.602436071697518, -19.120364680572983, -83.04513818208213, -17.879637493265996, -6.450593044899943, 13.146171813672371, -17.190409536679475, -164.49860841360368, -42.05782092780148, -8.863136266431871, -45.31799725967574, 25.684135121050332}
Generation 9: 957.0 --- {25.521685423973604, -58.20931195796931, 11.826789570072506, -21.107288380975238, -4.278870723894876, -75.97283145050339, 1.9288572811155333, -8.984966205264556, 10.846791313615052, -17.30299802742654, -193.89299628240724, -60.96540404141998, 5.714729327327802, -56.324511928458094, 22.16369121934555}
AVG PERF OVER 50 TRIALS: 723.32
Generation 10: 1415.0 --- {14.759582474876488, -46.65167970721112, 17.725947904814117, -21.704361065214318, -28.80506342282748, -71.41693130730488, -0.9995945607254786, -5.037128269391708, -0.8971281893462741, -52.745236587577836, -165.38822426331836, -28.29803939983519, -22.75763744765316, -65.00103822909608, 17.8291882008684}
