TETRIS-H20-W10. Noise: (50.0, -0.1)
Generation 1: 5.0 --- {-1.9109593798576439, -1.105818891089695, 9.032269360061795, -0.21193677960575963, 7.411254472375766, -11.76664933701298, 12.621065048161576, -12.765903466402246, -10.11779410189181, -3.9014950114952542, -12.612459900794184, -1.9197469731430576, 8.415429395224495, -10.369338102859775, 4.737733299207254}
Generation 2: 12.0 --- {-11.438785701540171, -9.966332778803066, -21.29869124901523, -14.600715261901003, -1.6263495917861661, 9.743591668282274, 0.29954283403545556, 1.0838441421938327, 13.12950335030656, -14.100552271450894, -7.263055694467428, 0.4444549413935692, 7.426191929421183, -19.11119681883085, -2.3018978506664425}
Generation 3: 36.0 --- {-3.226784773673741, -5.462454946881943, -14.013812031463981, -13.692065487871552, -15.32562371315327, 10.097576902498766, 5.578478140985897, 6.449898879304645, 9.081747583837773, -23.479367943233992, -11.066412760669294, -5.792927126123356, 5.629124261025209, -29.41223306149596, -13.555949247128249}
Generation 4: 31.0 --- {-3.226784773673741, -5.462454946881943, -14.013812031463981, -13.692065487871552, -15.32562371315327, 10.097576902498766, 5.578478140985897, 6.449898879304645, 9.081747583837773, -23.479367943233992, -11.066412760669294, -5.792927126123356, 5.629124261025209, -29.41223306149596, -13.555949247128249}
Generation 5: 59.0 --- {-6.211283444957274, -4.677384431081836, -29.19941744802179, 0.6141212619088012, -10.412163808867232, 31.461507919943802, 17.48569715583738, 29.805666512480045, 25.523975402662927, -17.388178201519757, -22.95459688025357, -20.831948792771822, 3.2279025005373003, -38.44984549164582, -15.208853664642115}
Generation 6: 482.0 --- {-8.477821352081211, -17.531613317859865, -28.891972001885843, -22.79070327512506, -3.4348951300240045, 0.8552398199053899, 9.238534264674072, 5.449590948825391, 6.493014273835387, -6.2530352942485905, -28.08111002574956, -14.599278873901225, -18.39230821405084, -34.61037528639435, -4.95807645658148}
Generation 7: 312.0 --- {-22.847961442445648, -9.713063288871904, -34.02429637962903, -5.344617240289976, -21.746259470786384, 14.510205766347042, 12.187894837503666, 25.17303913860443, 14.507361752053386, -5.529515685212623, -27.775176019634845, -38.21068101523994, -17.431504870098966, -50.44313545877324, -31.901172502186334}
Generation 8: 851.0 --- {4.803897377615916, -14.404800050452591, -30.57466844325287, -20.65350612373124, -13.49083293865098, -3.2837253140013747, 1.3438676684815345, 11.012889700133888, 18.204250919576975, 34.6135538002163, -54.81626300882085, -17.23841620206118, -30.50307957718224, -46.325769310203896, -32.65813609030577}
Generation 9: 1587.0 --- {4.803897377615916, -14.404800050452591, -30.57466844325287, -20.65350612373124, -13.49083293865098, -3.2837253140013747, 1.3438676684815345, 11.012889700133888, 18.204250919576975, 34.6135538002163, -54.81626300882085, -17.23841620206118, -30.50307957718224, -46.325769310203896, -32.65813609030577}
