TETRIS-H20-W10. Noise: (50.0, -0.1)
Generation 1: 4.0 --- {-13.132193841952148, -7.310227542143525, 15.655151708553667, -7.452297630508802, 8.948757237545559, -7.300878350684269, 3.087194337001178, 5.049257729921743, -16.549544139214007, -12.093610484643449, 5.1479607530769, 14.182371893316565, -11.78434234430922, -17.28570861615009, 0.714778385391487}
Generation 2: 9.0 --- {-1.3924007766108635, -8.84472415745576, -5.7490550529619675, 16.814553047935533, -15.864510793828199, -19.024860289138616, 0.8511116400001649, 13.921155421137875, 9.168700614602718, -21.179065785159885, -28.510890643304677, 4.523211214782881, 5.988503577324155, -20.469879067903506, -6.736230700779412}
Generation 3: 10.0 --- {17.85953441319089, -7.282282266474883, 6.2840897763058585, 36.911837351157786, -44.7573248769955, -14.467365429370744, -9.784935773632306, 30.12216672138153, 24.342950675969668, -44.07034496457513, -43.274470985517034, -23.068219167072563, -17.431375562113033, -0.7540402906661043, -25.980093894755843}
Generation 4: 97.0 --- {-9.169356833181967, -7.460642456717148, 7.65263415918042, -6.4283973342771406, 9.991484817987086, 4.5399984300647045, 7.2479010739250445, 4.102324234573253, -8.662355673872678, -20.102506031562562, -13.640862780160456, -1.8848976126755344, -26.697794559749305, -22.227792856639113, 0.6975058479811036}
Generation 5: 182.0 --- {-12.689228696170808, -2.622551560418186, 6.366222781010213, 4.547455398940541, 1.8574345620849861, 12.812539434818344, -7.4220763608331435, 18.314408219458286, 10.554523966297673, -18.241433041812826, -25.199160443331394, -24.69574226900857, -30.388361245987266, -22.536631329610568, -22.82475861293648}
Generation 6: 130.0 --- {-27.658057390320355, -13.717198189057038, -0.44195283016087483, -11.774207591680497, -9.6067289795134, -14.286001696998627, 11.397849771297277, 9.679675625494879, -19.567623343427343, -36.512944724402516, -31.28465790610616, 6.244842934466963, -21.36470451087932, -41.11057131822303, 3.9648611971885037}
Generation 7: 220.0 --- {-26.456233250748824, -10.689850522694762, -7.563969342691455, -13.493467743864132, -11.276059871763426, -8.331058553211975, 2.778675025370595, 16.466756199312126, -0.41151486847343044, -43.064347587467125, -48.44285369242415, -14.994047678498148, -23.635832649028224, -40.02606878897808, -13.90870582999856}
Generation 8: 268.0 --- {-10.240420601110019, -27.139774822765624, 2.7501016988150147, -0.8427563077903599, -12.298997949391506, -9.305376330207276, 18.215642667636317, 11.59836551742088, -12.624251530591899, -34.53112102585434, -46.54947331563237, -9.293331926353222, -6.039958880702473, -39.7152312989779, -3.420109555393749}
Generation 9: 440.0 --- {-26.45361269973187, -27.78138578339496, -23.683328190667336, -23.743461789872477, -5.065431118380286, -24.618165578894484, 1.1833886002483442, 13.382466947998218, 7.443337696982118, -66.42530720029643, -69.80735773226641, -2.8337549721538164, -34.32494467228673, -52.385355871700604, -8.34384919697979}
AVG PERF OVER 50 TRIALS: 171.26
Generation 10: 594.0 --- {-38.847214281327396, -28.746400233184914, -26.131050064386166, -37.231534297732495, -15.531042009591784, -33.36800700869823, 12.425010150971367, 2.932699932226673, 11.498142868618958, -58.277360774896536, -58.14838142948868, -11.920147769310104, -34.08220340497932, -42.80277631191192, 12.568847142489137}
