TETRIS-H20-W10. Noise: (50.0, -0.1)
Generation 1: 171.0 --- {6.460605442586064, 2.008311833547069, -2.937041584157514, 8.050294862136377, -1.586255944173975, 7.670679803582406, -1.3502617199407307, -7.423101585829054, -1.6710449234912297, 0.40522472705473406, -12.789620973457874, -16.795731816010576, -21.37301914214912, -14.329569915081494, -5.29839229136127}
Generation 2: 3099.0 --- {12.339483793918179, 4.257412053944283, -6.341299714527414, -0.09836465855681098, -1.8192708693574904, 12.473081301640137, -5.712448957416337, -10.362253258165843, 0.34617925591442167, 1.640262237477768, -29.278435424286783, -41.20703305458825, -44.43522485226413, -36.88472887403189, -11.197265721724762}
Generation 3: 2443.0 --- {47.73454526114012, 20.814920275642045, -20.84443582846406, -28.069564140290208, 0.5810966262137534, 29.956991395766156, -27.170916114351783, -25.888843023476774, 7.937565024540817, 2.935540326848908, -85.39506542757897, -102.42296217888459, -102.16000820467619, -94.11503697542469, -30.972816023668653}
Generation 4: 4772.0 --- {69.56265594115874, 17.8650093491712, -14.768721541634191, -20.972692984158165, 1.0355982081953465, 33.45887132345583, -29.703501057207255, -31.092570113222607, 3.4400669863173294, 11.93558472725701, -99.66022815965059, -107.09398485594309, -116.32818267974827, -112.49911797925239, -27.184616556536234}
Generation 5: 6093.0 --- {69.50372400996199, 17.794632861381565, -23.694843680808315, -23.232934419341106, 0.7226533634130705, 23.959253719810945, -21.645237326434287, -21.260045015516, 22.087788007759503, 25.767847958451394, -105.6722478542643, -89.23924615098629, -107.64771399362616, -102.79109931691619, -15.287078348232994}
Generation 6: 7209.0 --- {69.50372400996199, 17.794632861381565, -23.694843680808315, -23.232934419341106, 0.7226533634130705, 23.959253719810945, -21.645237326434287, -21.260045015516, 22.087788007759503, 25.767847958451394, -105.6722478542643, -89.23924615098629, -107.64771399362616, -102.79109931691619, -15.287078348232994}
Generation 7: 11643.0 --- {60.15580686825101, 11.784242949435228, -23.28480625256139, -28.89757887568529, -11.522141337954869, 14.368077925990251, -20.622467824370165, -13.327648027044294, 33.586297766205746, 12.351901484384712, -109.58170506571051, -93.99744371545671, -119.5211912935634, -110.60945069447219, -28.746410728005692}
Generation 8: 33186.0 --- {67.89071900238399, 34.93526592288698, -57.87118311160158, -38.88120614869843, 1.2159872668339906, 15.733147750064091, -26.419606840731262, -6.330523864877946, 28.87344524121981, 35.13183217895917, -135.39953891991132, -132.95654071053553, -180.58953493449891, -134.20808237096853, -27.041500811377457}
Generation 9: 28120.0 --- {69.16911984317359, 26.828760015526402, -30.479235864816623, -27.38239350588866, -10.98253501904829, 25.18761251646036, -19.14831943025213, -14.44068707508223, 10.8570799437291, 28.895339391758952, -132.0063388886821, -105.66352475590901, -152.65614481785684, -115.48471459150535, -24.20265226698512}
AVG PERF OVER 50 TRIALS: 4068.84
Generation 10: 12057.0 --- {54.50575206628987, 29.75026310924263, -47.63457971954842, -38.56546743096306, 0.12583007926111822, 6.063831433188529, -27.697902725824378, 0.42265919442373345, 23.204603126329914, 27.66452547399909, -137.26892461158224, -121.76179413784558, -154.0885945793355, -130.62344917586665, -17.038198006438826}
