TETRIS-H20-W10. Noise: (50.0, -0.1)
Generation 1: 3.0 --- {14.652754015498452, -8.772546896306048, -2.3072986586025253, 3.2818181589419364, 10.438886153962807, -10.694861305876312, -12.46418216971179, 5.323660163631056, -4.306202842571796, -3.800010945747187, 2.8105001633212288, -11.810781611689317, -11.336507534879168, -9.38967796238863, -2.079081699845946}
Generation 2: 73.0 --- {1.3429538999133968, -15.759515330926204, 3.2497882885770215, -1.459988051664867, 2.835114909606772, 9.922597718883374, -23.061369024687906, 5.447066057188477, -2.7850498525374077, 6.503815177125255, -3.441679665232647, -25.634004639360874, -10.760810200899702, -11.995420401647337, -2.141778559307391}
Generation 3: 128.0 --- {10.901679800975312, -64.15857856642313, 21.04608242461059, -16.089884595000854, 10.071966097629542, 25.259044104698457, -65.35213200504589, 21.121725181795885, -0.8575861427214172, 32.674518853597625, -10.346332497962855, -100.27997026806642, -50.22950932030989, -65.69252356805033, -14.453635363654426}
Generation 4: 444.0 --- {34.49156511865977, -121.00781951545477, 51.900340973224736, -34.72601266756156, 29.305512247283982, 33.43265865358414, -106.53455280967933, 17.497472705374914, -7.877954190442149, 67.23703577664416, -30.665209474121532, -137.97724210278324, -104.15448622118231, -115.85752225363522, -25.13896230590018}
Generation 5: 313.0 --- {33.6683531083382, -140.57006197847, 45.446683973204046, -49.99025458685793, 21.16724024757669, 36.61168649810058, -114.85808253401373, 16.88339668699601, -15.834583440519687, 76.43763188658147, -34.8633520845369, -162.52024992743316, -106.60680245110952, -119.44118477327041, -35.626833841581615}
Generation 6: 300.0 --- {48.245774880185344, -141.49486088608398, 55.20376594461018, -62.83686704377075, 36.96605257153124, 22.844607059398164, -117.31901467325578, 4.567102343455861, -17.848760016643794, 77.18321106255632, -44.91709445779293, -134.01938374292723, -131.37194758393423, -140.27460893272763, -24.515721275792217}
Generation 7: 648.0 --- {67.89413773915669, -220.9517232866304, 94.49176599457694, -70.77238667841243, 53.75127835915161, 43.77540068737249, -168.14055141635237, 9.866410085151111, -28.54425093417813, 117.20804666635551, -71.6707709826943, -232.52955460063305, -214.60044546295018, -214.0425057010151, -43.429988954071874}
Generation 8: 443.0 --- {58.90215758472661, -129.9811440147918, 32.870068229124115, -17.235387546574696, 42.59141248483631, 48.91396255294073, -80.55352495487327, 6.432926930565948, -8.783704352979294, 77.62124337055522, -42.828222294460346, -133.39895534822546, -137.74154038707326, -125.03839592077725, -29.773356295582897}
Generation 9: 387.0 --- {77.67351607468676, -170.26583172975023, 36.911695143696505, -59.869961903600114, 60.90981208858625, 30.10362609454277, -115.31130905094744, -16.66940946212233, -19.701925636468957, 88.20518832529575, -68.57192477767536, -169.33615305054678, -156.73150052734974, -119.1969903466284, -53.808342528320765}
AVG PERF OVER 50 TRIALS: 186.24
Generation 10: 475.0 --- {60.63225587839463, -166.84960467054137, 51.978974054756435, -52.12234511672702, 56.55589083130701, 34.3012828326696, -131.57064436949125, -6.515483563420568, -16.38595858139486, 91.39877702615972, -93.68386693558946, -181.91850961313347, -191.71221081049163, -188.84716584806716, -70.6250408367587}
