TETRIS-H20-W10. Noise: (50.0, -0.1)
Generation 1: 34.0 --- {3.7026082289019517, 0.30989300163084765, -6.705949758177923, -0.7473773248598068, -4.5585197160645174, -5.85748274012596, -7.897612670074617, 5.722125747475834, -4.567435328070325, -2.4397206659458432, -1.3354711289256829, -13.690154104070537, -0.6656087888119354, -11.738795083560499, 6.461066524033167}
Generation 2: 49.0 --- {-5.452343701696661, 6.397759936844979, -23.936434713038558, -1.7105922741169195, -8.074415549620738, -18.721162914340283, -18.77516996693677, 22.619551187310357, -24.447782753896345, -0.07040910028416203, 0.7005185083900836, -42.77188009135148, -20.295146711115663, -39.08936873732367, 20.101693110162387}
Generation 3: 72.0 --- {-27.39915889168559, 0.7544704850034045, -51.18131945478967, -21.42456480994014, -3.465938336668119, -56.31385638367938, -37.927619490953866, 30.319041870520635, -44.0173462659838, -5.15193390253584, 26.55989666026517, -114.92845127428127, -22.798162991708402, -82.6778934658949, 28.123678394818008}
Generation 4: 105.0 --- {-10.248568415863065, 2.8765574888739964, -6.188557788818377, -12.858761181264867, -10.710771587345942, -29.080028232667324, -7.873060912637584, 0.3268757499562991, -16.799245381392822, -2.9196683762738616, 12.943898716367608, -67.66900239115398, -35.477908740332005, -35.50822971320378, 16.04717334805349}
Generation 5: 57.0 --- {-6.850145841478495, 3.1894159716625836, -26.739421172500652, -8.07983988390059, -15.838978149664225, -27.453766446792432, -27.672165084297575, -2.472889945289518, -43.07314999492941, 17.22438657709291, 11.865850775705017, -91.26674430552282, -37.294212614158894, -45.7555188273411, 15.63220521290389}
Generation 6: 88.0 --- {2.855709067923952, 3.917430527816684, -39.62538041418232, -5.287224736833122, -5.663661348615385, -40.85405321103177, -15.496654288440427, -4.360234943248045, -30.756406527119662, 5.327218789811201, 6.619460155430911, -89.30648571920312, -36.155085966751784, -63.489432289887944, 22.251050977016103}
Generation 7: 94.0 --- {-18.138102431451173, -4.291987218804859, -29.828783709813273, -11.304505808520728, 0.15173758281540195, -42.792194302574494, -30.23150588369668, -21.854803694271915, -12.03580394332807, -15.26663133173546, -35.552628084317284, -70.40179752092129, -16.84249162325673, -69.15635169277533, -6.064351451530154}
Generation 8: 138.0 --- {-10.28578509048128, -7.112239506236117, -33.87662892087921, -15.102328222119882, -15.90843298574897, -25.34687129175083, -25.690311008839966, -4.290543517667482, -24.777885487597015, 13.403388618477688, -1.4561528154920123, -92.60941338133543, -39.24834517048967, -73.1913611562438, 14.437544454867627}
Generation 9: 115.0 --- {-18.138102431451173, -4.291987218804859, -29.828783709813273, -11.304505808520728, 0.15173758281540195, -42.792194302574494, -30.23150588369668, -21.854803694271915, -12.03580394332807, -15.26663133173546, -35.552628084317284, -70.40179752092129, -16.84249162325673, -69.15635169277533, -6.064351451530154}
AVG PERF OVER 50 TRIALS: 61.32
Generation 10: 189.0 --- {2.739177043761972, -2.315246404058578, -14.404240434051612, -10.099178255481098, -20.057766083269044, -29.386362972834448, -8.72633448807432, 9.65217249348993, -31.191267785356025, 5.634153444403916, -22.548166028201415, -106.31050287346005, -20.50962658308597, -65.33257414699143, 12.278872045853896}
