TETRIS-H20-W10. Noise: (50.0, -0.1)
Generation 1: 14.0 --- {6.08360173683937, -6.0281160219994945, -18.26490286346977, 10.112637254130334, -0.6528683289001274, -4.284468910862805, -3.707884763352833, -2.9372391746267046, -7.449157285108518, -0.2919670200248773, -9.500990964307363, 1.468022830022588, -1.2485671355763974, -15.135862134705473, 8.33533685242364}
Generation 2: 35.0 --- {6.08360173683937, -6.0281160219994945, -18.26490286346977, 10.112637254130334, -0.6528683289001274, -4.284468910862805, -3.707884763352833, -2.9372391746267046, -7.449157285108518, -0.2919670200248773, -9.500990964307363, 1.468022830022588, -1.2485671355763974, -15.135862134705473, 8.33533685242364}
Generation 3: 40.0 --- {-4.705051097568712, 4.013493687146851, -23.467757774303195, 8.544760859743203, -0.8550933460944159, -9.353152178542048, 9.511875971374971, -9.975784343729543, -8.367410072003729, 3.4601783592282356, -18.32207221524478, 7.7379291083286805, -7.277809901658048, -21.376468503105865, -11.49170788868584}
Generation 4: 112.0 --- {16.807730034562518, 0.7346308854628507, -33.467041378163096, 0.6746005181890933, -12.722904801958302, -20.252880267784185, -19.21028758010015, 8.592569794314185, -6.595385658110414, -4.618673592081393, -18.68116266734173, 6.090087510528793, -6.797934630213593, -27.56587135818897, 20.847620633145567}
Generation 5: 147.0 --- {-0.8294033382653678, 1.1376347790896473, -14.33562824987428, 0.5885751554339231, -4.750322115972891, 13.954965457199226, 3.982939393939239, -8.005316532726063, -14.633456117747393, -7.696442059989076, -7.771088077859633, -13.402901964980867, -14.168635330945092, -30.204738104557705, 14.880373170793433}
Generation 6: 128.0 --- {-8.101350509511176, -1.663943494541113, -29.48456747172536, -16.625667544037483, -14.636861823024105, -18.520538861232495, -33.0924656590313, -0.7658181066484424, -35.48731112428738, -17.86320457652056, -26.19902012052991, -9.990828279755348, -15.299210094159115, -19.661145397255332, 5.5150430900172065}
Generation 7: 160.0 --- {16.807730034562518, 0.7346308854628507, -33.467041378163096, 0.6746005181890933, -12.722904801958302, -20.252880267784185, -19.21028758010015, 8.592569794314185, -6.595385658110414, -4.618673592081393, -18.68116266734173, 6.090087510528793, -6.797934630213593, -27.56587135818897, 20.847620633145567}
Generation 8: 208.0 --- {-34.5238334790835, -3.725083676002984, -23.651226150735244, -35.32175344924613, -21.477812914245774, -7.937836003702754, -22.35409607774072, -33.92280374308518, -33.105962692595575, -30.89325064465711, -13.734989167224601, -20.879858267006426, -23.86890467992284, -27.846876450061945, -9.600823775937899}
Generation 9: 247.0 --- {-13.720925406104245, -2.2451644587315838, -30.53385357097011, -18.237623383307927, -19.425237082547863, -18.23009410031192, -16.219255648972492, -6.884325905828781, -10.97640194477476, -17.831403652044276, -28.545233237128002, 6.704676156108869, -6.265536858077534, -14.957404139457276, -10.135073968063573}
AVG PERF OVER 50 TRIALS: 122.92
Generation 10: 265.0 --- {-15.0096723650291, -9.959876280269294, -10.378531881522282, -26.377657362429915, -19.523668321850856, 11.61326591052157, -17.73645008293649, -23.284009181135936, -26.590656004309636, -24.651723621732046, -22.57560921646211, -24.439828106901814, -32.55351794532913, -24.832097341104, 3.2807797320303433}
