TETRIS-H20-W10. Noise: (50.0, -0.1)
Generation 1: 30.0 --- {-2.5176069343898066, -14.649983611818126, 7.923528092022848, -25.89736622602206, 14.777460332011408, -18.66162177449618, 0.5682016564061744, -1.293993470367738, -8.145657949602375, -11.866159409093328, 5.487156022056406, -16.002727964407384, -5.054915084511541, -15.450848787773843, -0.9784970585762504}
Generation 2: 41.0 --- {-9.712010687018624, -30.193511859219008, 3.772427711786571, -107.87789989231189, 18.008978001443765, -67.48518892807114, 8.565290739760046, -13.15774815163978, -69.55473750292433, 45.92132249912053, -21.34305264218184, -60.881226966577835, -37.33969649391417, -28.847011982709937, -13.937908222199258}
Generation 3: 72.0 --- {-8.52761359745125, 0.38284171738854234, 1.7610700631715979, -23.046010664420375, 11.379676464239907, -31.691013009845314, 5.014703956989333, -7.139639530619178, -15.406218225756074, 15.356767957518224, -15.635028879704569, -26.176033933719978, -13.65638252598959, -6.212794607385269, -8.186311147041488}
Generation 4: 88.0 --- {-12.69171173344978, -45.52679356423802, 10.972912143744008, -101.90366272786027, 33.677699385314604, -57.915608334751944, 13.053725574957124, -11.25458107887277, -37.885845379234254, 6.805928931295275, -2.6984003779801533, -54.905621494404116, -31.489541912961723, -62.95611343431949, -15.26298698885712}
Generation 5: 143.0 --- {-10.750841595992298, 10.5355093809532, 1.7866854942479815, -37.18156780917354, 11.360986710261248, -36.723797600754324, -0.8526485955062015, -14.103114331568168, -26.63663058348635, 20.56062453329409, -24.66051647165749, -39.24748612655881, -18.165119915152907, -22.419389661576027, -17.297144981416885}
Generation 6: 94.0 --- {-27.72861221253606, -59.721314595857635, 27.512954534244543, -155.02950688793544, 40.34200088888751, -86.08424496141906, 25.979789562079745, -45.48245883216067, -99.65077689196491, 15.305941044545174, -45.62845365286921, -85.97764172551405, -34.499676754146414, -85.08987151179839, -10.760002850736207}
Generation 7: 220.0 --- {-9.32112816547702, -14.459144513075065, 13.523168789774761, -30.13538214067451, 8.466835644525387, -18.388492616188586, 2.5816727743147583, -29.793249536230142, -13.389245691092984, 9.452904842203916, -40.03384285650652, -31.64930307733855, -14.56593048771772, -20.276980078881426, -3.7459128131979265}
Generation 8: 267.0 --- {-15.738641760570713, -40.86368553816994, 8.124172837768468, -130.28115005665288, 26.85993698342656, -86.2610898496212, 5.451059070754691, -15.470913431640247, -66.24167537620741, 20.375403659613422, -31.982688238303318, -69.22713510394027, -69.45093467781702, -41.54898930948217, 14.608530399186078}
Generation 9: 177.0 --- {-11.139406268249411, -69.13140707688063, 5.634501737330477, -186.3803771076888, 40.68805621007712, -106.08272626708445, 31.196274009779046, -17.322620818586365, -85.9849575083957, 10.998832435825413, -29.83631552071717, -88.85808303069106, -45.084158758603714, -80.79239963110538, -6.114649909198453}
AVG PERF OVER 50 TRIALS: 98.26
Generation 10: 307.0 --- {-32.258056553587956, -69.67046029292736, 19.85286784032192, -151.42421762629675, 38.8034719979266, -73.05830533012855, 9.851247480246949, -18.330959214797417, -73.37389882991008, 26.371902343175318, -43.25456242399425, -84.81629336956215, -60.602472611733155, -50.46383719630717, 18.904625400692865}
Generation 11: 163.0 --- {-11.800313279297185, -24.06795086796882, 18.66537769202999, -105.69891486475333, 25.53918678534386, -67.35708138701872, -2.25286322339209, -16.698739044610395, -54.26281234783306, 20.183545883263687, -27.058961807041413, -95.63804999204035, -56.22848573824055, -60.79581679373863, 4.620157145880623}
Generation 12: 233.0 --- {1.4563314740339806, -22.89035531766333, 10.163850198224274, -79.1472124440205, 31.025412637628104, -47.51449368179176, -23.245963985218708, -17.449405369189822, -40.58025296939444, 31.30224206126006, -45.55096423626738, -64.96130529872715, -52.77679378773092, -36.877031130718386, -5.121069722758492}
Generation 13: 263.0 --- {-34.04949036062092, -54.67525551653418, 11.550359510815369, -143.48499346862152, 33.01337253803272, -85.43583669834908, 13.099020492541337, -25.233449792190733, -37.60475165410192, 0.7320236197500769, -40.466907753626764, -54.285952961795175, -58.74039016094767, -64.1264203171941, 30.6180725467953}
Generation 14: 197.0 --- {-22.597648488089014, -25.453770230514447, 24.698991429115217, -98.22015880644236, 37.41220435366803, -54.513058856714196, -31.197710690283937, -33.46165125837714, -46.74253398429271, 37.42493835362797, -43.04144036582173, -81.79055098773333, -71.4262855360286, -62.1463637601335, 15.67648295973072}
Generation 15: 260.0 --- {-22.597648488089014, -25.453770230514447, 24.698991429115217, -98.22015880644236, 37.41220435366803, -54.513058856714196, -31.197710690283937, -33.46165125837714, -46.74253398429271, 37.42493835362797, -43.04144036582173, -81.79055098773333, -71.4262855360286, -62.1463637601335, 15.67648295973072}
Generation 16: 292.0 --- {-32.57304016360595, -14.11920504658184, 0.04165736887473015, -107.98137883311037, 20.84256798476315, -57.43730396053371, -1.4818212596444287, 5.215069720088984, -64.63077537585721, 22.037250080011596, -45.908766722974, -78.57393740219256, -56.3402753363727, -48.86622893357215, 21.818124609413438}
Generation 17: 489.0 --- {-12.539533910943549, -51.85904610316026, -5.143072767225717, -121.34632305339088, 22.71352637412189, -55.50116264217684, 30.49472343213099, -33.43136642934785, -48.44409981784024, 19.79206137175047, -66.55728739111856, -69.20356286662435, -61.97360188549429, -73.01410926544088, 30.211864791288484}
Generation 18: 385.0 --- {-12.539533910943549, -51.85904610316026, -5.143072767225717, -121.34632305339088, 22.71352637412189, -55.50116264217684, 30.49472343213099, -33.43136642934785, -48.44409981784024, 19.79206137175047, -66.55728739111856, -69.20356286662435, -61.97360188549429, -73.01410926544088, 30.211864791288484}
Generation 19: 265.0 --- {-9.622711338677195, -50.70127896816103, 0.14182885200017514, -139.43401737235496, 43.334320096826886, -68.20450196889497, 6.13717010633424, -26.226754177845777, -58.00896605816492, 9.677395766916247, -56.63345284810232, -64.57275545794238, -54.70781249025197, -75.18783075541923, 31.038069327069408}
AVG PERF OVER 50 TRIALS: 161.64
Generation 20: 437.0 --- {-26.55683240432814, -25.447915345533097, 1.5839018626312042, -131.5232272590459, 18.61961815534465, -58.130144809178205, 3.5920823719652413, -5.657832035115147, -58.3223839199756, 8.926638432523504, -73.20892747377667, -88.37246299952322, -61.511419466945505, -89.00429867103513, 28.578015839543646}
Generation 21: 331.0 --- {-11.00492411874788, -36.64757394038166, -9.560453900053485, -114.75225544718428, 12.069752008887946, -72.16130535381225, 7.173897252570022, -9.47844543875525, -49.54866690620392, 0.24812045902240953, -75.94146359857606, -81.62127883950498, -75.14892781858676, -71.7294723407454, 32.791273830544036}
Generation 22: 688.0 --- {-4.911880761913811, -40.013453255299524, 5.628697565487299, -168.8099683734896, 31.361059038122555, -10.107562882580275, 40.236979108159616, -30.811701200253673, -23.018641137986954, 4.343658233661287, -101.46400967355096, -93.74683307453846, -69.93872861323598, -88.47809181073742, 27.784520511907232}
Generation 23: 1244.0 --- {15.337276692434116, -58.953805998198625, 10.185300060424092, -137.14529068059406, 8.332081324092655, -23.979632889166986, 41.361741523300786, -37.63251757962864, -17.274614528240022, 9.259936380604477, -117.09383790293657, -83.97995414686558, -78.7294779291644, -84.74415852335859, 8.952185570638765}
Generation 24: 1967.0 --- {15.337276692434116, -58.953805998198625, 10.185300060424092, -137.14529068059406, 8.332081324092655, -23.979632889166986, 41.361741523300786, -37.63251757962864, -17.274614528240022, 9.259936380604477, -117.09383790293657, -83.97995414686558, -78.7294779291644, -84.74415852335859, 8.952185570638765}
Generation 25: 2987.0 --- {15.337276692434116, -58.953805998198625, 10.185300060424092, -137.14529068059406, 8.332081324092655, -23.979632889166986, 41.361741523300786, -37.63251757962864, -17.274614528240022, 9.259936380604477, -117.09383790293657, -83.97995414686558, -78.7294779291644, -84.74415852335859, 8.952185570638765}
Generation 26: 3221.0 --- {47.76924877092286, -58.786523803139225, 6.005065367591662, -155.7909564818867, 15.363629699614755, -21.677989736266554, 18.891694856379058, -39.23207742029494, -28.02832838804439, 10.939146522471937, -135.9616244116718, -71.62529236815688, -77.14738339123993, -95.29332305716304, -0.6394294274539085}
Generation 27: 3163.0 --- {53.715221178504635, -66.1173748472651, 1.1666639971525736, -120.18815099129431, -35.32269089816258, -34.07334611245211, 42.541605914970994, -64.14193096617734, -10.800425655021726, 23.86677560440264, -174.13797336083977, -78.63311152012176, -105.81348725912656, -78.53593339651242, 0.31764684423413136}
Generation 28: 4232.0 --- {4.4132080967631495, -58.100488209303805, 1.9181053368223062, -97.62940735444884, -5.917651314690671, -40.04243650472415, 24.98976340707257, -55.948583832616364, -30.382192078510673, 21.373766262731692, -126.73747061660379, -73.1760067115429, -96.64905049115457, -66.00347790963178, 5.890308551226698}
Generation 29: 4703.0 --- {54.13466109784973, -81.1883389705928, 1.9457000875379258, -115.74474336343496, -16.311683136531805, -10.395589422443486, 20.954553299714128, -57.062934584491636, -29.164338232210657, 19.178373171778638, -184.32174493810197, -38.72830049231112, -87.79772411966725, -78.22450455636229, -3.7083352916715526}
AVG PERF OVER 50 TRIALS: 3645.22
Generation 30: 4825.0 --- {33.412623810790414, -86.0032459799901, 3.471998109890559, -98.14667194880406, -38.00304559969342, -10.511354380619718, 13.393503873920022, -55.13388380038366, -34.26002692933923, 6.056305329812121, -189.1618732445774, -47.386487179252946, -78.66711892890454, -82.09879032586872, -15.001210173477059}
