TETRIS-H20-W10. Noise: (50.0, -0.1)
Generation 1: 9.0 --- {0.16627308580454983, -7.8924258600150745, -4.889723158029595, 1.603452865117894, -0.7136138053117942, 4.217653358315443, -2.6364999695936664, 0.061080268928252385, 16.007605186498914, 6.069426568745698, -13.643666992009639, -6.235144962023515, -7.1276807671428415, -7.820350601940122, -23.031904319598112}
Generation 2: 149.0 --- {-5.2591461070825964, -12.586385268129705, -9.61390113033263, 3.224499852814875, -4.670482739301606, 0.842799638652887, 3.1241855720320455, 11.902233008349246, 29.740533830911417, 5.445500962954393, -41.353662852469526, -15.719907989520056, 6.464764924605053, -31.620874297046555, -38.478150460301514}
Generation 3: 53.0 --- {-16.569923705227588, -37.307514977065715, -30.770861787262422, -6.540180564484819, 5.280869776063385, 18.69865788106527, -5.593893148071882, 23.207911721794186, 56.95749728864183, 26.707908574390462, -94.13094018633423, -30.084548681807252, 11.210497545066294, -85.32348036432836, -81.85891872944771}
Generation 4: 83.0 --- {-7.900858446710886, -22.068910230304486, -9.009085858897109, -5.417833469040458, -10.295845755653348, 0.32524040749160443, 7.724594746967474, 11.00102961686576, 43.7176430401096, 38.58618030912227, -84.91208965912907, -20.916229433188832, 18.143694513945157, -68.06369875471339, -76.3345078827219}
Generation 5: 84.0 --- {-5.273275895598459, -28.797541947493254, -12.17863816402551, 1.2160197689933532, 8.352638955919453, -0.9104251884547692, 0.949197236367663, 2.35308067679383, 19.55841920381406, 11.989088127457501, -58.548621308551354, -8.12488321347569, 4.447806910772917, -48.993341605970926, -77.34304835207976}
Generation 6: 90.0 --- {-10.90522674028566, -19.12596657537346, -20.28455102982907, -9.317801658982292, -8.571581596154823, -3.4644000173271507, 14.543393265445614, -6.792857139002455, 30.143828231575007, 7.163566976122624, -51.3668430261383, -17.645467606407035, 5.742361079798088, -40.74569577960905, -68.09219490778536}
Generation 7: 139.0 --- {-12.899727186236372, -33.20946052534139, -27.777211554626163, -0.42841279722262815, -3.2627306587711984, 9.753503378288215, -8.292125426014577, 21.252332839808545, 42.13056908844252, 28.351876682205145, -81.24522031400609, -29.94634412118556, 2.0904764753587433, -65.6822675784538, -61.88987127110178}
Generation 8: 154.0 --- {-0.41914117611695634, -19.9328675886647, 6.87838479695994, -5.327593482752036, 16.34476975015756, 16.41458312924485, -1.9718131227188977, -6.851448868526534, -0.2049731909079071, 8.086701284866903, -59.793290616964704, -27.25060402701301, -14.361616108445428, -33.30933063682899, -68.74152728443822}
Generation 9: 322.0 --- {-5.405968504121347, 2.5752247029719904, -1.116321351637597, -3.0605507849378375, -0.4003713556052384, 8.840347300203208, 12.644403259180375, 9.720804458203425, 38.6666435469802, 34.508483766088844, -85.58210342922736, -16.7737986207311, 4.9447433648249275, -60.13026011512174, -67.56149128386086}
AVG PERF OVER 50 TRIALS: 105.82
Generation 10: 224.0 --- {-5.695402175130329, -13.274252855785102, 1.9933191877542016, -7.063441797502295, 10.114128425343695, 7.586249530129454, 12.43681168844813, -4.572538293567844, 10.876859641840108, 28.1721562509644, -45.06888335914972, -11.04228775223427, -18.454729731375608, -42.50330096238923, -65.83535199121417}
