TETRIS-H20-W10. Noise: (50.0, -0.1)
Generation 1: 6.0 --- {-15.12737441146095, -1.6412049793919041, -24.623369388980798, 7.395713795675834, 0.736109192836472, -0.2834473251219806, -6.2279432531974335, 3.422690535511933, -7.993171177615731, -0.6736602401454183, -2.5649743217496086, -11.564816186250166, -9.033746933834015, -1.1750197659142383, -8.067976980922786}
Generation 2: 96.0 --- {-6.046592688570724, -19.0975245060298, -10.550423428927264, 3.948471616347734, -5.970779858249584, -0.7985104390593314, -1.8630474632641156, -2.7539430143816466, -6.742132120282158, -12.950344112525032, -8.183738174050553, -5.441002292805454, -4.580200906389274, -8.751807437045045, 2.108156434390274}
Generation 3: 562.0 --- {3.505706788120687, -22.649526205384273, -16.820371440964806, 4.317128598981483, -9.529538023988497, 7.530396067509489, -7.510145228686458, -14.314342419462044, -13.987190046165729, -4.552829337850326, -19.03325044036859, -7.118370415214782, -24.64658829353319, -28.72166318202617, -9.12167232854214}
Generation 4: 317.0 --- {10.809139145179756, -35.127492675210846, -36.55482533545836, 4.531192428354623, -7.084663077542807, 8.476403085979207, -10.276752559588857, -35.408451987788595, -9.470974522894156, -2.2916317704593077, -28.853870505386674, -18.443295659942464, -51.437431146008066, -76.04244914404946, -0.6589444150694312}
Generation 5: 368.0 --- {27.24015037193641, -24.896049626356202, -9.951048716507461, 20.717080106560104, -2.9581247505839343, 4.762935101790897, -10.364600022827378, -48.620587226107475, -11.734538332502137, -2.6979099262695057, -37.6183476648237, 0.6029238442693261, -45.5308932954905, -46.809825303449145, 1.038828678288981}
Generation 6: 861.0 --- {9.826454739559237, -23.56645635160659, 2.190752896927588, 0.847558126345338, -15.031197801253969, 7.276928620705002, -6.280806539265958, -12.628140131823628, -8.279868399196731, -0.9267406906179527, -11.631431692730835, 5.8985114245250685, -36.61811607615018, -29.788570794403796, -6.812516519085856}
Generation 7: 504.0 --- {5.5185998289754306, -31.14322337915926, -27.20967373958927, -6.226420011290415, -8.9468467795376, -16.538308176249217, 8.351256193642735, -25.959443406263674, -15.942211842040642, 6.666829039875908, -30.62454388318463, 18.221718970744664, -47.45580261575847, -39.603344130513506, 10.439560714301816}
Generation 8: 1202.0 --- {5.5185998289754306, -31.14322337915926, -27.20967373958927, -6.226420011290415, -8.9468467795376, -16.538308176249217, 8.351256193642735, -25.959443406263674, -15.942211842040642, 6.666829039875908, -30.62454388318463, 18.221718970744664, -47.45580261575847, -39.603344130513506, 10.439560714301816}
Generation 9: 4635.0 --- {27.135085630679313, -27.90959988545042, -25.808343354277334, 11.82122475470476, 1.33507581072449, -7.452779932054029, 5.981004747513311, -39.081314138347246, -7.821371691721431, -10.408642030981262, -49.31360067176867, -20.352686708176336, -76.04822285437353, -64.88269817630399, -1.4593843307519059}
AVG PERF OVER 50 TRIALS: 4987.08
Generation 10: 11965.0 --- {27.38966205657868, -34.5549647516605, -19.217525182685566, 21.8407891770441, -11.40698828377717, 1.5800395675572592, 0.3766393696403454, -36.79810385742567, -9.521688279292928, -21.107739185782417, -52.456823774169266, -20.013394460498596, -82.5635466431004, -39.23556650269455, -5.410959403209938}
