TETRIS-H20-W10. Noise: (50.0, -0.1)
Generation 1: 30.0 --- {-0.10828627122836694, -3.972504622412423, -0.4023541186029985, -2.6540989180134966, 1.704476887905425, -10.93596020530628, -1.82118720668484, -5.14794691048648, -13.118725019337825, 15.898238974581563, -10.259135072238362, -22.32189949875048, -3.3742007812615924, -17.009870142537522, -9.652749796370623}
Generation 2: 555.0 --- {-2.738722316674696, -22.969064521500876, -45.54920921278477, -32.144366504631556, -12.768930760494955, -11.715347573631542, -3.1746430883120857, -6.455023013941211, -10.703325300148611, 22.397757389160276, -41.91377225122325, -37.855528163633664, -37.77600695867555, -37.68493409103022, 2.305680753872115}
Generation 3: 585.0 --- {-22.830626015212072, -44.802021389203915, -26.171023240563997, -28.51946160782188, -10.454418413207199, -22.12707001272834, -8.241581190201678, -16.538047387315174, -30.474124687982496, 23.387261418330993, -49.79332051064394, -42.849421601135106, -49.61649908990583, -52.07199135048272, 10.157149559065171}
Generation 4: 3730.0 --- {-19.154010770799914, -61.5057522874249, -54.23080926803434, -48.198040206352296, -18.936258158186106, -10.42288645184906, -12.074480431847283, -31.701486522933777, -22.23233869532903, 8.803560981532902, -83.5206418976461, -34.71415939867769, -69.1932364977148, -62.54286790712885, 17.73939898068181}
Generation 5: 3804.0 --- {-5.834041148991276, -56.513586531018134, -75.49460133553191, -50.51133980604775, -23.91452819221899, 3.8655303088135184, -14.318845607731388, -13.37004511273815, -36.0119636112664, 41.90921318111411, -82.77710232785213, -52.08258778890482, -100.65667714532638, -56.77483679895583, -6.15535018142285}
Generation 6: 2329.0 --- {15.991153632457124, -62.635130281859944, -78.53139070169176, -59.533271976009146, -28.425023210348343, -2.8794292940794115, -10.419591627369043, -9.432822364760153, -34.934294047201774, 59.14179623884234, -79.18496960410603, -74.12126919399597, -104.74194539712418, -71.85685643042599, -8.982611048223866}
Generation 7: 6316.0 --- {-11.123893807207201, -71.8975031341571, -100.78886060375146, -61.854470926686126, -11.697566386614932, -16.86023095301017, -17.85883869825995, -44.600381526782, -45.499635410595275, 40.78257145624853, -115.7322018401977, -51.23490658388115, -114.38039316941116, -79.27966434531041, -1.4619417778971948}
Generation 8: 2223.0 --- {-11.123893807207201, -71.8975031341571, -100.78886060375146, -61.854470926686126, -11.697566386614932, -16.86023095301017, -17.85883869825995, -44.600381526782, -45.499635410595275, 40.78257145624853, -115.7322018401977, -51.23490658388115, -114.38039316941116, -79.27966434531041, -1.4619417778971948}
Generation 9: 2221.0 --- {6.0781322895300605, -69.96191181989309, -115.08798100995645, -89.18354959370923, 6.475290608134591, -4.276022288419175, -18.837442413248315, -50.01395251769363, -54.00529655200364, 54.73573863921112, -106.43143057900836, -98.78285347574686, -133.37807782876888, -89.43033796293679, 10.039287463240761}
AVG PERF OVER 50 TRIALS: 959.02
Generation 10: 3646.0 --- {12.943721958011304, -78.62841528794502, -102.0245281116701, -69.68621392126715, -31.846801490293366, 3.8635985405548787, -16.314881725159413, -20.46686749000169, -25.428571848594043, 41.24167850114285, -96.66987250541456, -66.42567008973516, -110.25073981335706, -60.610377283992825, -10.466594097354118}
