TETRIS-H20-W10. Noise: (50.0, -0.1)
Generation 1: 5.0 --- {-14.780154773880561, 6.341189427729042, -4.232011687867977, -10.371423322801263, 7.034082033654202, -11.383368314596979, -12.898183640643577, 10.133346064557623, -27.438158867630605, -15.390571033750257, -17.205809194461033, -6.9046003806075005, -2.191398583045675, -2.013375259235182, 3.1310405873072735}
Generation 2: 23.0 --- {-30.029387006060695, -7.392001254854369, -25.692732519533557, -19.355555229417376, 8.08800931372005, -21.721644114985054, -32.91174188743252, 4.32411137819786, -61.74592306574306, -40.49321537775134, -21.623339823202915, 3.1898635430719184, 11.37727834044401, -30.983677437353325, 8.2653818449113}
Generation 3: 35.0 --- {-25.703953241851824, 21.769491790027427, -10.835991883194424, -12.275196551613163, 13.957241152632367, -37.42874054521118, 9.580910062667112, 2.1387250684696806, -38.90723699810575, -5.482157400331657, -30.077739232105763, -11.847220349053451, -14.41742860202692, -0.138746007975314, -9.933498572176589}
Generation 4: 59.0 --- {-54.44238738622683, 6.046790026518822, -34.8302888921673, -45.3363432106793, 10.316834208996088, -52.7103806021978, -21.861411762406505, 5.902105416840617, -84.83773027207643, -38.60426688105498, -42.14428248675697, -8.256392795261739, -5.828257003967456, -23.116328926456152, -12.844800030546674}
Generation 5: 48.0 --- {-29.24770429465073, 14.176914183134507, -29.027312854475174, -24.810960923344496, 1.665406107597227, -34.785368942036534, -31.118407102107543, -9.488404055900986, -53.78855818827748, -29.50758600568493, -46.76595438391429, 11.808468172201582, 5.50011110128343, -26.27019545905905, 6.43239143620372}
Generation 6: 62.0 --- {-37.98344419186991, -8.384086494091163, -35.40470971813782, -41.36692064254371, -7.45243078094096, -57.556147754470324, -29.307782502841736, -6.36029290269947, -89.46562348855193, -60.51400071072225, -80.89311712734965, 6.592642057239075, 8.355273762405837, -32.39626462191739, -3.2180302580821385}
Generation 7: 64.0 --- {-29.30992029631521, -4.35698825870227, -4.673000531827732, -1.8374584715622646, -18.946446868872126, -37.28009907657257, -13.949858478546737, 3.331657383950734, -18.17833664453603, -30.64029432150099, -35.454167728747194, -9.185152569030027, 7.507868149947431, -61.69833120497845, 20.159964358489525}
Generation 8: 79.0 --- {-64.42960433821257, 17.879771321515243, -77.21560251753553, -68.1337622563282, -1.7923187647000631, -72.78196262593761, -68.28625095307758, -19.196903992410842, -110.65090493636029, -59.96900276004079, -86.45587477374363, 36.72566789724905, -14.447591335807406, -46.8111831108187, 44.500100893216754}
Generation 9: 92.0 --- {-93.40838141844215, 17.592989119181006, -111.36104426725862, -69.11412920843199, -22.019917447661193, -84.78202039750538, -101.8838193851922, -3.316169320451211, -109.7854539850332, -90.97783544671998, -135.88136566488265, -9.096386778274343, 18.164833659964334, -78.58644275836296, 51.49019150364307}
AVG PERF OVER 50 TRIALS: 40.96
Generation 10: 77.0 --- {-93.40838141844215, 17.592989119181006, -111.36104426725862, -69.11412920843199, -22.019917447661193, -84.78202039750538, -101.8838193851922, -3.316169320451211, -109.7854539850332, -90.97783544671998, -135.88136566488265, -9.096386778274343, 18.164833659964334, -78.58644275836296, 51.49019150364307}
