TETRIS-H20-W10. Noise: (50.0, -0.1)
Generation 1: 6.0 --- {15.797744834142621, -1.2638756708102479, 8.46190136203933, -14.545316120748994, -4.303238465062024, 5.795806293499516, -17.455580316059894, -21.949942683380613, 3.37526528385232, 0.657129787119365, -11.11659954360408, -4.882112980123527, -9.768770635379397, 7.620715023427884, -9.867386402967641}
Generation 2: 17.0 --- {-18.884418875069734, -6.255422084555091, 3.6501171531847483, -21.181898172988262, 0.059809094460231194, -4.492957766686507, 4.421263765087586, -18.091063294090745, 21.13764558317266, 7.091196335582406, -28.559059559127174, 0.8659209044267366, 3.721488497572962, -7.706410763209964, -9.510624996427122}
Generation 3: 48.0 --- {-4.308439645956614, 3.4497317927251143, -6.828946500760735, 4.163567189169669, -24.21934655085783, -2.380943364183121, -20.39202478995766, -21.77127497160442, -22.370723250008737, -27.53666501114546, -8.45541201629571, -22.379363064960593, -4.174136577014946, -28.241151018385565, -10.736988555355316}
Generation 4: 100.0 --- {-16.41564640791185, -0.32830463192990234, -5.940059429163577, -18.85451285772019, 2.9361118700620015, -1.6643396781618216, -27.607913334713245, -30.68763775032182, -26.651233776530212, -29.09063417108713, -18.133220999163647, -8.363292602602812, -15.969433991026797, -25.834447760041797, 3.3127950867850586E-4}
Generation 5: 123.0 --- {-13.4349768994123, 3.6504741306408723, -18.15209221870811, -12.417359467028405, -1.2031588272252343, -4.132419182046803, -19.079112649796123, -18.528390912863276, -15.87863811748456, -13.310993223229842, -29.891152282831655, 1.7545815179479405, -14.942405395665947, -11.25292290162841, -4.640110294526335}
Generation 6: 218.0 --- {-6.417969462239014, -9.882815127375878, -6.608968197160236, -9.516253705676517, -16.113032361701254, -1.9243442438154013, -0.4691657696750653, -44.55374835963619, -20.18731505287238, -28.804025962752476, -15.618340462784246, -6.654572775452656, -22.67769456675554, -13.09171543639667, -13.119465629101729}
Generation 7: 269.0 --- {-12.722044595630557, 2.828953342912479, -2.6243448311265674, -19.76141299462794, -17.888540870010722, -5.992398852294651, -5.690445540749246, -35.715537318703134, -6.523450856436306, -19.26305729747297, -39.21849589411565, 1.0975490191587585, -6.355921956402213, -16.142746014754277, -11.235250004585232}
Generation 8: 137.0 --- {-33.61180673452389, -7.320410526324681, 9.354088009800435, -21.37890977035775, -28.006352146431563, -20.62052712828641, -3.2240464783236096, -39.10420460855024, 6.560027083883945, -4.417769264254513, -33.86761759922511, -6.010705306583876, -24.327874679625584, -21.27621334453832, -26.31655462134388}
Generation 9: 209.0 --- {-12.775787097766553, -33.13483768495123, 0.06493072179117032, -14.684836907611492, -13.13676329006438, -14.96254044774596, -35.17619606812043, -22.675139069289944, -25.538888728938282, -33.55254721568426, -47.511028984153775, 0.7065165433622136, -33.789101526267416, -19.85249165087892, 8.848968245218819}
AVG PERF OVER 50 TRIALS: 297.12
Generation 10: 474.0 --- {-12.775787097766553, -33.13483768495123, 0.06493072179117032, -14.684836907611492, -13.13676329006438, -14.96254044774596, -35.17619606812043, -22.675139069289944, -25.538888728938282, -33.55254721568426, -47.511028984153775, 0.7065165433622136, -33.789101526267416, -19.85249165087892, 8.848968245218819}
