TETRIS-H20-W10. Noise: (50.0, -0.1)
Generation 1: 12.0 --- {2.5546157523721953, -14.275801762790527, -8.22629554302255, 1.3583645016486803, -6.995029770800611, 10.39661835854666, 15.976502418656773, 2.2672658253403517, 7.39323412018782, -4.019710854781976, -3.5377537881217904, 3.6195436536441217, 8.5045961174547, -18.677230636869616, -17.276815782296588}
Generation 2: 14.0 --- {2.98819468955569, -17.999153124266748, -3.4336154384008712, 1.5220707938113414, -24.431512965239374, 1.4513756276322285, 16.707484158349914, 15.094978102534705, 1.8369737981673728, -7.034953999507282, -4.933147915013717, 2.962240711207211, -27.22013818376436, -35.01715854945721, -31.318485068681944}
Generation 3: 67.0 --- {-7.119721421607094, -20.452932574026576, -5.821152091519831, -1.3701655486196538, -10.216164494274695, -13.738802157925608, 6.956540575188075, 14.885491177689676, -10.689373583539444, -9.398288176292622, -13.26362068519932, 13.038434605931489, -15.029613568603216, -29.37327155336355, -26.390010235649257}
Generation 4: 117.0 --- {3.176814929130061, -12.103706433908297, -23.214776465857117, -13.257410566666586, -4.394103875575308, -5.354824072934915, -0.7542090770508345, 20.558981474868887, 13.66488718834065, -4.204573694792743, -32.77297939819668, -4.171349849340095, -35.19416284716883, -28.488780408181178, -53.52097659529238}
Generation 5: 209.0 --- {0.7724370680808632, -45.14846193826939, -42.019275909176784, 7.76199816381086, -18.985282265269262, -7.430133843163956, 22.810472929318152, 12.206339397966467, 1.1207198371870897, -5.231189989007535, -46.66713867953792, -9.240566120347133, -44.052486384057275, -51.511169353470564, -95.91021443314284}
Generation 6: 235.0 --- {-4.759494661799234, -45.80317325102363, -49.604661832334806, -0.2177469154842937, -11.520940626404332, -11.872407780538513, 31.608457573399985, 15.52233268963343, -8.24256075352541, -21.358443897657786, -50.366981948298104, -14.703828856112837, -76.79779419468221, -72.2751067415066, -124.2035710351307}
Generation 7: 681.0 --- {0.811187381033626, -43.10215424440495, -28.84162021220717, -15.125168327729382, -10.51497310760846, -18.583879122433018, 21.31798493028911, 23.87985677860823, -2.9115161345874214, -19.042708590059547, -73.02198748464461, 0.5530243477258474, -100.1493770857823, -83.86769250714212, -123.45775210919896}
Generation 8: 1111.0 --- {-12.519443117380453, -31.193529641483117, -31.561130365918626, -24.46277786120646, -20.151375757085965, -20.064621252990513, 39.096116102458716, -0.293742441017919, -22.41103273928878, -7.1556729632666745, -50.856208432662626, 21.840041990990844, -88.66969677491848, -95.48261659654297, -82.71408799346487}
Generation 9: 1131.0 --- {-1.5059179175752981, -49.538090641053856, -31.82139020620466, -28.720784204351446, -6.965477594549605, -4.234290513586579, 27.230708279161746, 1.314923288235244, -4.423893464351923, -1.1964121458589982, -37.77921301148814, -4.6311133973399485, -69.62833370283508, -61.30301034965868, -96.1060338402209}
AVG PERF OVER 50 TRIALS: 279.3
Generation 10: 1282.0 --- {32.44237312917721, -34.30671816715817, -17.214162299769825, -43.2978798992191, -2.4301178337968246, -2.5004725519810975, 5.741429392232289, 20.732488837409996, 10.661695709471424, -7.745177903672799, -59.658955295248056, 3.358132906607536, -95.46081445902345, -111.39746678538505, -97.05942294856442}
Generation 11: 3884.0 --- {3.6275377852430037, -39.25890359707073, -11.979272369566047, -44.9122613701714, -7.390604581465579, -22.400226998758193, 22.524260464800587, 29.255438187043687, 7.798113013207253, -7.2672744509620975, -76.63608098355651, 5.520885207258861, -88.76305042033366, -75.15449057021685, -115.23464857482479}
Generation 12: 5275.0 --- {5.206267681034728, -35.68000654013831, -17.604965512587206, -26.239287346897015, -11.350819759670276, -1.0196080033447465, 24.32951165124902, 21.86809181537383, 24.012848681897896, -13.911744992965954, -66.11957186605461, 5.455478539964176, -102.37530145871011, -86.61907228425541, -90.4283222080373}
Generation 13: 6325.0 --- {5.206267681034728, -35.68000654013831, -17.604965512587206, -26.239287346897015, -11.350819759670276, -1.0196080033447465, 24.32951165124902, 21.86809181537383, 24.012848681897896, -13.911744992965954, -66.11957186605461, 5.455478539964176, -102.37530145871011, -86.61907228425541, -90.4283222080373}
Generation 14: 3093.0 --- {-21.74722018521487, -33.754820525420755, -15.871936180051172, -24.011028699856205, -33.95784656050276, 2.514417224987781, 27.665126680789804, -5.682841778562974, 0.042319332626055584, -10.628479515142782, -64.26489962754661, -21.13400447431249, -115.88488649559112, -77.86615909957303, -90.94062439153369}
Generation 15: 5350.0 --- {-3.023144562284136, -46.95320285520472, -20.323600345415883, -15.884717416347572, -9.496587740854265, 2.9331564657490485, 14.434204896184934, 4.159725740642269, -1.5269658254567826, -20.168649655585774, -71.11870879052202, 4.07343172231671, -97.01320935057396, -83.00220177616744, -93.73009270609073}
Generation 16: 8884.0 --- {-3.6675827505972167, -42.670308889115056, -30.9615097805263, -26.268065438289536, -35.53042398313335, 4.8379530572171285, 22.238138719886035, -13.70634948563146, -7.096211223053943, -14.314923627587506, -83.48122458830925, -13.90688742932842, -101.9473795424288, -83.31072542292361, -79.5651318476314}
Generation 17: 7273.0 --- {-3.7202211654500594, -41.33444962144435, -28.22804166433724, 1.1318789076826405, -21.38436918113308, 14.104806565442818, 12.319763415584159, 6.162726781533966, 8.985275114511362, -49.13757574285362, -80.93852407134848, -14.337735777213165, -123.74655000132765, -77.51188188267511, -79.47165488281144}
Generation 18: 13324.0 --- {-3.6675827505972167, -42.670308889115056, -30.9615097805263, -26.268065438289536, -35.53042398313335, 4.8379530572171285, 22.238138719886035, -13.70634948563146, -7.096211223053943, -14.314923627587506, -83.48122458830925, -13.90688742932842, -101.9473795424288, -83.31072542292361, -79.5651318476314}
Generation 19: 10778.0 --- {-11.129799264698406, -45.49655179991835, -20.30482012212718, -27.488601187882487, -32.6411518419827, 21.158798229914147, 19.21155971300719, -6.204961779019104, 19.18191777888778, -25.482619089440792, -90.58681119915815, -16.696744096582222, -122.50098151281088, -74.21736282789438, -85.64985179500849}
AVG PERF OVER 50 TRIALS: 6699.46
Generation 20: 10333.0 --- {9.101635626778357, -48.73497969053841, -44.366163527018166, -8.522545434280334, -24.581568952451732, 3.399061581158004, 6.662215069419876, -1.1070819668607306, 0.5652995171853125, -24.859286324878116, -78.05884793482036, -18.51494854687958, -123.74161495585204, -67.20344206551592, -60.9938041580907}
Generation 21: 14656.0 --- {9.101635626778357, -48.73497969053841, -44.366163527018166, -8.522545434280334, -24.581568952451732, 3.399061581158004, 6.662215069419876, -1.1070819668607306, 0.5652995171853125, -24.859286324878116, -78.05884793482036, -18.51494854687958, -123.74161495585204, -67.20344206551592, -60.9938041580907}
Generation 22: 11366.0 --- {9.101635626778357, -48.73497969053841, -44.366163527018166, -8.522545434280334, -24.581568952451732, 3.399061581158004, 6.662215069419876, -1.1070819668607306, 0.5652995171853125, -24.859286324878116, -78.05884793482036, -18.51494854687958, -123.74161495585204, -67.20344206551592, -60.9938041580907}
Generation 23: 15115.0 --- {16.73121452984939, -54.16334940561354, -28.965314817796706, -35.78320869658679, -39.560200200962456, 11.192274998083617, 18.61301631297191, -24.19883784889783, 0.632167401683513, -24.69330715273378, -99.57816194645483, -23.8787517470631, -123.82280318525208, -74.30605893863824, -71.36463472644962}
Generation 24: 30732.0 --- {47.269221445945035, -17.34685753813831, -25.913879786044703, 3.316616142127989, -19.59812807065903, -1.8441757518764508, 12.778178463717405, -1.565006015906917, 1.6059565775906912, -2.3184952955091838, -96.79763750978391, -16.566926381715426, -121.73972215944333, -79.78192614765996, -77.67905135739824}
Generation 25: 44353.0 --- {41.42091116359718, -26.346792024835757, -25.099591395662234, 2.2785976065792948, -28.065658717432648, -8.321145929079396, 9.727236082368284, -4.3523236426246505, -9.358207779214156, -4.6120108534238256, -100.5885691995813, -30.10567908869662, -104.27578109984938, -61.330466217065805, -43.74003115322394}
Generation 26: 94647.0 --- {27.519743435397388, -37.40022888951014, -10.190708306295186, -6.398067447736812, -13.594873926785722, -17.675278965882057, 12.084786428215423, 8.737599554014958, -18.18210681185097, 1.375555777479585, -110.83378729861305, -33.776534730124574, -104.71637675183749, -70.82596748009192, -53.07724045631296}
Generation 27: 48191.0 --- {27.519743435397388, -37.40022888951014, -10.190708306295186, -6.398067447736812, -13.594873926785722, -17.675278965882057, 12.084786428215423, 8.737599554014958, -18.18210681185097, 1.375555777479585, -110.83378729861305, -33.776534730124574, -104.71637675183749, -70.82596748009192, -53.07724045631296}
Generation 28: 68362.0 --- {24.321690026222303, -77.50426626657467, -7.057655242291148, -34.84177025763262, -26.67716547480027, 0.19826194368377337, 11.414039537637425, -16.18013438850064, 4.964862698404721, -6.557458783064227, -109.62712655222127, -20.402651554215545, -114.77987716751144, -49.95485005782052, -54.48383893606767}
Generation 29: 55650.0 --- {30.374758060343826, -28.82597839645778, -19.762823258392743, -14.570009918891062, -29.2203051673551, -2.2543619030798143, 19.49502512934043, 9.380176634858405, -3.1357463288242444, 21.6664633398654, -103.54057035971891, -29.093828042079174, -117.3885957023137, -75.22961910929752, -47.9106970642093}
AVG PERF OVER 50 TRIALS: 33837.98
Generation 30: 103392.0 --- {22.5137252219656, -55.41803420470263, -7.014048296227122, -29.60741608513005, -18.06835803998656, -6.365436116085743, 11.54380612504594, -4.1536876438144965, -5.966568114659991, 10.093603095257915, -106.09714516343284, -33.38486928503754, -138.2300000955666, -63.338335287959644, -54.42406050664167}
Generation 31: 79326.0 --- {22.634958028315182, -42.01677684667838, -24.5356485454256, -23.104056416118677, -19.526184100914374, -22.61930772483815, 17.822325497982092, -22.729734606279134, -6.088542954601961, 2.28192322855171, -108.55064898238719, -16.79185273777506, -124.67686852668976, -66.31941271492408, -45.26752096359168}
Generation 32: 78262.0 --- {32.27585201169855, -58.391769340060456, -21.45142860155231, -45.5722141735118, -21.312587827394754, -12.054725858054306, 17.9621682369682, -21.72953312673046, 2.1249802170943664, 12.393822005611622, -102.25262144809565, -9.647910162020063, -139.9686211457115, -69.29684065088415, -48.57800823922347}
Generation 33: 70005.0 --- {14.594066321211711, -34.01060479425273, -14.628000049867365, -22.207035521502508, -18.495404421260456, -13.28757029576903, 19.473586787855474, -20.54195753753212, -5.080754694920637, -4.474779594371592, -113.17223869681315, -28.932821697882048, -109.9998106743346, -64.44991063764049, -43.849684491669684}
Generation 34: 32666.0 --- {12.810137909168859, -38.57165485758889, -9.576416007892742, -31.650382196185323, -23.148856507076058, -16.4676242655996, 28.33186089086439, -19.600921730023163, -25.334057657441043, 11.843648699888874, -123.42780133121776, -32.569300312131666, -112.31274261982695, -68.47123427714476, -47.10652558801003}
Generation 35: 68592.0 --- {32.27585201169855, -58.391769340060456, -21.45142860155231, -45.5722141735118, -21.312587827394754, -12.054725858054306, 17.9621682369682, -21.72953312673046, 2.1249802170943664, 12.393822005611622, -102.25262144809565, -9.647910162020063, -139.9686211457115, -69.29684065088415, -48.57800823922347}
Generation 36: 86572.0 --- {11.591620707941502, -23.172619423942137, -12.656681730314894, -16.141024474368322, -18.252087376885434, -18.906688507891467, 18.43561746382141, -41.604227430711674, -7.832624004595023, -11.67715771622834, -117.01174585556969, -34.365420651947204, -117.56833311048999, -62.93962677704264, -31.23915938325439}
Generation 37: 138362.0 --- {19.039587656306416, -51.60007582731314, -15.07366856854652, -4.910747148472801, -21.038027526549527, -11.715431126473964, 9.33278011117544, -28.38461094562139, 5.213316531225924, -17.509699898655395, -119.71009180048458, -35.035204788840765, -117.76117950895991, -50.082832967849185, -28.185783208050168}
Generation 38: 103581.0 --- {28.02274349052196, -45.79632471941946, -17.79128983643344, -15.96790441852211, -24.62243614505602, -19.09771258949145, 20.761568162681456, -39.78105627200683, 5.70447884717677, -5.008011938696093, -123.80766522816201, -32.83788950134052, -125.7273038529382, -67.66920341098225, -18.566821900241223}
Generation 39: 77999.0 --- {33.75183434130174, -34.3649932040459, -10.160720381382372, -16.665929549379303, -9.509471665530523, -12.382840264551765, 28.5583985004339, -27.130220442173975, -1.0066074048546827, -7.884836841177641, -118.51011835562181, -25.3660782613684, -138.414001260262, -67.3272996206675, -32.879371109707854}
AVG PERF OVER 50 TRIALS: 33518.84
Generation 40: 64057.0 --- {32.53458476556517, -41.6536362882469, -15.05709868129692, -26.522828518755958, -9.411806897619996, -6.783756337608104, 19.427437325702428, -30.86674194530252, 1.0844050413415403, -16.117432440132664, -116.02188105281718, -28.66658463985893, -131.47612913882824, -61.60217605927171, -33.377982086735585}
