TETRIS-H20-W10. Noise: (50.0, -0.1)
Generation 1: 3.0 --- {14.45266479428534, -2.629492052706972, -5.057873693679065, 11.640027748568066, -6.942139241215833, 6.754103075503166, 15.009364810754736, -19.30957890911654, -1.8361351294186332, -2.07421511530901, -8.423844538849405, -1.2861453551544153, -11.40550154886653, -1.6331533605489723, -10.165972539142366}
Generation 2: 13.0 --- {-16.84003377578131, 0.007017843456202044, -35.50428364744785, -2.1218107369727623, -15.33041019673069, 6.594907749344706, 16.75383661011447, -18.49087434208641, -26.372569707622105, -18.421045533564964, 7.921117149437161, -25.43983108078472, -15.945621413822565, -29.570149446607306, 6.626474571646038}
Generation 3: 63.0 --- {-12.052780979070542, 0.627989086438876, -14.736257888817669, 20.00638702266401, -23.65132132818126, -3.2595114214649445, 5.56909093754538, -13.009071053253518, -29.313131106963972, -25.148035952508188, -12.572122635985043, -24.37718350707629, -19.12200857153652, -19.722047997595173, -1.4311305697466028}
Generation 4: 182.0 --- {-12.052780979070542, 0.627989086438876, -14.736257888817669, 20.00638702266401, -23.65132132818126, -3.2595114214649445, 5.56909093754538, -13.009071053253518, -29.313131106963972, -25.148035952508188, -12.572122635985043, -24.37718350707629, -19.12200857153652, -19.722047997595173, -1.4311305697466028}
Generation 5: 75.0 --- {-26.074188629958897, -20.298263587738088, -48.255062346191785, 23.695190377999545, -42.92330630144852, 3.168555811604699, 0.773886768665327, -32.28662394885942, -40.828961467489464, -39.67146889838453, -9.088163492936147, -46.831686809225864, -23.10369094780898, -14.180749962458743, -10.656889020306746}
Generation 6: 105.0 --- {-12.052780979070542, 0.627989086438876, -14.736257888817669, 20.00638702266401, -23.65132132818126, -3.2595114214649445, 5.56909093754538, -13.009071053253518, -29.313131106963972, -25.148035952508188, -12.572122635985043, -24.37718350707629, -19.12200857153652, -19.722047997595173, -1.4311305697466028}
Generation 7: 135.0 --- {-22.95596443422839, -3.4430811589454517, -39.44414165104381, 23.155410797786274, -37.93115541200292, 4.980303201522411, 8.35108513924606, -0.1158741778861625, -48.68300648197033, -43.9822104967225, -11.306831061193666, -40.543992231975174, -20.302654555377188, -31.54469545443491, -20.56791544836807}
Generation 8: 128.0 --- {-18.813370974072903, -19.693375529781477, -44.13273579131149, 11.984762642606311, -41.4870772686704, 21.558172465785734, 11.166512915255101, -21.832421121176928, -27.59827371271243, -48.001807780675676, 4.928614603068142, -72.33224570960908, -21.978139174205367, -33.22551473922355, -8.289350183594584}
Generation 9: 214.0 --- {-11.24902892522644, -29.969400948264187, -27.263204492904233, 13.087305447627621, -39.89999395496973, -7.6683134560720045, 11.304943253648332, -18.062132312879196, -15.995496433876275, -22.62400832418644, -21.926109847660378, -45.86152575709254, -24.205232816153426, -22.544231954280026, -16.47879806536251}
AVG PERF OVER 50 TRIALS: 200.86
Generation 10: 254.0 --- {-9.284545602471326, -38.35300035583329, -30.990316214492445, 28.13974822941337, -46.12269943812987, -4.8991807255219335, 2.046949638660469, -24.927141296468278, -27.900488728148336, -38.072479324409066, -19.851690634723887, -57.684094723906625, -57.665362891183136, -36.49102821512149, -3.301660398363179}
