TETRIS-H20-W10. Noise: (50.0, -0.1)
Generation 1: 2.0 --- {-0.24412915567115367, 7.104546554736323, -3.7728203338276076, 3.6572549049425573, 5.3145722264684085, -9.543453469983344, -1.2484851125233285, -8.988366995360407, -23.529434701451507, 18.64384164926018, -12.4233127009899, -3.500305906988539, 2.0112156106860968, 1.3452196181427667, -20.258604510655772}
Generation 2: 7.0 --- {-5.219955152392727, -10.539628326411464, 0.9195600457267856, -12.120987683350206, 1.0179147829385156, 5.358733544228183, 9.586511280804006, -4.068475545023192, -5.76379944935426, 4.766715940534632, -2.1290427637934144, 2.4822856431906954, 0.808979441699212, -8.798010639631055, -4.652794775452678}
Generation 3: 5.0 --- {-9.411256254833555, 15.399728311947838, -15.587141320721178, -0.9995006537845805, -13.698128133151268, 0.20683351601068267, -7.95804190908757, -1.2251312680817112, -31.34155495923043, 11.408753247676291, -18.43543178840779, -14.086713218153069, -1.7792958502657252, 2.1865278731849753, -19.344609995446632}
Generation 4: 19.0 --- {-2.9755885495992995, 3.4574675880056964, -14.165150593179195, -2.89037439202746, 2.9468474720673283, 10.923540234581068, -6.386029453313457, 14.866934222397882, -26.76468232610825, 12.86481884287336, -18.403213717494072, -12.7085667067461, 2.551985668822469, -10.763615592736368, -27.39892511831612}
Generation 5: 23.0 --- {16.55396471937115, -23.874586941026777, 5.883278126433957, -24.094534967523217, -16.376250305427437, 8.199546366264759, 4.935966492948973, -13.58597417647211, -28.034075167097612, 15.765422173436075, -29.357746400136616, 18.82214228076723, -8.559823988866123, -13.62541506471929, -24.25509753551661}
Generation 6: 35.0 --- {1.624601982080566, -37.36019176407492, 5.635299418693277, -17.299081678487248, -10.042994471243166, 11.799834058417066, -5.269222325778251, -8.313330539444252, -17.29317989847503, 23.328171118451113, -35.7654869816149, 3.843637311952072, -7.100082473639574, -7.3698509300497825, -24.64572013912616}
Generation 7: 228.0 --- {-17.57635434655279, -19.53302783096755, -0.23702418841332928, 0.9541719142653395, -12.269640417688112, 3.001674967103379, -16.55578748284083, -4.4911860715991025, -12.940224606287734, 0.0014181810263398376, -43.84548173314383, -3.0471189868561974, -8.668648420360237, -8.427636501440988, -21.964822198145406}
Generation 8: 83.0 --- {2.5322210220348245, -5.483175026385183, 7.736974121264069, -29.661195663720605, 13.3138833843844, -4.006416517534267, 6.279015544685896, -2.50939201014332, -15.365772523574588, 1.6023017694059858, -33.49512487288774, -9.224050210777115, 6.374177028591275, -10.058094595523547, -11.404283609299014}
Generation 9: 91.0 --- {-0.3234344467364447, -19.72458733892026, -11.501082969702196, -13.95987533457094, -28.7058856727323, 1.3993221915294831, -4.583946765292481, -26.55401944206752, -15.736201558540634, 8.95124360234085, -36.53079937374131, 24.622783142805204, -27.978090712238263, -7.296489023853733, -26.354958171618517}
AVG PERF OVER 50 TRIALS: 294.92
Generation 10: 254.0 --- {-6.90306215980233, -19.637695157181838, -6.393265073164957, -38.55399411489343, -16.87620110559448, 5.216856752322853, 4.739413801493987, -10.391384619927086, -3.811667834177344, 14.280346792009329, -33.08741696381215, 14.842960077698603, -32.40532326294688, -23.13509328864616, -4.028786739100152}
Generation 11: 879.0 --- {-22.951337447958284, -18.91703025471041, -14.635592418270418, -35.36519169422776, -33.464137681999, -9.137380882047601, 1.2917798245249772, -20.13749522915719, -2.354542554588729, -7.266857817591719, -19.563589394155198, 10.193747463456766, -73.11475379553937, -22.32634300210552, -3.7116259499710047}
Generation 12: 281.0 --- {-18.99754365654244, -2.0720230018814405, -15.706526277909784, -36.863194348693945, -24.85447987932169, -10.378057079265588, -7.268030869605825, -25.43344961609506, 0.7965952147404218, -5.489163902000954, -30.589288943277847, 12.244079224152806, -78.4737257435446, -24.0732179324105, 4.772297689131197}
Generation 13: 920.0 --- {4.925760147032593, -19.31662768157386, -3.4886661759445996, -29.413295475292763, -18.297517984606614, 15.3993715633065, -2.23510487833037, 6.336069440733958, 9.493434714480241, -13.097316631909615, -65.11168770845856, 3.3861779832736794, -37.05101386447802, -52.31429533768113, 4.244590908160449}
Generation 14: 927.0 --- {-8.031896982705453, -34.59934376514184, 6.745599604547714, -18.363124745868273, -17.96559249104624, -6.414678090267309, 8.443033353127424, -24.699882811551788, 2.1093673496048515, -7.064021444972087, -34.79882733575469, 8.81459537056893, -54.8007508676141, -27.6371241327031, -16.553225624040902}
Generation 15: 767.0 --- {-35.19066534211305, -30.654424261850856, -13.925802513280525, -38.607676933845156, -47.93115543214202, -28.554084660705232, 6.974248618556094, -15.77022113790617, -11.039775489416533, -15.978958343376524, 6.894786194961625, 10.66621232572825, -94.95122543850245, -30.50084199932548, -19.326914266384172}
Generation 16: 535.0 --- {2.4717780183519107, -13.546006692398986, 4.471237214547159, -24.2599315357449, -22.804588767540952, 3.5702351606540086, 6.915925243022936, -5.645784731697418, -8.344197877632201, 3.0532678149475676, -24.019182191936736, -1.1068465666619254, -43.032400673000126, -23.28227444111882, 4.051083972176065}
Generation 17: 965.0 --- {21.009112311678326, -33.57167842403018, -10.560471788009202, -40.398831863130056, -9.881765107264322, 8.981851018702208, 8.083562374008403, -9.510872669257528, -0.8496659333127478, 7.519977981324946, -42.72489746214954, -7.827958260385845, -40.1834269471033, -45.94684530140385, 2.4464360072894666}
Generation 18: 1402.0 --- {-20.242292591098106, -37.52165624424015, -7.651199072824154, -24.507802081127018, -29.699107131877373, -13.174701337671666, 6.2155548612527545, -23.051114494857917, -12.14045993826881, -3.071506128059996, -31.039218805221562, 5.117740495033254, -63.551447253641534, -29.552943211973755, -4.543600413725787}
Generation 19: 3017.0 --- {-10.870901810326536, -26.60872995167312, -2.0945844976711996, -37.89866296499788, -20.640883025010357, -5.251447771517062, 23.5747194047935, -3.0195940606239944, -1.2842005835401542, -1.322210674490307, -37.51643854526654, 4.567530787205997, -60.19860376218156, -38.937698140259485, 6.7339511156309095}
AVG PERF OVER 50 TRIALS: 1600.38
Generation 20: 6303.0 --- {-12.954211249663283, -20.909542342352502, 2.7178463828014543, -20.707364056691723, -16.084668644147182, -19.281700543029494, -1.2115676859561846, -4.004014386622867, 1.2055672020557666, -6.081656900912357, -31.790491794036193, 8.120682741865275, -71.80899471534481, -42.23143380085875, -9.041405589076337}
Generation 21: 6547.0 --- {10.231812496901604, -31.567987613928796, -7.204579035584375, -12.015192798265996, -6.6168855365570955, -4.616381656753946, -1.1225067949758385, -6.635233382821134, 1.3631264292748835, 2.0623221955075532, -45.1236221843095, 0.7317698957005256, -58.28148983009611, -47.70307214560332, -11.434431831657518}
Generation 22: 7297.0 --- {16.35425496379559, -26.191820867806662, -25.254742298587512, -9.039816666360892, -9.86243748743905, 3.5629816276093953, -13.640104397299666, -8.529457043527163, 2.3568932668021763, 1.3104226444775597, -56.574220137089, 5.3761484248161135, -46.490700308274555, -51.851671375194954, -10.334440016446361}
Generation 23: 5278.0 --- {10.231812496901604, -31.567987613928796, -7.204579035584375, -12.015192798265996, -6.6168855365570955, -4.616381656753946, -1.1225067949758385, -6.635233382821134, 1.3631264292748835, 2.0623221955075532, -45.1236221843095, 0.7317698957005256, -58.28148983009611, -47.70307214560332, -11.434431831657518}
Generation 24: 12530.0 --- {28.888237116161825, -34.96081581448853, -10.28650648552361, -2.7947687986248866, -16.237617502622967, -2.824576842785321, -3.121059816137972, -18.60307145919873, -15.340031604848642, -4.053792291717136, -50.31774296375938, 4.994429724592733, -61.38729657251875, -40.86747948688817, -24.46136413615735}
Generation 25: 18515.0 --- {-1.1543069170052078, -47.18931628638735, -20.01976706993555, -11.884082137552817, -29.56005466264917, 6.838169398987367, -1.0786298363731666, -12.35138669527263, 2.271624350732063, -2.1687073265353236, -53.547735056657984, -6.734855294838921, -75.63822948663412, -58.20321607995686, -3.6264800420947996}
Generation 26: 38103.0 --- {22.572706461753803, -34.50690120463824, -16.59574961711646, 3.0596646937266865, -13.014373803403405, -1.775258051780371, -3.4784592364110534, -10.602746825249966, -10.218104447829251, 4.630054986919128, -59.91504272979247, -1.7935125843134776, -61.17665551598671, -30.007858755533512, -29.47858492216807}
Generation 27: 18979.0 --- {24.922423619018097, -46.33502973500721, -11.958237780494034, -5.867821814575711, -2.699459070007915, -15.588259626960822, 4.8184561615954316, -9.69884246037852, -14.929109360703297, 2.8443941087476237, -67.50516531552604, -13.891785693391416, -64.12915191748289, -33.19187863530707, -22.84402806442867}
Generation 28: 43084.0 --- {34.333060263091866, -39.73947590054599, -21.601381844569566, 8.85877574236392, -14.630403781057877, 5.843206690604724, -15.78322859650413, 0.7382988258776653, -6.990111123723744, 0.9690740811618498, -70.34745323579634, -6.9741819758175865, -63.208385624702835, -55.52327888482051, -17.121485651776997}
Generation 29: 41942.0 --- {21.65049794775959, -47.26633578157481, -23.11126095319143, -4.530249374677539, 0.17891680262631127, -14.467991209205634, 1.2218932678663412, -30.848209139026153, -10.395856096950592, -8.663720500803173, -75.8147417077112, -10.01456400901256, -65.98525111964787, -29.223607004274562, -5.591874755516688}
AVG PERF OVER 50 TRIALS: 16858.32
Generation 30: 36330.0 --- {33.67852784440626, -45.16882186664777, -24.504048498092722, 0.16669942036350793, -10.526840039538612, -4.02674768805906, 2.4643638545608875, -26.559752132318273, -2.915287635894259, -14.589210769662788, -92.37144590973455, -5.242443328115149, -53.112650144048075, -47.33948798332004, -14.843860968672132}
Generation 31: 31786.0 --- {27.510724829278217, -33.56794109711511, -7.931809283322101, -6.330003475220965, -23.53794899239422, -14.728772679841184, -2.019988627461972, -1.2871551216966193, -8.37665279308863, 10.038858212194121, -62.53763840646477, -6.810554775352688, -64.6762263420021, -34.71335874083059, -28.94160116625755}
Generation 32: 18818.0 --- {21.65049794775959, -47.26633578157481, -23.11126095319143, -4.530249374677539, 0.17891680262631127, -14.467991209205634, 1.2218932678663412, -30.848209139026153, -10.395856096950592, -8.663720500803173, -75.8147417077112, -10.01456400901256, -65.98525111964787, -29.223607004274562, -5.591874755516688}
Generation 33: 37867.0 --- {22.256586906902257, -53.88040543527607, -32.441375440971775, -6.960870108390841, 0.28099909578606486, -11.766109858413355, -4.195423478501969, -23.32686114147508, -12.259084260207981, -4.708882585967756, -96.87795308799295, -15.54446067737779, -90.7709798875575, -54.32322366937448, -11.978327354058827}
Generation 34: 115688.0 --- {33.542161456414156, -52.992030440828906, -35.73986257065889, -15.398246761541477, -4.040971800124351, -16.715334190477602, 6.232457366174757, -24.845086922039563, -5.341224648834286, -12.533669094895606, -103.24960853088803, -16.417197914337592, -105.36834629973252, -53.472089802730984, -18.109550506732877}
Generation 35: 51147.0 --- {40.947115560741594, -53.743213714746766, -46.65682318010856, -20.283085870628277, 6.538254270437122, -17.857495259172065, 6.133099863607328, -22.581332454483974, 0.7581795414492802, -13.471613085684215, -128.36827265237463, -18.816395073528085, -122.74714364173195, -70.1017182926916, -12.523391528036807}
Generation 36: 52990.0 --- {31.91016868947365, -36.886517498302595, -29.87784337157436, 2.0805442753457415, -13.74532695053965, -7.48061087148954, 6.827743104451474, -10.969124593115636, -11.735998738043733, -5.510779056838882, -95.40681298221331, -8.851081096945911, -75.48573085352945, -58.41802025785903, -19.209731343892738}
Generation 37: 43594.0 --- {40.947115560741594, -53.743213714746766, -46.65682318010856, -20.283085870628277, 6.538254270437122, -17.857495259172065, 6.133099863607328, -22.581332454483974, 0.7581795414492802, -13.471613085684215, -128.36827265237463, -18.816395073528085, -122.74714364173195, -70.1017182926916, -12.523391528036807}
Generation 38: 145012.0 --- {34.332936287558006, -50.82053163168836, -18.809833472896372, -19.812206961842193, 1.2116169260645684, -14.977446456692588, 8.111986265057531, -21.341067140899547, -12.93498308961129, -6.981452656773054, -140.64014133778247, -25.19559428148133, -110.83231656982582, -67.66045006133261, -17.550503731084333}
Generation 39: 43875.0 --- {29.83970895036863, -43.22872240394406, -30.485647014266338, -20.690988067564515, -16.904125019502928, -12.941126317715467, 12.865297733377307, -19.688987439783535, -12.61054563806509, 1.745869306246977, -134.6395689205277, -8.443922299249166, -111.95843037135218, -64.632566795696, -38.79437543649762}
AVG PERF OVER 50 TRIALS: 42827.74
Generation 40: 82727.0 --- {29.83970895036863, -43.22872240394406, -30.485647014266338, -20.690988067564515, -16.904125019502928, -12.941126317715467, 12.865297733377307, -19.688987439783535, -12.61054563806509, 1.745869306246977, -134.6395689205277, -8.443922299249166, -111.95843037135218, -64.632566795696, -38.79437543649762}
