TETRIS-H20-W10. Noise: (50.0, -0.1)
Generation 1: 21.0 --- {3.991100177822313, -3.002463788489475, 4.507845289805827, -1.734724665960579, -7.952952174620563, -29.050403768098057, -9.527489859813873, 3.949610661720702, -8.373915593996417, 5.5188432659511015, -16.9938558620379, -11.824064203752908, -2.430808942651597, -12.947051266887318, 6.502467724666825}
Generation 2: 46.0 --- {3.991100177822313, -3.002463788489475, 4.507845289805827, -1.734724665960579, -7.952952174620563, -29.050403768098057, -9.527489859813873, 3.949610661720702, -8.373915593996417, 5.5188432659511015, -16.9938558620379, -11.824064203752908, -2.430808942651597, -12.947051266887318, 6.502467724666825}
Generation 3: 136.0 --- {3.118291539034975, -2.415293873979421, 17.608105627830227, -7.04990254365668, -13.13997366597226, -29.830183605715767, -10.479906759131204, -10.691928618572058, -22.616918733794126, 15.880157942314707, -53.19618930526449, -33.69715755473126, -5.706378504261672, -16.67466058260016, 10.781157485864794}
Generation 4: 132.0 --- {3.965814869578637, -29.64533019533537, 14.896103755842509, -18.46165820964822, -52.70685268783088, -117.25378258338188, -22.535742402967866, -13.962374261455194, -24.02956609679645, 17.036143233368673, -89.86278898268128, -51.54783855598667, -15.904922043671021, -53.30282667734242, 29.579346580559285}
Generation 5: 295.0 --- {-6.063912798287118, -26.4677768054227, 24.950086981630296, -55.0159412329533, -72.44392481983506, -104.3659060948367, -12.638606105406772, -25.90815135108757, -26.930685683999837, 19.121565863743594, -111.84715609921845, -76.41349413568571, -21.65277120395632, -73.67678324534809, 37.4733622873894}
Generation 6: 168.0 --- {2.389728268649291, -18.135354193969423, -7.22894946719407, 12.393358347903554, -22.874198757907486, -49.73013609477324, 11.195021905226657, -3.8112089028981124, -19.208838075983586, 9.543111324535264, -46.96775666137543, -22.84235965369669, -3.8514633823486406, -40.81201537273607, 13.21747788293802}
Generation 7: 319.0 --- {3.934740078279831, -14.153628089804307, 22.06049523916405, -37.44480557169615, -73.91394351329798, -146.23556442670483, -29.37986239997696, -30.918632586106522, -21.913639848847076, 47.02738013028518, -117.10342741593003, -82.25546903289859, -42.402756681276706, -54.20675625376449, 46.704680501893904}
Generation 8: 162.0 --- {7.488022208731263, -44.299451587560924, 11.457617669479642, -64.88458310239953, -93.8621905356977, -195.80045534056262, -59.495066968090796, -32.503403412877724, -21.13060784810998, 52.04202102073715, -180.44230269912168, -77.88788909625731, -15.476079484297582, -104.92510511009584, 60.15431953587763}
Generation 9: 180.0 --- {-2.2583552580223794, -32.37540918516494, -3.0238529850110396, 6.874142843865272, -34.362290721620006, -104.62691823280386, -22.650901182563736, 1.4689172919054947, -26.42903701566927, 36.53009400196162, -106.62631873001945, -20.398226156035633, -18.809771202336968, -71.41761411395575, 54.18605913590492}
AVG PERF OVER 50 TRIALS: 89.0
Generation 10: 145.0 --- {-6.985611341872447, -18.04316784802234, 22.693101542102347, -94.63630538271087, -94.29473715050906, -171.87186553671035, -37.20046769066438, -36.05199475422556, -18.393096226957567, 31.98372609330993, -192.11561036589302, -103.78040166642657, -24.858749517845148, -98.45341018499307, 57.470206449528625}
