TETRIS-H20-W10. Noise: (50.0, -0.1)
Generation 1: 145.0 --- {-0.44309654672758314, -3.3909801767655563, 1.6719194744164505, -0.7653280196207017, -1.608410293889889, 2.0743947081826986, 5.655073824972722, 5.14092444581899, 2.2672815875082803, 1.415847020387133, -7.990477478944252, -4.127335072510421, -5.408432784204179, -13.243669811391548, -14.07202097241875}
Generation 2: 127.0 --- {-0.44309654672758314, -3.3909801767655563, 1.6719194744164505, -0.7653280196207017, -1.608410293889889, 2.0743947081826986, 5.655073824972722, 5.14092444581899, 2.2672815875082803, 1.415847020387133, -7.990477478944252, -4.127335072510421, -5.408432784204179, -13.243669811391548, -14.07202097241875}
Generation 3: 242.0 --- {-0.44309654672758314, -3.3909801767655563, 1.6719194744164505, -0.7653280196207017, -1.608410293889889, 2.0743947081826986, 5.655073824972722, 5.14092444581899, 2.2672815875082803, 1.415847020387133, -7.990477478944252, -4.127335072510421, -5.408432784204179, -13.243669811391548, -14.07202097241875}
Generation 4: 146.0 --- {-17.553473577109916, -11.998425398604489, 23.157788879577055, 1.2643605352061593, -9.054726082145717, 1.540051564576526, 12.952095148503503, 21.995470733062362, 14.963589072893877, 20.17487894861138, -28.113856879071044, -8.595355728310897, -41.30807471908275, -67.86865604178759, -78.40486831239448}
Generation 5: 227.0 --- {-0.44309654672758314, -3.3909801767655563, 1.6719194744164505, -0.7653280196207017, -1.608410293889889, 2.0743947081826986, 5.655073824972722, 5.14092444581899, 2.2672815875082803, 1.415847020387133, -7.990477478944252, -4.127335072510421, -5.408432784204179, -13.243669811391548, -14.07202097241875}
Generation 6: 247.0 --- {-0.44309654672758314, -3.3909801767655563, 1.6719194744164505, -0.7653280196207017, -1.608410293889889, 2.0743947081826986, 5.655073824972722, 5.14092444581899, 2.2672815875082803, 1.415847020387133, -7.990477478944252, -4.127335072510421, -5.408432784204179, -13.243669811391548, -14.07202097241875}
Generation 7: 305.0 --- {-22.583347069110317, 13.84625927278648, 1.1138772659541747, -21.99011722090621, -5.858586191805408, 24.50103427734647, 21.18090715646126, -23.890402002796474, -1.6505289472351308, 12.607178084339596, -29.515857484392278, -10.00747453743842, -47.99474120599068, -40.35537065665232, -36.3995647541669}
Generation 8: 387.0 --- {-3.6986413361919688, 14.492252677181664, 7.205954778253544, 2.200037315925198, -17.886581045223515, 32.53268535255448, 20.842834450174692, 14.106378247901986, 14.105824747231816, 10.458114763159776, -50.80393149095557, -8.14510712345064, -54.495049288365834, -72.20012187561667, -63.10867873619685}
Generation 9: 396.0 --- {-3.6986413361919688, 14.492252677181664, 7.205954778253544, 2.200037315925198, -17.886581045223515, 32.53268535255448, 20.842834450174692, 14.106378247901986, 14.105824747231816, 10.458114763159776, -50.80393149095557, -8.14510712345064, -54.495049288365834, -72.20012187561667, -63.10867873619685}
AVG PERF OVER 50 TRIALS: 279.6
Generation 10: 1177.0 --- {-7.770362936031569, -14.383092344944515, -7.416071409508254, -13.871482178613503, -14.03671874452217, 29.139216165065314, 33.68527515712242, 12.259996389361383, 19.089350003760444, 1.2772543715286222, -33.09616569713378, 6.769001678691369, -39.01947894702572, -70.25743408586818, -74.0930776548976}
