TETRIS-H20-W10. Noise: (50.0, -0.1)
Generation 1: 22.0 --- {7.2559536581028015, 9.621917082168821, -7.2113614360902645, -9.22775958659799, 5.772957631933795, -9.312411162121695, 1.0231557281631423, 2.6289730495681676, -1.798379681482085, -1.2618438877387639, -16.26522053869564, -2.749305842529688, -11.1120034486484, -13.248926831989733, -4.227256314072748}
Generation 2: 103.0 --- {12.406090608301339, 21.465377988301356, -0.19586498355819515, -5.513737138698728, 7.290382925631639, -35.939678868120666, 10.823742856638713, -4.40820898879113, 6.256968994281607, -12.994180815096634, -31.983011798119158, -13.148180547045264, -29.75821675293571, -37.686917463368175, 2.019965232420283}
Generation 3: 268.0 --- {6.392401010602234, 15.869249191245407, -19.236392904177904, -23.972992200909786, 2.956254449074303, -39.947629671227105, 1.5895976112881975, -4.486356757830144, -6.751314273434877, 7.176867360593412, -53.22087822648899, -11.863922925298592, -30.631995736924736, -29.029303342031685, -27.62688724060409}
Generation 4: 570.0 --- {10.775564616462008, 12.477135905001656, -30.255163709710224, -21.57647590486707, 37.680208684829736, -40.83593741814988, -10.155933825338293, -6.855792802620937, 3.7801434647266436, 5.497571314388988, -64.71517283637989, -37.5889537817319, -60.02820595141725, -38.97146398342851, 0.45441523512847226}
Generation 5: 318.0 --- {20.61943272263739, 22.70552855048018, -36.35373340473167, -4.306041381224903, 14.131354036370686, -8.481697247435385, -16.83599930664239, 21.674479152224535, -19.82604319982086, -3.445139967618752, -68.44912840673706, -12.410496749890982, -34.08480627701695, -49.9902247765952, -26.8015661657478}
Generation 6: 769.0 --- {22.05635456783664, 28.961474105705484, -28.920355587162096, -16.15318985592518, 9.349741847320828, -32.95218046288599, -22.81843796384394, -10.579455721489248, -4.898194146496097, -12.531163807494181, -94.09621439405797, -34.828896671542125, -59.87189727203991, -63.45363967079565, 4.430235763896716}
Generation 7: 1213.0 --- {23.558023762092073, 23.68129071467273, -27.362325265185845, -10.552275057308995, 35.030607778421896, -20.935247384452136, -2.1444353368881313, -0.9209294607784633, -7.4919334693358675, 9.64245523652266, -78.93593565199401, -30.543243401199994, -56.51664074658275, -46.694581478910074, -15.958166124121714}
Generation 8: 5780.0 --- {-11.698600020857, 29.98208570215359, -29.666352750642005, -11.211222223618336, -3.774119948355521, -41.87504073301635, -18.658040239692113, 0.0662355155871337, -6.585974391761642, 7.592906150303593, -76.30385975242123, -25.473729666798356, -89.55672741121036, -50.02414402852165, -22.73861097224229}
Generation 9: 3698.0 --- {-11.698600020857, 29.98208570215359, -29.666352750642005, -11.211222223618336, -3.774119948355521, -41.87504073301635, -18.658040239692113, 0.0662355155871337, -6.585974391761642, 7.592906150303593, -76.30385975242123, -25.473729666798356, -89.55672741121036, -50.02414402852165, -22.73861097224229}
AVG PERF OVER 50 TRIALS: 1327.34
Generation 10: 5056.0 --- {7.069598667736001, 10.379427297638571, -29.101322928255, -6.846797769979044, 1.1703081825818578, -37.0079097450308, -3.238029427232126, 7.984982713314336, -7.008520091492652, 14.36092978578386, -60.79445874224065, -23.154776023195176, -87.34133115078137, -71.30588511835192, -18.66921836727433}
