TETRIS-H20-W10. Noise: (50.0, -0.1)
Generation 1: 9.0 --- {-17.585250830176655, -5.932931591481604, 14.703730781220361, -1.8492783166684015, -9.917779571344788, -21.59969816390227, -13.353574547639306, 4.515468945032927, -6.588993177351067, -0.5250883897618157, -2.8151081142361023, -9.651806144429898, -5.26713876894612, -4.318089440717494, -18.874665876388768}
Generation 2: 43.0 --- {-5.421327993812186, -5.643290374872612, 6.3476646714046225, -1.3101351509093462, -10.953624451130715, -0.2177036919601436, -4.660799294265886, 1.541530794372047, 1.9886055282815533, 8.791498543676443, -10.8473717380699, -12.909861534531874, -1.7943881934532633, -13.156094677069165, -18.437004632235492}
Generation 3: 84.0 --- {-5.421327993812186, -5.643290374872612, 6.3476646714046225, -1.3101351509093462, -10.953624451130715, -0.2177036919601436, -4.660799294265886, 1.541530794372047, 1.9886055282815533, 8.791498543676443, -10.8473717380699, -12.909861534531874, -1.7943881934532633, -13.156094677069165, -18.437004632235492}
Generation 4: 72.0 --- {-13.050536297635437, 9.77268870300728, -17.348877158084722, -15.803672203981916, 10.217468189829635, -13.071688068762956, -5.679836025868455, -9.670123394224778, 13.348888433700333, 7.897857837582845, -31.483698659244475, -8.586255767072041, -19.081245183302087, -39.890506965991705, -49.389321345222}
Generation 5: 179.0 --- {-1.3804416631464207, -4.429406482133065, -17.27565071277029, -18.64179695967891, -2.7752638408887504, -1.5334908052702723, 5.098696526424186, 10.235466974544984, 13.294620254814244, 3.229367011234422, -21.240631398126443, -2.79400007411909, -6.356527569639459, -33.295411321011585, -42.7477224428379}
Generation 6: 234.0 --- {-8.972755504258762, -6.675552003720738, -23.778514799202597, -15.811466925335742, -27.91653459086694, -3.4152382318240253, 1.3388106817731518, 4.469249291005221, 14.719459046260013, -1.0241816068386276, -41.944379484722674, -4.383466581942805, -12.035149967008577, -33.024909219812486, -46.55976555531198}
Generation 7: 164.0 --- {-15.395143262414152, 3.4007341368033885, -18.58436959109497, -34.48669973442865, -17.456240996696835, 12.549172302815053, 9.88252224116911, 9.456090877935633, 26.462974067583076, -18.630177947585643, -58.38121299489701, -9.460332208638848, -12.961848006689108, -47.95208224740108, -51.44089425752347}
Generation 8: 220.0 --- {-15.395143262414152, 3.4007341368033885, -18.58436959109497, -34.48669973442865, -17.456240996696835, 12.549172302815053, 9.88252224116911, 9.456090877935633, 26.462974067583076, -18.630177947585643, -58.38121299489701, -9.460332208638848, -12.961848006689108, -47.95208224740108, -51.44089425752347}
Generation 9: 217.0 --- {-21.39894997287918, 0.7483929445606439, -5.107244328190561, -13.050190686651817, -16.048779458111255, -9.274215579490297, 35.79107678675339, 27.553670854390624, 6.43570823607442, -48.43558822275057, -53.00938362196933, -27.99343060660233, -22.26441937584377, -38.66528564544012, -46.01475650904011}
AVG PERF OVER 50 TRIALS: 170.1
Generation 10: 593.0 --- {-15.395143262414152, 3.4007341368033885, -18.58436959109497, -34.48669973442865, -17.456240996696835, 12.549172302815053, 9.88252224116911, 9.456090877935633, 26.462974067583076, -18.630177947585643, -58.38121299489701, -9.460332208638848, -12.961848006689108, -47.95208224740108, -51.44089425752347}
