TETRIS-H20-W10. Noise: (50.0, -0.1)
Generation 1: 8.0 --- {7.919942024868963, -1.125498750967688, -3.2831814644493345, 10.456676090514478, -0.2960034289127721, -20.55231569270264, -6.483568730280432, -1.5957643795797305, -4.132204174878839, -12.435069203464877, -16.354832325181732, -16.082091201308174, -18.638337686626492, 8.65434430100495, -9.864812645702902}
Generation 2: 705.0 --- {3.4796055190994726, -4.952559675706729, 0.3828522894774955, -8.770939460327638, -2.0503915465679294, -3.843807580971051, -16.218220594894955, -14.34456183238494, -1.7836983025490492, -9.943154149721064, -24.016887806069697, -14.63769210591023, -38.03531395264005, -2.84384267851421, -21.897535571382917}
Generation 3: 977.0 --- {3.4796055190994726, -4.952559675706729, 0.3828522894774955, -8.770939460327638, -2.0503915465679294, -3.843807580971051, -16.218220594894955, -14.34456183238494, -1.7836983025490492, -9.943154149721064, -24.016887806069697, -14.63769210591023, -38.03531395264005, -2.84384267851421, -21.897535571382917}
Generation 4: 1964.0 --- {3.4796055190994726, -4.952559675706729, 0.3828522894774955, -8.770939460327638, -2.0503915465679294, -3.843807580971051, -16.218220594894955, -14.34456183238494, -1.7836983025490492, -9.943154149721064, -24.016887806069697, -14.63769210591023, -38.03531395264005, -2.84384267851421, -21.897535571382917}
Generation 5: 612.0 --- {16.703859350309727, -31.049681397157215, 20.195458226012555, -56.16306015950576, -5.379835086950545, -11.168733783436986, -73.83892227547938, -59.27345672789879, -6.195310026746737, -22.358778360945852, -95.75007310925785, -69.6573950199031, -170.41099179924024, -3.5968141362349098, -87.31806033096822}
Generation 6: 1425.0 --- {28.72712631146736, -25.933886958683956, 31.56623724985934, -56.27337250243809, -11.0945363659777, -19.228779596533926, -100.01800389696211, -53.72330858758205, -8.527004517841153, -34.74711410820618, -121.70848048280399, -95.58751074675371, -186.41700421988983, -22.058546808924856, -82.36620720414392}
Generation 7: 1561.0 --- {29.973151368102307, -12.978893139234211, 0.9268842259251695, -29.800051166855546, 9.074423537371523, -6.997447997621588, -28.4136944651896, -16.037686088944415, -4.028789970637979, -19.116093877907325, -29.48651718006098, -25.29989398422436, -78.3220787969569, -25.392162818302545, -50.62399794587766}
Generation 8: 1998.0 --- {32.55170415025628, -38.85408993861503, 24.438005016011935, -21.48142385286122, -16.981378803054305, -19.55189896745585, -88.32240184084979, -39.05389530404481, -3.0570791630651852, -21.253135406772223, -102.28068357734311, -68.43982695107981, -170.86731653594936, -23.437046020503693, -101.55794294141191}
Generation 9: 1080.0 --- {24.203510125224405, -11.6027012055571, 20.010837096122476, -18.18546976858807, -7.0464923612104835, -23.829151299261667, -67.38466575112535, -21.260284126748324, -28.28388244072073, -7.7658293877420075, -68.48670323893863, -62.56262695734865, -119.71764219727363, -22.380578379928945, -53.71304270836014}
AVG PERF OVER 50 TRIALS: 715.2
Generation 10: 1125.0 --- {1.4643095566747917, -19.36483380634037, 10.530318680633702, -19.951695493444983, -15.083596689529147, -28.754662413724, -46.18112707621465, -28.506808961816823, 18.15213340162734, -19.78289533743949, -70.26422252351847, -53.571420387811855, -120.28127421612137, -43.6353947931528, -60.5183898839842}
Generation 11: 7292.0 --- {11.064048754082508, -5.340255179931493, 2.804722403512347, -14.27723972280222, -14.184082265518473, -26.101954645633274, -32.69065827974826, -21.25989947098786, 0.24937778770829233, -15.927594809368674, -75.53237195899415, -66.0314603635909, -93.23207781623299, -30.23303558125516, -45.28181664946666}
Generation 12: 2211.0 --- {8.686756880128833, -12.68732906130933, 15.629499069135216, -11.04312402482606, 3.0740703749666487, -17.43681955846912, -50.203011202445346, -31.377866969923492, -10.726911041340186, -30.618476808819842, -101.28906396008722, -85.19965745726697, -109.61284940078473, -27.78243505618802, -58.85020993150006}
Generation 13: 4488.0 --- {33.85844550265434, -22.34871605268509, 10.005601412258763, -25.479146728608985, -15.517913479867245, -14.210124799386127, -34.288143071624425, -30.3851589248518, -17.121483963634418, -22.49173612030983, -52.93097753383594, -73.82498880331535, -130.88655578770243, -16.29699008504248, -33.73628396632168}
Generation 14: 7897.0 --- {37.65078818879075, 2.559645293693091, 2.926986492952313, -17.67022419192346, -18.893136135810764, -7.908851189497607, -35.73254576702968, -32.2483745727905, -18.564368472369587, -35.8307248071451, -75.3712485193573, -71.09757212441407, -92.88914353650355, -34.34871745232548, -12.406974584393822}
Generation 15: 11357.0 --- {40.76307406503692, -13.913335617314633, -8.99485019577641, -29.869962334595897, 3.8399038026248906, -24.015419227495435, -14.752818378162377, -21.104268500389175, -2.105922837007075, -21.781354522098013, -61.98577428535944, -86.20965324046959, -105.64676270986097, -30.096645903342324, -24.113659860724333}
Generation 16: 10653.0 --- {47.41844205808541, -4.310468998730812, -13.488327357114056, -7.604285914353348, -15.386832031308902, -14.276269246583178, -33.90127586100724, -31.325403152795616, -5.745481599224441, -35.114969945374256, -60.07113805533842, -90.89099145960887, -109.89891896414291, -29.348474467599086, -27.342116176801003}
Generation 17: 6911.0 --- {52.928520199771334, -1.8199654004827046, -9.257339693171918, -30.22887989575224, -14.899696964224116, -10.914151071935555, -22.832967743059477, -30.266255219237117, 2.651819892333412, -2.6824407953313028, -67.72029477468367, -87.24692724267514, -90.1596795330774, -28.941287994809947, -12.256267160532225}
Generation 18: 11582.0 --- {34.95717888772082, -34.902669018301125, -6.207564089404635, -13.961638648018791, 5.280211402655539, -0.9585766025931193, -21.810655127139054, -36.648530912818856, -19.028038526005226, -2.8738177778967984, -54.48886311333783, -67.15670014483068, -105.51121164872922, -30.427793126461967, -44.64072018588722}
Generation 19: 19345.0 --- {33.632851152781235, -21.82543016987542, -3.0566567622084055, -21.564906894087027, -13.971138006458666, -17.53844069846788, -14.357486505533373, -41.00076880050857, -10.367558100009905, -23.468978530323334, -63.60736334319973, -83.72124024889038, -134.1735473189735, -41.368045394438994, -47.02251524515397}
AVG PERF OVER 50 TRIALS: 3949.66
Generation 20: 20407.0 --- {45.79086840666933, -7.717934743469691, -23.149792664535926, -6.367500939672986, -13.203404751005536, -12.287972915456107, -6.471990025197627, -27.971754189450856, 0.1917496347605363, -18.459858099102455, -48.83070158363094, -69.28984141178225, -104.6584670927485, -49.71864371326967, -6.706973992067592}
Generation 21: 16128.0 --- {42.202339723318566, -32.4078112858809, 1.4002763235415268, -14.772678251029017, -1.8884364096423685, -5.318257810141985, -34.27559502519037, -40.545440316278665, -19.39214036290692, -9.414086126690506, -74.84971083432187, -66.92938051152672, -110.97127067496302, -36.57609045094638, -39.54306214544762}
Generation 22: 19933.0 --- {29.896868298275653, -19.489421021735648, -20.595534779012354, -22.40849563341933, -8.803775438877759, -6.43378490372509, 4.631055521629854, -23.45105644942553, -16.785013525883944, -22.517472472689416, -52.530582675811814, -77.90444504296286, -128.01820365929186, -47.208725346850365, -32.63506507687965}
Generation 23: 19670.0 --- {40.6680192360616, -30.599688656546462, -24.22321597533146, 7.26317960072808, -5.600216128422518, -19.360013509944174, -13.981797379145656, -20.14628387027442, 6.930425897835125, -28.93789908482758, -68.16678989508554, -70.2321631124196, -105.4068704522913, -42.43315650735824, -3.439471893875453}
Generation 24: 18263.0 --- {40.6680192360616, -30.599688656546462, -24.22321597533146, 7.26317960072808, -5.600216128422518, -19.360013509944174, -13.981797379145656, -20.14628387027442, 6.930425897835125, -28.93789908482758, -68.16678989508554, -70.2321631124196, -105.4068704522913, -42.43315650735824, -3.439471893875453}
Generation 25: 30653.0 --- {30.294985741491242, -7.032757613270874, -10.795844098490125, -38.18882822760084, -8.410782808568909, -17.45562031934015, -12.925556214491516, -43.10325562400237, -6.573276700849821, -12.322411345501727, -67.0425250530154, -69.13975870240478, -125.48042387855101, -40.849213057750134, -9.530036845124508}
Generation 26: 28514.0 --- {43.465159001236316, -20.4304257642527, -26.395820404078766, -18.295145833919122, -4.30723340897087, -18.02313365784382, -8.161088711527599, -50.36581248160114, -15.161733267077356, -16.494810090693985, -81.7901855820406, -67.45745317059074, -132.65271121805705, -40.50303121318964, -22.480429727860148}
Generation 27: 35807.0 --- {36.470257788709105, -32.24167223450937, -16.947505792243714, -12.589451001826607, 7.319967709437533, -35.25790027914394, -9.181406834851902, -24.441335835294822, -5.661427872132865, -31.382587402853467, -83.9306302669072, -47.40105677886872, -113.13519904646945, -37.821567095514595, -15.254263158049689}
Generation 28: 34613.0 --- {35.04019569658804, -25.493466348274428, -29.379079209403557, -31.410108292582606, -18.763720030038222, -26.069464235504565, -23.74232235613178, -41.36601437754991, -10.018479958074403, -10.261466795552113, -68.13978077358018, -58.4839363075726, -127.79829049544816, -37.66907623470122, 1.1538430972988074}
Generation 29: 20687.0 --- {54.035067012114, -13.6021637115895, -21.421546599598397, -2.5151938414548187, 6.020311712865973, -42.994492444503756, -14.65727122303716, -52.48888403026672, -8.626761580935089, -9.162851729992976, -91.91482877418393, -56.80785770916853, -137.96092252605067, -30.614307658436662, -14.112634482104163}
AVG PERF OVER 50 TRIALS: 9028.86
Generation 30: 42077.0 --- {54.035067012114, -13.6021637115895, -21.421546599598397, -2.5151938414548187, 6.020311712865973, -42.994492444503756, -14.65727122303716, -52.48888403026672, -8.626761580935089, -9.162851729992976, -91.91482877418393, -56.80785770916853, -137.96092252605067, -30.614307658436662, -14.112634482104163}
Generation 31: 28451.0 --- {39.53397315863642, -24.476727700144558, -2.0935125653041453, -15.148961348375884, 8.98391274183423, -35.742963146782486, -7.523622386085002, -41.77740685752651, -2.33220686354064, 0.6556641219489592, -96.07667651965754, -60.80678989588546, -116.14022571550991, -49.726784818600365, 7.421057144478034}
Generation 32: 70133.0 --- {54.29220487498134, -29.373969679330976, -22.43184110620026, -0.04803326905850369, 1.8129930284104003, -21.298281247478947, -8.803408284920362, -33.410667094202296, -17.429002712763, -18.504970377721776, -71.5770392548315, -59.70002014829413, -126.7027901643736, -58.89831119898868, -10.918858144944036}
Generation 33: 15224.0 --- {53.34860615304458, -14.770508277613574, -45.97784623135329, 15.358158376873886, -11.018385005387131, -7.35984458918788, -18.609922892931046, -32.79754477452353, -11.090539820241592, -30.114507317893036, -64.08666808084828, -76.22109126060909, -135.95386759785234, -53.14827326225354, -19.719884385068937}
Generation 34: 41899.0 --- {40.363747195119004, -18.554167310144724, 20.023485031819963, -21.80900190858955, -8.83425869278096, -36.066314891897285, -21.938567634622338, -24.834989342321148, -23.22102388989783, -18.419330938756744, -97.1544341697504, -59.26403153310316, -122.57998412195542, -50.9552606460551, -8.4111865592529}
Generation 35: 38635.0 --- {44.78111788331118, -30.551134900717052, 15.231784363550535, 2.024536141080029, 4.252564746605832, -45.25606899633966, -30.946085258808832, -37.295333085189924, -12.039932651257544, -24.59401607511434, -106.31925349258202, -44.843589951454675, -128.64810838351815, -54.268052774901044, 10.128298635643782}
Generation 36: 23120.0 --- {49.97105096927046, -7.442283500975158, -3.791760301964459, -7.7553271355854605, 2.2311601721413763, -31.702453310106282, -6.19075966100914, -15.254746105264285, -0.4493566301531109, -19.924879990295928, -102.1412858795259, -63.58766607518773, -107.34316288546407, -61.07564391472291, -3.4033826340745605}
Generation 37: 71596.0 --- {50.07632548940472, -2.795733450958762, -33.45243088941094, -14.71336653509875, -24.508843341400937, -9.682941750800438, -33.36617173607403, -25.454826379807713, -9.46449053593491, -36.21462686640004, -112.95523658320683, -77.13355903474486, -147.24801885360108, -50.30633709841554, -17.812609470332248}
Generation 38: 58523.0 --- {56.34258050753836, -10.162891486490551, -27.832273328368217, -5.536019573390532, -16.612959185845792, -30.185660527537536, -47.11426664844176, -38.09060182870099, -33.41910211906304, -18.169234309606843, -114.83391428927337, -59.01455795647541, -150.46590790328924, -46.45517478000455, -22.868402638405932}
Generation 39: 91198.0 --- {57.12956521893876, -23.602305038723316, -8.197920966574706, -10.059019785102096, -25.989508327020104, -22.316273602199313, -13.277092977622054, -30.64429942423099, -23.163193020668462, -33.41018151198726, -103.61855423569416, -67.66346372405803, -144.63831318753844, -46.86059416577597, -2.226514955015187}
AVG PERF OVER 50 TRIALS: 18904.06
Generation 40: 71875.0 --- {44.32960971414105, -8.641041530077523, -53.070287022196936, 2.5049714530253215, -12.516692541979515, -30.016345077201958, -46.35908675888072, -45.86696182709478, -30.846789515897377, -22.338420351544073, -130.4975225610637, -53.77456003494945, -150.3825088008288, -45.130527159292484, -36.18902429106239}
