TETRIS-H20-W10. Noise: (50.0, -0.1)
Generation 1: 10.0 --- {-15.158569967448955, -8.588721898417422, 9.778414285931692, -5.656419697772903, -5.169266285120532, -1.6228866278866818, -4.95253207512355, -2.201653435077715, 2.3457196419028667, 5.3144825141497005, -24.772932973120326, 14.86082111011389, 11.746883101140881, -1.832963045086421, -6.603635345947836}
Generation 2: 16.0 --- {-17.749350314495203, -8.551939413679642, -2.2916580166807856, -19.36746228627238, -12.914685266215253, -7.398994534313952, 4.318540290373285, -16.835606743581334, 6.6810033956824215, 20.74214729754405, -29.79923034402164, 28.205074105989688, 5.285494691852664, -2.3343799168084844, -14.780454322931025}
Generation 3: 82.0 --- {-10.464009207519453, -21.410488618724003, -11.709005163927275, -20.058741205044754, -7.434918263529859, 2.5649752397703818, -1.261722331212924, -26.950939900072157, 7.905018111814529, -1.234859376274434, -39.092760255681014, -3.0821579033653457, 7.232400892276192, -20.672378193331053, -10.352780181980672}
Generation 4: 140.0 --- {-6.954061515859935, -79.21066374863548, -12.70195989671177, -38.080670580668176, -37.130928148957324, 14.79065456562114, 10.608723575646568, -43.10427026497992, -3.9105339143151943, -16.82972262921465, -32.4361253773974, 11.239878824860678, -26.958829628224667, -53.94154931442982, -44.87564445646419}
Generation 5: 363.0 --- {6.008487173348298, -46.81497260036243, -31.067307871687714, -59.57203605745376, -30.078952669565282, 8.627200158301271, -7.95878450922253, -37.31722643091717, 18.706464050169686, -23.194951213389402, -52.37902479584044, -6.469905792882784, 3.560301799961527, -45.99505115328152, -33.91235873135708}
Generation 6: 172.0 --- {-14.876899265941105, -59.36222956819738, -3.40667231985117, -47.03643445720516, -45.50260615365266, 13.769890424419147, 1.7152141011209392, -62.32723637881115, 0.7267197618946403, -20.63959961953411, -61.96696780716962, -10.97521630157068, -6.69402203468579, -67.5548010583912, -18.913912343861917}
Generation 7: 191.0 --- {20.85582045459321, -53.432227131973846, -24.24928351314671, -50.38686589533662, -19.03770253675252, -16.102918981135517, -0.08144864280437769, -45.131179171693795, 5.726863676877717, -39.82054688318617, -44.77257794839994, 1.6311541753120764, -27.480244796606293, -34.39694940531534, -63.04300020111424}
Generation 8: 483.0 --- {5.665093503458737, -76.34673614554386, -42.11167597103513, -22.1322947373324, -31.223965723733066, -6.602281256799712, 2.695271969398199, -47.43286003250403, -4.9461674197043415, -45.47352503767296, -41.71616404151885, -3.143154492033938, -51.87248621715656, -45.38647396518756, -67.32215284445036}
Generation 9: 299.0 --- {-20.491647624039175, -82.96098420173766, -14.591025498549655, -56.55270597005405, -49.12296486850608, 16.54493522054132, -1.2717153397690442, -40.111334913043365, -11.233142898113552, -7.208997700906469, -52.21891304424959, 24.3491799571492, -15.204548446043916, -50.87082741887113, -21.686633371094594}
AVG PERF OVER 50 TRIALS: 284.2
Generation 10: 470.0 --- {-16.545496486336994, -84.71944957951737, -44.81787279791455, -43.240702291501975, -50.31843760728453, -11.250870268625214, -4.73471082560651, -31.31503192038656, -20.381075605112073, -36.0435099623387, -44.12506817500714, 27.604619549055936, -50.263567998773226, -41.732112353578046, -54.93983492470212}
