TETRIS-H20-W10. Noise: (50.0, -0.1)
Generation 1: 23.0 --- {-2.150407179341858, -4.067324290005657, -24.54884569324065, 0.84450728702487, -5.016520595561631, 2.467873449602284, 4.324887519913583, 0.21984349141474155, 4.1109684003935785, -15.531969821962797, -1.787970448746762, -2.4790891773003563, -7.3841217688324505, -10.383940290054772, -2.8594652914862055}
Generation 2: 66.0 --- {9.722393642059929, -16.71778551691537, -16.175534471650202, -4.533490905655784, -10.339997231204725, -1.1259771754578427, -12.045589619303245, -2.8243567796823044, -0.7037606378468737, -5.3414945757107, -13.421728766302973, 9.894934389981097, -3.1133602134867395, -19.39077218631008, -4.6764332490448455}
Generation 3: 382.0 --- {33.43932352318131, -23.297276552640835, -25.05122282946143, -4.50418696742383, -10.043354017820267, 12.541291453590212, -19.0282174985343, 13.79438911328581, 12.166988937013688, -5.00529154087792, -49.995218625017436, 14.184952846551814, -15.11978182243066, -34.150527261296624, -12.763913126809847}
Generation 4: 311.0 --- {33.43932352318131, -23.297276552640835, -25.05122282946143, -4.50418696742383, -10.043354017820267, 12.541291453590212, -19.0282174985343, 13.79438911328581, 12.166988937013688, -5.00529154087792, -49.995218625017436, 14.184952846551814, -15.11978182243066, -34.150527261296624, -12.763913126809847}
Generation 5: 206.0 --- {16.911318038548245, -22.313766646596697, -15.519409501914383, -3.4111452231251986, -6.108403652080076, 6.266897516674556, -18.309231359872022, -0.5265637263931211, -13.678996503914222, -10.655545601891014, -34.79565131764976, 3.1107480863501156, -22.606643194444214, -17.718221068566116, 1.7706213685670988}
Generation 6: 454.0 --- {16.911318038548245, -22.313766646596697, -15.519409501914383, -3.4111452231251986, -6.108403652080076, 6.266897516674556, -18.309231359872022, -0.5265637263931211, -13.678996503914222, -10.655545601891014, -34.79565131764976, 3.1107480863501156, -22.606643194444214, -17.718221068566116, 1.7706213685670988}
Generation 7: 916.0 --- {16.911318038548245, -22.313766646596697, -15.519409501914383, -3.4111452231251986, -6.108403652080076, 6.266897516674556, -18.309231359872022, -0.5265637263931211, -13.678996503914222, -10.655545601891014, -34.79565131764976, 3.1107480863501156, -22.606643194444214, -17.718221068566116, 1.7706213685670988}
Generation 8: 950.0 --- {28.568549378637695, -6.65890796864355, -13.763069793159898, -2.0426499584433255, -0.8181168139487376, -0.5865977663570314, -18.85945018191922, 2.7704588778527284, -8.874339490391703, -2.5778158875593977, -43.276060393662334, 3.7540535571548315, -26.930579378939814, -38.68516867942088, 9.454376570505918}
Generation 9: 1170.0 --- {19.733319817583677, -40.16094932542248, -26.0064335546333, -3.7922053035515493, -16.951632068238254, 1.6654179102942521, -14.698238431072285, 0.24249577990145088, -9.095349320752106, -20.211420361549493, -63.68621986652371, 9.796831219545187, -14.126512471134568, -35.23457069120326, -9.480667848809437}
AVG PERF OVER 50 TRIALS: 524.68
Generation 10: 2185.0 --- {16.559567430841035, -25.72693711077394, -7.342534465801142, -5.189378307689663, -8.42723041819794, -11.511870623884896, -5.637214081669999, 12.201115694504319, -0.8917141618902558, -33.10355917118178, -71.63020028947761, 0.9610419468789893, -12.99104447916324, -43.218577226739825, -3.8153653944700996}
