TETRIS-H20-W10. Noise: (50.0, -0.1)
Generation 1: 3.0 --- {-3.239846103370003, 9.74639638455988, 3.659254325053988, 5.804617985860425, -1.2284116724683447, -7.01919347984572, 18.690017063455716, -0.2049878916043255, 2.0088487078951096, -5.287115431575447, -11.732058676135955, 11.681598478179842, -10.342151604217982, 4.778268703869481, -4.574922820496328}
Generation 2: 4.0 --- {6.966504729773637, 6.662027120016489, -6.845593340082584, -18.397921397738493, 2.2081809378244857, -8.582324998302571, 14.215321618368007, -18.12597884251889, 5.635509307176931, -0.06512722564737228, 1.3511027919877296, 13.40441422652903, -15.337076085361208, 14.615071351743445, -4.228006224359303}
Generation 3: 7.0 --- {-5.837844968204889, -10.81526420466046, -23.982991646270552, 7.815914974757106, -2.5929530711326017, 18.286504583413993, -3.745489599815265, 3.317013291125334, 13.650078470926402, -15.436231886972905, -14.598331047223775, -23.457902602187392, -12.794208110878161, -3.495743674533796, 7.204670519146193}
Generation 4: 20.0 --- {-11.949913669436764, -8.152338057025165, 9.083164059028586, -15.250984747431081, -20.122671604801116, 13.03347048809861, 10.276824039584023, -11.738426960566414, -15.67131017154518, -9.379344160045925, 10.766626224110254, 0.33685762427062027, -12.125917186362525, -43.88077636160366, 6.924702457335138}
Generation 5: 60.0 --- {-11.949913669436764, -8.152338057025165, 9.083164059028586, -15.250984747431081, -20.122671604801116, 13.03347048809861, 10.276824039584023, -11.738426960566414, -15.67131017154518, -9.379344160045925, 10.766626224110254, 0.33685762427062027, -12.125917186362525, -43.88077636160366, 6.924702457335138}
Generation 6: 59.0 --- {-11.949913669436764, -8.152338057025165, 9.083164059028586, -15.250984747431081, -20.122671604801116, 13.03347048809861, 10.276824039584023, -11.738426960566414, -15.67131017154518, -9.379344160045925, 10.766626224110254, 0.33685762427062027, -12.125917186362525, -43.88077636160366, 6.924702457335138}
Generation 7: 150.0 --- {-25.63809659694653, -18.066985113321266, -11.40455362704972, -27.300587849022314, -33.527382066149045, 11.951547232295605, 19.997325686459746, 5.314477117804873, -19.21115894356635, -21.81280448663258, -4.23697564958996, 5.961042217223691, -20.340775510988884, -60.75683682034534, 4.90152769435807}
Generation 8: 431.0 --- {-11.64040800780575, -33.99463965543575, -11.080552273348383, -16.867550496750738, -31.729064527508378, -5.1182626221643215, 17.64055480278997, 3.9666042487481343, 5.211707915170248, -4.950616009390941, -2.8935661669937582, -10.616274524252278, -10.384287189953575, -24.35701829291571, 1.763243392840363}
Generation 9: 204.0 --- {-14.68588859532127, -33.94804123691786, -13.094403138493124, -28.991187818630166, -42.38853254723932, 13.051111008974047, 14.937193428620738, -16.006298674818876, 1.5323429331951322, -18.217373221299873, -3.536268364200417, -6.692399858991928, -17.260929202881208, -49.4068913852887, -10.457460725311233}
AVG PERF OVER 50 TRIALS: 252.18
Generation 10: 256.0 --- {-13.877328629523625, -24.04208726657588, -24.56315106744937, -37.914594260299246, -15.816022778579963, -20.25068902308036, 3.095257481825871, -2.0634620115052456, -3.633782224588939, -10.785557700200014, -52.848866852364175, -19.43784990748532, -16.393641159480516, -49.79265341045327, 0.40845042431684986}
