TETRIS-H20-W10. Noise: (50.0, -0.1)
Generation 1: 64.0 --- {-3.654262374887799, 2.8058132102479334, -14.332562141972199, -2.041754543519934, 8.496041048273057, 2.619739213921026, 6.273573040255231, -3.9856573495591503, 9.923632947524597, 9.077844290425851, -19.30033785084586, -15.689712790960366, -11.885324450622765, -11.12085265290256, -1.9705552301198836}
Generation 2: 209.0 --- {5.6613430626349395, 22.138334395185176, -29.116394750061442, -2.4470914955544494, -1.0515679106441174, 33.221130605422815, -24.497622947176957, -36.83409003338527, 5.59267050894519, -15.521640788517079, -48.39053411104932, -60.98491812306446, -71.16899743541327, -50.20250024210723, 25.49353262368764}
Generation 3: 616.0 --- {-0.9155597196376988, 26.449750997946452, -23.986794177588965, -0.15592974280351024, -18.642154001323597, 7.674670853907887, -4.167381488640069, -15.543144176388095, -3.482692922182043, -10.534318208250934, -28.563617443636765, -32.517819372027155, -41.88877605453976, -32.52652075968295, 10.107708676580854}
Generation 4: 592.0 --- {9.816599962322645, 28.35487625171993, -33.42644572686067, -2.0788624017418518, -29.88974844456756, 19.571217967250057, -6.954550923330271, -6.470437895861606, -15.452230780816796, -0.8439251020347154, -26.105149711259788, -52.00669956430886, -48.73067049184494, -51.200262411912895, 4.685466061602189}
Generation 5: 691.0 --- {8.876160213947157, 27.830328972611678, -24.251355365314247, -6.534015728345727, -19.024031094073386, 13.362006234776011, -0.252779846404111, -9.930334060285983, 3.8445273408763057, -15.754358560475238, -44.26735147984772, -48.193707013504415, -60.631650536525825, -56.748374164562364, 10.232568078148251}
Generation 6: 1909.0 --- {0.8551076978162172, 20.002606209213074, -18.77564337661094, 5.859414941305844, -7.57445253229162, 2.3282555496315305, -5.592977966039292, -9.720691690961234, 14.315673235361336, -4.166484883991942, -33.398392992645206, -50.7612847337749, -50.12484065671934, -38.55399312162492, -0.3499842738129324}
Generation 7: 737.0 --- {10.847373001174624, 18.01697638041398, -17.93214313972466, -14.26273557158167, -4.5969122162964755, -8.225592978636195, 3.419124801223367, -4.033938303189958, 29.168947614134925, -3.226181379328424, -42.96848751430253, -49.79319237205566, -61.14905151766784, -58.469733176672605, -5.495441838512309}
Generation 8: 1333.0 --- {0.8551076978162172, 20.002606209213074, -18.77564337661094, 5.859414941305844, -7.57445253229162, 2.3282555496315305, -5.592977966039292, -9.720691690961234, 14.315673235361336, -4.166484883991942, -33.398392992645206, -50.7612847337749, -50.12484065671934, -38.55399312162492, -0.3499842738129324}
Generation 9: 1976.0 --- {-1.136153481955545, 3.6441836165253214, -27.333475030054775, -8.93457758473321, -23.484537528786117, 2.488530826325552, 5.167737573791793, 8.513266234696468, 31.770886298665285, 17.025089705654754, -46.375033526178804, -46.78318865957388, -59.46485169180663, -57.639451392499076, -14.718012680751908}
AVG PERF OVER 50 TRIALS: 1101.8
Generation 10: 1793.0 --- {6.387230721503105, -16.486579844841675, -41.80876440270326, -7.084483112720374, -33.97346262287741, -0.8457568771157473, 19.971645908312553, 34.80665095977822, 56.56314043290957, 43.85736086943914, -48.10274027477411, -66.68523186040794, -75.98399254609124, -77.7946149419372, -40.68255196352063}
