TETRIS-H20-W10. Noise: (50.0, -0.1)
Generation 1: 5.0 --- {-13.624722127723441, -15.534955589443191, -8.398814667098309, -13.9110359597231, -0.06152634523108328, -20.620451463069884, -14.492953591378306, -11.909717699217207, -5.52137368000602, -19.83868614925631, -1.571624111575416, -0.14459306460724092, 2.338168949695193, 1.9413283838995055, 4.316333285606703}
Generation 2: 47.0 --- {-11.424183745899542, -38.67208620164297, -6.8217997936119215, -36.24769798740803, -13.62681626974341, -21.916268229204334, 3.536692286731505, -10.64141519038199, -21.551357988972434, -17.16962019917867, -27.16646586381275, 7.424583102625625, 10.12912365883274, -6.684191114259063, 3.162154787836267}
Generation 3: 92.0 --- {-25.87328291336331, -43.13060460081656, -18.03915244862507, -62.40745882236853, -8.408201558496767, -34.92831352627394, 15.132671196369596, -18.859689525097956, -41.56511055737862, -16.350321727468447, -32.89190800439424, -11.801848318653967, 6.3661886373919545, -12.059003670481943, 3.9248534591745203}
Generation 4: 141.0 --- {-25.59915439923735, -32.618884122375356, -9.40328944028444, -48.356302442433865, 9.568135340243744, -5.026359920136251, 0.2795229262569916, -2.8927870507395737, -29.193306052527618, -8.020737221179235, -45.62856411449116, -0.5818617858970859, 8.539816989897552, -14.3269282401337, -2.7762363052194434}
Generation 5: 93.0 --- {-18.349071024117816, -61.414536245421345, -10.374364193274058, -81.10809018914142, 6.202575245701568, -26.403438241416936, -10.806530922419038, -10.907337277365166, -54.24893171665357, -29.17396012772373, -57.55091084443896, 5.813470389167421, 6.31448914482654, -17.16049408828332, 4.54502372522882}
Generation 6: 153.0 --- {-36.8769800664207, -51.315037188535, -25.096020081028392, -76.71570846093505, -8.226781736238033, -34.62231989513191, -14.837701805937344, -20.95404634980696, -44.97490020008304, -33.56899229815971, -47.103334861059885, 9.158511711218623, 12.274940195306652, -3.652023022786098, -1.2598388465413541}
Generation 7: 149.0 --- {-7.869945731120048, -28.319164479076836, -9.184961551235538, -79.90873184238323, 10.792468830267262, -26.719852287528543, -28.394918366468474, -35.8230517642281, -56.13416834760807, -26.00379618803745, -61.07388849423721, -1.6652491798202051, 2.0664247776761484, -25.418883848879197, -1.0085599202594593}
Generation 8: 269.0 --- {-6.854174382511932, -28.591629870809044, -2.246437110353174, -48.163764655919906, 15.45538240808042, -16.46570994176369, -18.35817511723325, 1.6169799159575469, -45.98615098884672, -30.861894465795103, -61.05441061529716, 0.6862466570803623, -10.768725518652504, -25.7567044134686, -5.4181007006230955}
Generation 9: 196.0 --- {-6.854174382511932, -28.591629870809044, -2.246437110353174, -48.163764655919906, 15.45538240808042, -16.46570994176369, -18.35817511723325, 1.6169799159575469, -45.98615098884672, -30.861894465795103, -61.05441061529716, 0.6862466570803623, -10.768725518652504, -25.7567044134686, -5.4181007006230955}
AVG PERF OVER 50 TRIALS: 92.22
Generation 10: 184.0 --- {-6.854174382511932, -28.591629870809044, -2.246437110353174, -48.163764655919906, 15.45538240808042, -16.46570994176369, -18.35817511723325, 1.6169799159575469, -45.98615098884672, -30.861894465795103, -61.05441061529716, 0.6862466570803623, -10.768725518652504, -25.7567044134686, -5.4181007006230955}
