TETRIS-H20-W10. Noise: (50.0, -0.1)
Generation 1: 11.0 --- {16.176849297065036, -4.335429287497664, -17.442104656508565, -3.0772245460573036, 4.7269971930516, -3.629946018984568, -8.570219459404269, -7.350773176021108, 3.6804149229487044, 2.9154310427749746, -8.49515192080154, 1.448911892282816, -7.281646158814019, -5.89982456997312, -7.600016095900644}
Generation 2: 43.0 --- {7.3758468576775345, -6.493235437146427, -15.487190654816134, -7.552700513514929, 2.596447408485176, 17.311078968655053, 1.7347900519120696, -12.835260791203435, -8.196058770506355, 18.224518051481105, -28.933398495107298, 4.248686062846383, -14.53471498384011, -22.340890707199854, -4.940820052808188}
Generation 3: 638.0 --- {4.296329914294631, -14.354876492060871, -27.1614103669499, 5.737054311105802, 5.255306754839352, -1.8280080250877977, -19.97803911198859, -32.932083457173306, -9.222702058381566, 2.840957536923827, -40.244934198051396, 16.675207242978814, -33.33366843085317, -26.64105594031305, -5.84760823409261}
Generation 4: 675.0 --- {21.4316950513989, -24.325762170856684, -18.881636758629337, -12.185967615972478, 9.960709942697529, -4.696144305054932, -5.8202785849636545, -2.3455839368420204, -4.598111101217196, 7.881888008743321, -29.33552632553083, 11.42258115823826, -19.780634864910734, -21.139028289040507, 5.2396887263351735}
Generation 5: 448.0 --- {10.418095781778725, -16.633515815399534, -19.075324903245082, -1.9783330177987655, -3.8624905188586958, -8.902991617831084, -33.39791240556644, -27.091042550330787, -9.666150954538614, -0.7390563532571792, -42.69197791765572, 16.408362873765718, -44.787236368243256, -30.89777695145561, -11.005311229985672}
Generation 6: 5831.0 --- {0.6558638290337804, -12.873673359453385, -27.566603739322577, -9.408708686540077, 3.9063914108401834, 2.2105292879485017, -17.313896539635714, -23.124838129163642, -7.387358742252181, 4.712289723166449, -66.85664282426036, 4.161264426923777, -40.38187540950305, -26.68441483135407, -21.231122011220823}
Generation 7: 1533.0 --- {1.9009639053789238, -7.652369408365129, -21.349820741328696, -5.913042006788606, -0.3126302851181775, 1.7256728729631439, -21.962528129973702, -19.953338701206913, -26.28867596432673, -4.888789170305831, -74.64884232072761, 10.702685159721772, -35.83900862614873, -36.09493887098968, -26.933279265868816}
Generation 8: 2396.0 --- {6.166828835816792, -20.291465648585408, -26.170788764853697, 2.121368993215299, 3.9539034774386064, 0.1398988406331121, -0.41759652531249003, -18.740162526418214, -28.057653985508683, -3.18025405179629, -82.8073118422836, 6.915211720411165, -37.31575196732264, -35.74022058107047, -10.33615855751465}
Generation 9: 3728.0 --- {31.705905338909872, -29.868801373150703, -35.00129305659189, -2.1914931969134903, -24.334255507904697, -3.663640218370924, -24.812004740120827, 3.5096713368862, -38.329783649235324, -19.545198801085906, -71.19820096877892, 8.262776890853143, -54.17888449430757, -46.6967648252059, -10.407805252081149}
AVG PERF OVER 50 TRIALS: 2642.58
Generation 10: 17627.0 --- {-1.2548267940564148, -8.624681798910554, -36.14024805522332, 2.260282395144018, 7.018182192690803, -6.7316243589177125, 3.1892967451521717, -23.69027147070299, -16.30631937794383, -12.648691186759926, -79.6743184996652, -8.159635272687499, -48.605686107017924, -46.624481850317714, -1.3297311740999955}
