TETRIS-H20-W10. Noise: (50.0, -0.1)
Generation 1: 19.0 --- {-3.461502873701345, 1.0053862227242334, 3.1675575717259856, -6.824618435025956, -1.3541931705272414, 0.8651657561541569, -9.327211749961101, -2.182827760998846, 6.928043341407348, 3.7530802162126102, -3.9454565615211834, -10.13996105372617, -6.488666777151418, -3.505557917161396, -10.585434862041389}
Generation 2: 54.0 --- {2.542655534914167, -12.773017000244044, 7.207888508249976, -1.098172460414779, -26.241036480799394, -27.259771705575, 1.6117213326105553, -1.9132828925680418, 8.146411969794578, 14.145726542088351, -2.1328512016994496, -7.0088398332334485, -17.062699954731478, -34.11927386513095, 3.235460832232646}
Generation 3: 74.0 --- {13.822257876606525, -2.021090772197739, -1.7534842300396654, -1.8138198813115571, -4.6532032122298945, -24.0900970922983, 0.5550212578755138, -12.15390843929023, -9.381307700771595, -3.2782231629619876, -19.87916019348964, -18.76167845601977, -16.64470476532693, -35.712666124082645, -13.019799740680376}
Generation 4: 120.0 --- {17.438288818334808, -29.82193974461747, 3.479480366566964, 10.47253758764276, -28.86414445506964, -6.772567465884475, -15.266345150641365, 5.4048274240403895, -3.908378597945782, -4.42648689993585, -28.444305113673263, 0.8968109699145428, -16.272132566007144, -52.23403071686833, 5.416738896130022}
Generation 5: 249.0 --- {35.80695735291194, -32.86825122773741, 2.2689878402546793, 13.748245023545081, -34.3082840124863, -17.816749733264704, 0.3231486647956441, 14.609794304192828, -19.22155793374504, -10.968280684173433, -35.37626743769137, -5.373129244468844, -30.10555714985388, -72.941401404367, 14.885168278257803}
Generation 6: 208.0 --- {56.320284719114056, -19.488645850509595, -0.35323636384939494, -1.6389964526876355, -29.265687753508033, -8.603037996522218, 2.330520495894673, 17.130429948651127, -14.218092379044252, -8.089426939767966, -56.48670585296439, -3.216923439116484, -37.342557471756976, -88.74002671867501, 4.036095647736625}
Generation 7: 825.0 --- {31.143190700849615, -23.683770513852483, 0.8793635115192512, -14.311184572730742, -19.05043580665636, 7.208276913738971, -17.146935554375606, -5.858907576832107, -16.287398076687584, -19.32212654978327, -72.41384841443583, -12.263461621562502, -41.87221380457754, -71.69479201093462, -0.5536329914588016}
Generation 8: 662.0 --- {4.135524054223936, -41.06716182139304, 8.48227923730398, 4.005921026478231, -16.889715862087098, -6.740008366680181, -11.362522003509609, -0.9058187257166681, -4.966974348392139, -15.969386404740497, -23.28599573124668, -19.70278724588008, -24.620000814168897, -49.23434058641903, 23.784108191547972}
Generation 9: 2453.0 --- {51.23401590819496, -49.76601446138349, -2.949149458101906, -61.893230160179975, -14.83858647814943, 21.693841567052427, -34.79528934461571, -29.36039761516506, -21.3936564799656, -45.29602388479655, -149.04974947646508, -17.782486624713883, -75.42804367510647, -87.98521958532388, 21.404411154291253}
AVG PERF OVER 50 TRIALS: 607.12
Generation 10: 1675.0 --- {36.1331631980555, -29.24231425909948, -5.355128768069396, -60.88882334652365, -17.013207905632314, 18.39156191617205, -34.22840897243391, -23.9055898774659, -23.362059261039263, -35.364008894903165, -127.42154898869063, 0.5583645945407625, -60.060615173789756, -83.03389076694975, 8.33562617022172}
