TETRIS-H20-W10. Noise: (50.0, -0.1)
Generation 1: 4.0 --- {-2.9886997045243584, 7.270127645622539, 15.017815876246775, 0.6238994622971992, -13.279210902030448, 13.428514826972375, -0.3217830219554878, -11.492823918395544, 11.114842372952644, 4.602576510133546, 8.111034396210734, 10.808102080464783, -13.46079392922081, -25.321357069055868, 0.749957654694555}
Generation 2: 4.0 --- {-2.4470297954745104, -18.258321106137224, -10.604858763921342, 5.124783119190587, -5.097855329841004, -3.114722883102546, 5.3771890207005955, -18.57507869384477, 12.88799776237209, 4.898336299580107, -8.151133688194617, -11.526226933614133, 21.84496845860299, -3.6494902964598515, -16.87143291821572}
Generation 3: 6.0 --- {-2.399718073369373, -8.153182986549242, 0.7785187186242006, -4.347611764375894, -7.573486948106394, -11.239837440232336, -2.689266230073157, -26.658602988483388, 23.043200581916793, 16.238554571231923, -7.824249601756734, 1.4238830358706722, 8.802607587847998, -17.54752886081813, -21.435635147428272}
Generation 4: 8.0 --- {-2.399718073369373, -8.153182986549242, 0.7785187186242006, -4.347611764375894, -7.573486948106394, -11.239837440232336, -2.689266230073157, -26.658602988483388, 23.043200581916793, 16.238554571231923, -7.824249601756734, 1.4238830358706722, 8.802607587847998, -17.54752886081813, -21.435635147428272}
Generation 5: 15.0 --- {-16.28068278742468, -10.248596042017915, 0.09590958494084667, 20.62016253763737, -24.045311251004296, -8.347336279312428, 3.680422505949096, -15.234547967667485, 7.055793547134446, 12.630375757995989, -34.02652454201919, -2.6349195605286186, 18.767658927981657, -43.2993062160986, -22.623841517255087}
Generation 6: 52.0 --- {-19.3235710074189, 6.984267544535802, -4.332188907536543, 10.439114794110736, -45.250138779656744, -34.49961778425466, 23.610416266316285, -1.8577982728774174, 21.144182251595122, -2.6431502044015494, -65.47753087336915, -17.90073377949865, 13.441760086168541, -59.615753124466295, -14.04670945379997}
Generation 7: 43.0 --- {-43.7405320184766, 19.24273177223595, -5.68532528203699, 12.626965710530703, -48.00748544686574, -52.28843563589636, 34.63203761380632, -1.2454618782455054, -3.6703675923578594, -11.145266480135383, -77.42124769864111, -3.8831270864937126, 7.795526918215742, -67.65224933458816, -22.663582117005546}
Generation 8: 72.0 --- {-43.187094819560855, 12.809418344960509, -14.07303918325894, -6.61554142336184, -59.920188452302426, -38.8799384002312, 48.68752924048606, 0.38049538631368485, -5.223005586225188, -7.744695752207015, -71.6999163343151, -7.8106017526065425, -6.535461953477423, -75.75759431896945, -10.708976751069216}
Generation 9: 188.0 --- {-43.34960155182489, 4.522803017680715, -5.405526206591006, -16.21066215096763, -62.252207396856676, -35.1996455829215, 25.63416275322741, -8.299834662957695, 2.306259593991115, 26.954258917587286, -85.74243167574704, -22.42917814579566, 1.498210322952728, -85.88921486023443, -3.516938423100653}
AVG PERF OVER 50 TRIALS: 99.76
Generation 10: 344.0 --- {-72.50783186393829, 11.228179692158394, -10.582171581296297, 2.242388032715075, -55.751318163419384, -36.23803141297548, 43.36659934822003, 18.434305734977418, -5.197592613141651, -20.265624171188783, -91.24647557457205, -1.6418192806460663, 2.9213567456552463, -87.07508815323396, -30.980938582390777}
