TETRIS-H20-W10. Noise: (50.0, -0.1)
Generation 1: 5.0 --- {-5.966242786533678, -14.573935575809465, -19.473586752148787, -11.736342793273982, -2.6940090014950986, 2.7576438818382227, -7.407222263404752, -1.3968229354946182, -2.731783789261655, -6.169815847142659, 0.8011451908839555, -10.369699112713276, -3.678794409037132, 6.535615118821666, -1.5499974214650833}
Generation 2: 41.0 --- {6.29490167423345, -4.748013017835139, -6.957570974882789, -15.438558764353989, -13.82316020582681, -4.611917358773895, -8.64040588491324, -4.230312519799557, 15.225056830242538, -4.237497248844611, -19.02621066194632, -1.0635034165053068, -15.076700403391545, -1.038315545264874, 1.1979460663868338}
Generation 3: 21.0 --- {-0.5339889852280382, 5.044493319713698, -8.647903875973, 0.12576967968858455, -5.529470783110391, 1.0722905827335114, -10.45012675688579, -8.385406941607698, 8.15835929313674, -2.4656484079203507, -10.034224045513529, -2.509903492812317, -11.521841856252522, -16.305878202046134, -3.3384530620754314}
Generation 4: 70.0 --- {3.423362159111912, -6.185276769712872, -8.46307821521589, -15.77164805716561, 6.1731310196898095, 0.4882717242504586, -6.714873845885467, -10.909642336074556, 1.521522301209603, 6.121099091615647, -19.813411694987416, 1.104246798734097, -12.159789675032064, -6.912431477308147, -15.67660559762853}
Generation 5: 59.0 --- {1.3049043668584157, 4.5794733941615515, -6.0589301086275595, -6.951592727336189, -10.460810946868513, -0.3979400242187501, -4.736028952201113, -15.92260279629891, 8.01294527923995, 6.010423618940392, -10.724025860186346, -7.473124142603728, -14.07499523682867, -17.598794303141823, -6.935922482010299}
Generation 6: 102.0 --- {5.2764342854874196, -21.548416864816712, -2.8879574719430288, -19.922116165286482, 8.97646095035436, 14.222041097951772, -8.65501366092789, -0.24543060922794346, -21.87613333369922, 8.205001734609, -20.01782630753411, 11.617377044666032, -14.135148442451039, -24.51388996136958, -32.04341445948705}
Generation 7: 82.0 --- {5.2764342854874196, -21.548416864816712, -2.8879574719430288, -19.922116165286482, 8.97646095035436, 14.222041097951772, -8.65501366092789, -0.24543060922794346, -21.87613333369922, 8.205001734609, -20.01782630753411, 11.617377044666032, -14.135148442451039, -24.51388996136958, -32.04341445948705}
Generation 8: 394.0 --- {12.900152631187542, -11.956429069691028, -15.644931468335784, -20.282570985912066, 0.11353070516975738, -1.740474384279107, -26.478599328550075, -15.157932019554764, -7.625770882814626, 12.928105965919954, -22.460001065555417, -23.06775035703211, -28.85345292712563, -24.628087402488184, -33.35150039320234}
Generation 9: 753.0 --- {5.737739644375636, 10.194929841021528, -19.211741423056644, -11.183420305941386, -0.9358881669318184, 4.338384815522291, 12.382272501292782, -6.829323893334071, -6.044343111855619, 28.991388629328746, -35.39088348704634, -24.233784611217153, -28.682416990445994, -36.67651165264232, -21.3663366891162}
AVG PERF OVER 50 TRIALS: 186.6
Generation 10: 529.0 --- {-2.283306458573014, -7.959345627351066, -27.531906723062846, -14.100774086358669, 6.285683419801504, -12.876198572962045, 9.267192206203616, -8.820342571566592, -11.268467369583218, 17.143842553819397, -26.866539420161214, -31.20943367466688, -33.111463042511694, -40.023025675278234, -19.056265674420796}
