TETRIS-H20-W10. Noise: (50.0, -0.1)
Generation 1: 147.0 --- {11.73577192512239, -10.7772942029617, -5.295127527409557, -1.1394666168895353, 1.3486220284692632, 5.168221002642184, -5.968249035669836, -6.344283110268783, -5.471214654269002, 6.8075987525244885, -3.901345458030885, -11.54958389631597, -9.983923977525462, -12.29171261346975, -16.84785329454536}
Generation 2: 82.0 --- {36.84851776444586, -32.76233645684358, -13.832486902909684, -6.175580052592164, 11.787046363771609, 11.640616630974057, -11.687355484500202, -2.275844487357542, -10.614240775575158, 25.475616482583927, -21.618558466614328, -47.615790179874665, -44.092662497216864, -41.688982400876704, -37.25667137713674}
Generation 3: 186.0 --- {36.84849430230436, -29.55104400590271, -10.992822070182516, -16.29545081979539, 9.94803718525431, 20.349525421182808, 5.0263178514885265, 18.33081614267688, 0.8031290326053764, 29.31075170928074, -35.501954872032215, -61.619486874282714, -46.81055566869844, -47.430265446647475, -37.630124289576784}
Generation 4: 924.0 --- {36.84849430230436, -29.55104400590271, -10.992822070182516, -16.29545081979539, 9.94803718525431, 20.349525421182808, 5.0263178514885265, 18.33081614267688, 0.8031290326053764, 29.31075170928074, -35.501954872032215, -61.619486874282714, -46.81055566869844, -47.430265446647475, -37.630124289576784}
Generation 5: 2074.0 --- {36.84849430230436, -29.55104400590271, -10.992822070182516, -16.29545081979539, 9.94803718525431, 20.349525421182808, 5.0263178514885265, 18.33081614267688, 0.8031290326053764, 29.31075170928074, -35.501954872032215, -61.619486874282714, -46.81055566869844, -47.430265446647475, -37.630124289576784}
Generation 6: 2242.0 --- {36.84849430230436, -29.55104400590271, -10.992822070182516, -16.29545081979539, 9.94803718525431, 20.349525421182808, 5.0263178514885265, 18.33081614267688, 0.8031290326053764, 29.31075170928074, -35.501954872032215, -61.619486874282714, -46.81055566869844, -47.430265446647475, -37.630124289576784}
Generation 7: 2888.0 --- {36.84849430230436, -29.55104400590271, -10.992822070182516, -16.29545081979539, 9.94803718525431, 20.349525421182808, 5.0263178514885265, 18.33081614267688, 0.8031290326053764, 29.31075170928074, -35.501954872032215, -61.619486874282714, -46.81055566869844, -47.430265446647475, -37.630124289576784}
Generation 8: 10925.0 --- {37.39750091967915, -38.68920289352094, -6.208982853848667, -18.599059990594526, 0.5433306491151733, 39.842085198974466, -0.9365121825279239, 29.18111059731622, 4.742530837598877, 9.571563084535143, -48.00640763876117, -65.57709828354855, -65.88455280170875, -63.646080936094386, -41.694263384577646}
Generation 9: 3055.0 --- {36.84849430230436, -29.55104400590271, -10.992822070182516, -16.29545081979539, 9.94803718525431, 20.349525421182808, 5.0263178514885265, 18.33081614267688, 0.8031290326053764, 29.31075170928074, -35.501954872032215, -61.619486874282714, -46.81055566869844, -47.430265446647475, -37.630124289576784}
