
nSamples 100, nElitists 10, initialNoise 50.0, noiseStep -0.1, height 20, nFeatures = 15, nTrials 100: 
1. Score 4.96; {-1.0318463783745564, -1.6066179920861179, -7.747052285269643, -20.54484732358047, 1.2122169699684584, -3.548541493505975, -1.5950805918933821, 2.381115712680331, 0.3566636171306458, 13.312897691541206, -0.6118905569335947, -13.076256840389874, 5.541930975125297, -15.021672217557851, 9.41353330782833}. 
2. Score 690.63; {-1.0409705573740995, -1.4031943324203469, -7.277558213371114, 5.590578779607426, -2.3602661888908036, -10.408272768890285, 1.5942258107410414, -8.218277879034853, 2.498382571499186, -13.643328147415541, -35.74119957260467, 0.1348534932649854, -5.361359178801415, -14.493960476089146, 5.066195728956737}. 
3. Score 826.06; {-1.0409705573740995, -1.4031943324203469, -7.277558213371114, 5.590578779607426, -2.3602661888908036, -10.408272768890285, 1.5942258107410414, -8.218277879034853, 2.498382571499186, -13.643328147415541, -35.74119957260467, 0.1348534932649854, -5.361359178801415, -14.493960476089146, 5.066195728956737}. 
4. Score 745.47; {-1.0409705573740995, -1.4031943324203469, -7.277558213371114, 5.590578779607426, -2.3602661888908036, -10.408272768890285, 1.5942258107410414, -8.218277879034853, 2.498382571499186, -13.643328147415541, -35.74119957260467, 0.1348534932649854, -5.361359178801415, -14.493960476089146, 5.066195728956737}. 
5. Score 854.16; {5.033705781807169, -2.6820909867966356, -17.595934378794787, -10.924832148506297, 8.463045252749806, 0.4982493771383325, 9.918757810604882, -8.432642362663788, -2.456050902091691, 4.768877155930703, -29.47881275174567, -18.36877735984456, -25.752515348247798, -18.76791518120227, -10.254459368846515}. 
6. Score 1512.42; {2.3742303635819404, -3.030626831307015, -12.556213131288398, -11.235103907033839, -8.221394417666163, -14.66354079161078, -11.725625802876277, -9.62366965425131, -0.3793055288388194, 3.673748291884513, -29.66335951039307, -5.54876668335981, -24.70048682196947, -11.199401206995176, -5.039604080246541}. 
7. Score 1915.18; {5.433264403466063, -9.269642251760665, -21.2936239751393, -14.756793931681255, -0.2684022196585101, -9.483983717064483, 2.390378411539638, -20.883743050630645, -0.7937578487705503, 0.6986618374893787, -39.480746396513624, -27.03354347873683, -35.552698832823026, -21.497342349772687, -6.412556028348793}. 
8. Score 5501.47; {-2.816752804224172, -8.108246480565622, -19.385956174221732, -10.11366549319975, 3.541822203203874, -11.018444093806233, 0.28079369023037204, -6.938205686301091, -11.246623072155788, -5.705583320183514, -52.38019820282923, -5.989417436573994, -50.39978026129101, -25.32198970787141, -11.30314960118628}. 
9. Score 5907.61; {10.384967174840511, -8.087731242133938, -4.482432870002874, -19.19628456494735, 4.725214698481082, -2.570097445933193, -5.047560534369275, 1.767756263447616, -12.607761994618293, 0.7278365772025235, -37.58933200877255, -11.361287461088088, -61.95128807817053, -27.41039020439964, -25.955792026818806}. 
10. Score 6883.76; {12.053100880915503, -25.405537295009392, -18.384103500155298, -7.178264700832412, -7.724075579339495, -22.577425174691356, -5.799681610959014, -10.334739229462238, 4.08215214589389, -14.757970924144207, -58.813684962571074, -28.44993899438623, -48.840712028038936, -22.68585576416828, -1.661616352958852}. 
11. Score 12875.99; {16.408938465488387, -12.072122915845961, -18.56609691319172, -6.88841131007454, -4.770252353204551, -7.652872863499994, -6.9750286694410395, -13.639956365262055, 7.821264861954777, -15.796991177330032, -53.65250057224691, -16.191350412008113, -50.95434667153871, -27.090072898660615, -4.892849560054149}. 
12. Score 45454.77; {19.980227781765787, -16.833369522372433, -10.316845875467743, -0.8673301273999146, 1.0252128649947565, -10.197946032456077, -2.692328590084842, -17.978186544894314, -5.838706254020312, -17.839142377482375, -56.21511720346178, -16.927702510316685, -60.39959680445209, -24.761400721234214, -4.805938403611256}. 
13. Score 112806.97; {17.13646016543466, -10.888302794808892, -6.897982090918946, -3.080008202441486, -2.769923766154656, -21.414423327033994, -5.519378804002694, -16.29486665043761, -11.395598047033069, -8.25303564222013, -59.4868173831628, -14.248768348662933, -45.26009387892517, -16.10576245468596, -8.822501833331387}. 
14. Score 104568.21; {17.13646016543466, -10.888302794808892, -6.897982090918946, -3.080008202441486, -2.769923766154656, -21.414423327033994, -5.519378804002694, -16.29486665043761, -11.395598047033069, -8.25303564222013, -59.4868173831628, -14.248768348662933, -45.26009387892517, -16.10576245468596, -8.822501833331387}. 
