
nSamples 100, nElitists 10, initialNoise 7.0, noiseStep -0.1, no holes: 
10.21; [-5.889118944899283, -4.045011081715223, -13.612850075941871, 13.374403401820762, 7.038985860812193, -1.9200128219082768, -7.93400608559426, -3.9016628615421673, 7.071773480830506, 9.203236159625687, -5.585629755432825, 4.98726414561914, -7.528138597409757, -33.403348556315365, -4.43960006076132]. 
69.39; [-5.573187204116232, -5.460440383846845, 3.38963151383798, -2.483975929320046, -1.2513151933125406, -2.2189626928766413, -2.233363504237264, 2.7502158431862123, -8.362158955789663, 4.357021399149786, -8.369733429025962, -6.305861630780137, -4.997308617791875, -11.022428977491126, -2.9894212392705817]. 
135.53; [-5.538809785140558, -0.6248273375830022, -5.433419498269019, -4.0591637825946405, -3.984866951877945, -1.8806417248452552, 1.9160687836044965, -3.4235631597532903, -0.2557049201149386, 2.8503597495139132, -8.723557936846202, -7.416833604580505, -3.753646039833571, -14.20168480814165, -4.004052970770431]. 
356.52; [-4.022179168836238, -4.782490496071346, -5.963507344894111, 1.1589895084598059, -7.210015173807047, -3.11262033063711, 5.456790283697141, 2.5309796728612626, -0.9510081413846625, 3.262402352873898, -10.636054199228216, 0.9916384226938968, -7.46171198428941, -14.991009865060757, -6.131622017376939]. 
798.84; [4.065577276722626, -4.387663075697031, -6.490443851610346, -3.331468880141783, -2.876148863715961, -1.9199302061878294, -7.058954499637176, -1.9342773276373972, -4.596893447851931, -1.4938234334933176, -11.126754195109775, -3.110661896332497, -12.308526892033303, -12.536541316046875, -1.0743028183995462]. 
1990.68; [-0.2078682730552207, 0.796447971137658, -6.775872282563775, 2.4555218203602873, -2.04992409724704, 2.5704469611710294, 0.9286808119453667, 3.8902796901858085, 0.697818194567108, -2.061634432452895, -19.06643225868462, -0.820789436376169, -14.656410943740811, -17.6106029827879, -6.108338710511371]. 
5579.27; [7.893838625282221, -0.5851775152557349, -5.885712964373548, 0.706002504712689, -3.2751466088824794, 3.5774188137237695, -5.4420410526465295, 4.522134256993832, -4.807808423917617, -2.310553919851853, -19.48316125294471, -11.414659714291169, -19.113236325879363, -14.466820092152801, -1.94146787834574]. 
19024.1; [8.62694178226794, -5.556298902996277, -5.458781114112853, -1.0240720327835098, -0.16244173075567803, 0.20827516310859573, -3.404553993840804, -1.5802129287115936, -1.1361717196048864, -1.7818939124553865, -16.488556964528254, -8.407850338992631, -18.385650403652193, -12.428959855278684, -0.08738028630575911]. 
16746.83; [8.62694178226794, -5.556298902996277, -5.458781114112853, -1.0240720327835098, -0.16244173075567803, 0.20827516310859573, -3.404553993840804, -1.5802129287115936, -1.1361717196048864, -1.7818939124553865, -16.488556964528254, -8.407850338992631, -18.385650403652193, -12.428959855278684, -0.08738028630575911]. 
50141.45; [10.704361810041206, -8.561268336133534, -1.8946254991283427, -3.7478230990165287, -4.009421413391873, -4.247592496343475, -0.530663535641765, -2.405576654473988, -0.9138382554749904, -3.3328324505985263, -23.992332901930276, -11.145304332571964, -26.948889194034546, -13.164466294263775, -2.037793291317641]. 
46304.86; [6.192747734604195, -8.595136626998986, -1.5267366542484049, -1.2677432344642976, -5.358591597245601, 0.15317354566610114, 3.3618304309983635, -2.5997676001852192, -1.9140164604613206, -2.6228782185777852, -28.40026030193349, -8.501580591566775, -21.24917942274599, -14.03224180925546, -5.0906167909684035]. 
53011.96; [7.400919943293313, -4.052273507135862, -2.3739326837995787, -1.950002071724795, -1.115583397779738, 0.8431712656036907, 0.7728451349766019, -1.9379705368215387, 0.005184869508555678, -3.5669606292330656, -21.5206903542866, -8.449130268994317, -18.757365434451057, -11.582901592119025, -6.462789728557195]. 
61801.4; [6.192747734604195, -8.595136626998986, -1.5267366542484049, -1.2677432344642976, -5.358591597245601, 0.15317354566610114, 3.3618304309983635, -2.5997676001852192, -1.9140164604613206, -2.6228782185777852, -28.40026030193349, -8.501580591566775, -21.24917942274599, -14.03224180925546, -5.0906167909684035]. 
69387.71; [7.400919943293313, -4.052273507135862, -2.3739326837995787, -1.950002071724795, -1.115583397779738, 0.8431712656036907, 0.7728451349766019, -1.9379705368215387, 0.005184869508555678, -3.5669606292330656, -21.5206903542866, -8.449130268994317, -18.757365434451057, -11.582901592119025, -6.462789728557195]. 
75626.41; [12.083152173609236, -9.756273709470861, -1.3017874956511313, -2.145697865572971, -0.8601770865087257, -4.492021645625754, 2.35835741572806, -3.7243220033335684, -3.9962406043509984, -6.266224938536764, -32.182590947393706, -10.036746523868006, -24.010191106786433, -13.485634484875638, -2.9333350108059877]. 
82286.94; [12.083152173609236, -9.756273709470861, -1.3017874956511313, -2.145697865572971, -0.8601770865087257, -4.492021645625754, 2.35835741572806, -3.7243220033335684, -3.9962406043509984, -6.266224938536764, -32.182590947393706, -10.036746523868006, -24.010191106786433, -13.485634484875638, -2.9333350108059877]. 
108388.57; [8.776763918002935, -9.39090120719628, 1.0323504291756702, -3.4881725922452596, -4.456017868122071, -3.247847744524377, 2.001498028615081, -0.320357188024306, -1.122203674968172, -2.3528267220003523, -31.270517980885785, -10.085996919351015, -21.11292329066441, -14.598845625823957, -9.321611533205253]. 
133157.74; [12.999637409463467, -11.877639430797675, -2.465187121771612, 0.07336496858706232, -4.523344482123129, -2.4962290410904098, 2.0361645569899767, -0.3094896127223552, -0.3730520389824241, -4.079534862534864, -30.4312189376755, -9.923916280264484, -20.710763668433128, -14.792692184198472, -6.883040570818113]. 
119577.36; [15.148970306511794, -15.06825538184557, -2.584638898892047, -6.048530267018881, -3.7623881659532916, -5.8079071543914695, 0.6923295833939149, -0.9501456403060666, 0.1288069460639264, 0.5674281180215002, -41.26956649685493, -11.232749170843217, -24.338528885058572, -15.771270107804872, -8.55397547721934]. 
116601.9; [15.148970306511794, -15.06825538184557, -2.584638898892047, -6.048530267018881, -3.7623881659532916, -5.8079071543914695, 0.6923295833939149, -0.9501456403060666, 0.1288069460639264, 0.5674281180215002, -41.26956649685493, -11.232749170843217, -24.338528885058572, -15.771270107804872, -8.55397547721934]. 
148589.08; [12.694204138825524, -12.15067129082534, 1.376705207410502, -5.995647183387015, -2.958549984028174, -5.948334686345481, 2.7382789713378144, -2.105567797702112, -1.0941059797981687, -0.812674717476993, -40.28089793849616, -9.573098414349186, -26.553724839784884, -18.437634520766906, -10.212100291036272]. 
177779.63; [12.700928837907238, -10.161937024968159, 1.984995399929428, -1.5749808501271612, -3.8790577042816397, -5.846186605970665, 2.806463015426899, -1.8858780711667082, -0.44657070910701363, -4.095624840844026, -39.715662952134, -14.615416968933523, -24.220677447266745, -14.336046027610113, -10.884911238182596]. 
207445.68; [13.590868798515297, -10.500976282169878, -0.47090404369298156, -4.18232823526734, -2.6395457549331844, -4.242041540909958, 3.1008466744487198, -4.210086224956777, -0.5947453176608817, -4.633072407232478, -35.86048866389657, -10.883180967171075, -21.308774115862903, -12.1517128908801, -11.406882731845208]. 
186474.7; [12.700928837907238, -10.161937024968159, 1.984995399929428, -1.5749808501271612, -3.8790577042816397, -5.846186605970665, 2.806463015426899, -1.8858780711667082, -0.44657070910701363, -4.095624840844026, -39.715662952134, -14.615416968933523, -24.220677447266745, -14.336046027610113, -10.884911238182596]. 
217346.5; [16.000173505466638, -11.40494660577733, -0.5474328769126364, -1.7302792514745715, 0.6490860201419419, -5.92403914034958, 3.7587289253269933, -3.7841105245461737, -5.116165178689847, -7.113666044134154, -43.052243126655505, -14.376952306317984, -21.95729612511409, -13.39557570972527, -11.565029907005883]. 
244400.7; [18.02550440983688, -14.785341454876162, -1.0821503870764786, -0.5229539809284796, -1.344435664898475, -8.933224356498027, -0.2145286731175413, -5.305736429850319, -1.5880881604231702, -4.676532409568097, -44.577452351588306, -12.994838623612806, -17.053605629558355, -11.972044180290869, -8.01625866570119]. 
238107.74; [16.84131716242563, -15.159403875900788, 1.5926485521921045, -5.353099481403068, -0.9249244444789448, -5.517871611727081, 0.5167511730516159, -4.45991463797335, -2.043433461000204, -4.174964887337264, -41.604773309597256, -11.71607539303308, -22.50629783641642, -13.51084790652898, -7.7047749434870285]. 
275012.25; [18.02550440983688, -14.785341454876162, -1.0821503870764786, -0.5229539809284796, -1.344435664898475, -8.933224356498027, -0.2145286731175413, -5.305736429850319, -1.5880881604231702, -4.676532409568097, -44.577452351588306, -12.994838623612806, -17.053605629558355, -11.972044180290869, -8.01625866570119]. 
268368.13; [18.02550440983688, -14.785341454876162, -1.0821503870764786, -0.5229539809284796, -1.344435664898475, -8.933224356498027, -0.2145286731175413, -5.305736429850319, -1.5880881604231702, -4.676532409568097, -44.577452351588306, -12.994838623612806, -17.053605629558355, -11.972044180290869, -8.01625866570119]. 
287806.83; [18.02550440983688, -14.785341454876162, -1.0821503870764786, -0.5229539809284796, -1.344435664898475, -8.933224356498027, -0.2145286731175413, -5.305736429850319, -1.5880881604231702, -4.676532409568097, -44.577452351588306, -12.994838623612806, -17.053605629558355, -11.972044180290869, -8.01625866570119]. 
285037.87; [16.455263315698033, -14.580474778846511, 1.4797079846878787, -2.978432041270163, -3.145648797737625, -9.014692522922113, 1.6077865276651484, -3.862113799500857, -4.4181047448208215, -2.65640862254417, -48.15121491102351, -13.403857367163928, -26.289382691346866, -13.657989154781362, -14.108450834987876]. 
257508.06; [18.02550440983688, -14.785341454876162, -1.0821503870764786, -0.5229539809284796, -1.344435664898475, -8.933224356498027, -0.2145286731175413, -5.305736429850319, -1.5880881604231702, -4.676532409568097, -44.577452351588306, -12.994838623612806, -17.053605629558355, -11.972044180290869, -8.01625866570119]. 
273553.75; [18.02550440983688, -14.785341454876162, -1.0821503870764786, -0.5229539809284796, -1.344435664898475, -8.933224356498027, -0.2145286731175413, -5.305736429850319, -1.5880881604231702, -4.676532409568097, -44.577452351588306, -12.994838623612806, -17.053605629558355, -11.972044180290869, -8.01625866570119]. 
300734.19; [16.455263315698033, -14.580474778846511, 1.4797079846878787, -2.978432041270163, -3.145648797737625, -9.014692522922113, 1.6077865276651484, -3.862113799500857, -4.4181047448208215, -2.65640862254417, -48.15121491102351, -13.403857367163928, -26.289382691346866, -13.657989154781362, -14.108450834987876]. 
313654.33; [19.066611741868716, -14.835214243830427, -3.6589120254413587, -1.693552046193202, -3.2972689018995704, -10.9628656536583, 0.4524937474691906, -5.007867282641726, -2.845080071313205, -3.515024098738004, -54.19244262162586, -13.409571108447881, -22.829497192447363, -15.399621042787313, -11.86285596296036]. 
319267.17; [18.16702947220051, -14.874288241354025, -0.06349797840127042, -1.4636456092545553, -1.2230761386153297, -7.858686399922503, -1.0150336885858087, -3.182494226841194, -2.5607634616019053, -2.632682368106347, -48.28498357451501, -12.295777014212376, -22.8676124945463, -14.132887612449904, -15.449203287267723]. 
405825.29; [18.548028311132786, -11.87755268508593, 0.32422531607214633, -3.108298083487578, 0.8423476964555707, -7.640356347849029, -2.2488372788162794, -3.699842838905878, -0.8945654599041499, -4.139564490746606, -53.156450157622025, -16.21269050531408, -18.30571237356591, -12.976619597522284, -10.972054394642148]. 
330713.76; [18.548028311132786, -11.87755268508593, 0.32422531607214633, -3.108298083487578, 0.8423476964555707, -7.640356347849029, -2.2488372788162794, -3.699842838905878, -0.8945654599041499, -4.139564490746606, -53.156450157622025, -16.21269050531408, -18.30571237356591, -12.976619597522284, -10.972054394642148]. 
340847.51; [18.16702947220051, -14.874288241354025, -0.06349797840127042, -1.4636456092545553, -1.2230761386153297, -7.858686399922503, -1.0150336885858087, -3.182494226841194, -2.5607634616019053, -2.632682368106347, -48.28498357451501, -12.295777014212376, -22.8676124945463, -14.132887612449904, -15.449203287267723]. 
353421.84; [18.16702947220051, -14.874288241354025, -0.06349797840127042, -1.4636456092545553, -1.2230761386153297, -7.858686399922503, -1.0150336885858087, -3.182494226841194, -2.5607634616019053, -2.632682368106347, -48.28498357451501, -12.295777014212376, -22.8676124945463, -14.132887612449904, -15.449203287267723]. 
384769.26; [19.3979536186138, -15.292274304792816, -2.18399914772243, -2.142224029349085, -2.4264349438817474, -9.138617334392764, -3.842881072688213, -3.988151562686132, -5.482031288047836, -7.987626142635742, -55.74824646987279, -11.749287579552414, -20.821187630901406, -12.13510081124715, -12.855041767107497]. 
405872.24; [19.3979536186138, -15.292274304792816, -2.18399914772243, -2.142224029349085, -2.4264349438817474, -9.138617334392764, -3.842881072688213, -3.988151562686132, -5.482031288047836, -7.987626142635742, -55.74824646987279, -11.749287579552414, -20.821187630901406, -12.13510081124715, -12.855041767107497]. 
407198.09; [18.623987259592553, -11.54347265300359, 0.8330727894595026, -2.980694168484513, 0.7557369903512094, -6.803874115736656, -0.8234091168321707, -4.527057547508703, -2.9952569772541584, -3.57588136133887, -56.0945981207038, -14.229750954418035, -20.642729754935896, -13.892578201475063, -13.217947836214165]. 
404742.55; [19.459794679132354, -12.725312696258456, -2.343231850694396, -0.5271251738367777, -2.371520799846099, -11.211903140604443, -3.075766108795949, -5.611641086140153, -5.913551289796429, -7.9621028116861705, -57.048236737914515, -14.949973813222694, -20.45468709180345, -11.182232035867122, -14.66320328099798]. 
382310.38; [18.851254122058595, -14.812558549288767, 2.4099631517407367, -1.3259828138214047, -1.8914852741680952, -10.483350097175462, -2.2385151196282167, -5.264944922965909, -3.023279644301157, -5.791235119319089, -55.689009954695365, -14.99261331285186, -20.435057343289312, -13.691857483205242, -11.781331698735226]. 
462846.95; [19.605526060253897, -14.08596673751005, -2.1279042933450274, -0.5759844520129063, -0.5923454191707844, -10.212890896218333, -2.036525086973809, -5.703484601993307, -3.3469866563699373, -8.244945886360743, -53.26104795709366, -13.331627182353706, -21.044828810572508, -11.62997443555139, -11.642688655296855]. 
444174.96; [18.372717361652708, -14.431000681354066, -1.1135726962930181, -2.747956467178137, -1.735446596176029, -12.954605784785542, -5.228968205797729, -5.06695763669741, -6.516176504988308, -7.241421912866419, -57.9141229763562, -15.16696146865103, -19.87142498045275, -8.801867558414422, -14.072591040903653]. 
536631.29; [18.214560342008735, -13.670607165219522, -0.557532564474959, -3.652647681938363, -1.9999126769232096, -10.728695008062534, -2.442483354914081, -5.79349837898371, -4.564046264256869, -7.055605264379794, -56.55592175343999, -14.559761213240886, -20.677172528348315, -11.450048629076731, -13.56778833399605]. 
470544.38; [18.372717361652708, -14.431000681354066, -1.1135726962930181, -2.747956467178137, -1.735446596176029, -12.954605784785542, -5.228968205797729, -5.06695763669741, -6.516176504988308, -7.241421912866419, -57.9141229763562, -15.16696146865103, -19.87142498045275, -8.801867558414422, -14.072591040903653]. 
471238.64; [20.120539776943446, -15.321111420637477, 1.196043331078026, -3.2522111928716932, -1.110350238656252, -10.835205697216768, -3.684227562633332, -4.803777438209709, -5.060659905608829, -6.448004327059649, -54.03170337539764, -14.293699868331725, -18.297722535166237, -9.673627797705985, -13.783704814750491]. 
