
nSamples 100, nElitists 10, initialNoise 7.0, noiseStep -0.1, height 20, nFeatures = 15, nTrials 100: 
1. Score 37.81; {4.52229518376803, -7.902848892269984, 5.804280584900362, -7.6526852311220575, 5.287490711377371, 10.649913564928973, -8.202506551214832, -1.0951477516353394, -12.50037946719074, -17.292139782348073, -13.41241865076829, 3.3626726583556095, -20.933429005286573, -11.48253526384966, -4.47846638767267}. 
2. Score 256.3; {1.85819771451284, -5.81042375448008, -1.0906696517138652, -6.800578854461165, -4.13138401972855, -2.582865251202161, -10.128951991558079, -8.16768701926624, -0.6400085233790276, -3.1999131694918086, -10.77668360549108, -2.989289256272955, -11.922426467488147, -10.853740897031537, 1.1823870231296247}. 
3. Score 436.25; {-2.6958620317227924, -12.185386180492053, -1.6866544695500514, -7.3405391958837445, -8.642330832825113, -1.037253637312769, -4.173020409006817, -4.018883813720418, -4.412231217416369, -5.80296561353482, -14.504250870229416, -2.2729420834125467, -10.034013343142117, -12.727082048451651, -2.777542367548424}. 
4. Score 3623.4; {-0.22131310337744092, -1.699329100938332, -1.3722032296782982, -4.148108622767601, -4.56155949548284, -3.272995507352129, -1.4900698018745717, -4.403185099084767, -1.6510914364979143, 1.3671475669099258, -13.654942045684797, -8.411041366571446, -15.086776097792487, -7.015862096049146, -5.953359187333492}. 
5. Score 5045.74; {-0.46393792660992506, -7.333770311664877, 6.910641024486452, -13.13577105554246, -4.926558210935532, -0.04753288497553165, 3.755471367279401, -9.413165770961477, -1.4963644113459251, -3.2742922104406533, -19.58827487617947, -2.26190438429147, -19.91440154864903, -10.47190147738316, -8.32959454381411}. 
6. Score 11022.74; {5.136951337244483, -11.688373371904081, -2.2912461313394648, -9.432244820317019, -5.707576972953672, 1.986583205373101, 5.561327750619717, -1.8783080803634578, 3.404053888729964, 0.727376701827954, -18.571091323292187, -4.267869372894298, -16.603572523806704, -12.94604413584548, -6.651204204551497}. 
7. Score 15929.77; {3.477261166161961, -7.011468850286512, -1.1829899204785115, -7.098333066570571, -3.8074967957992967, -5.2888329966362395, 3.20234767969134, -3.467721993272752, 0.5321943912735274, 0.17496917273253132, -17.64901059936487, -3.196246817280532, -20.94084948714561, -10.443829756920678, -5.119300731230947}. 
8. Score 46610.6; {6.984970299199681, -6.680087782648473, 1.3904840367045659, -5.799850497555595, -1.0837433617767256, -2.4908250866410766, 0.706476003511411, -5.525699895231863, -5.272733996738876, -3.29309723398852, -24.18529552928284, -3.6518694525773716, -18.86303834974822, -13.499004519424338, -5.477066328880757}. 
9. Score 40730.84; {6.984970299199681, -6.680087782648473, 1.3904840367045659, -5.799850497555595, -1.0837433617767256, -2.4908250866410766, 0.706476003511411, -5.525699895231863, -5.272733996738876, -3.29309723398852, -24.18529552928284, -3.6518694525773716, -18.86303834974822, -13.499004519424338, -5.477066328880757}. 
10. Score 47153.02; {6.984970299199681, -6.680087782648473, 1.3904840367045659, -5.799850497555595, -1.0837433617767256, -2.4908250866410766, 0.706476003511411, -5.525699895231863, -5.272733996738876, -3.29309723398852, -24.18529552928284, -3.6518694525773716, -18.86303834974822, -13.499004519424338, -5.477066328880757}. 
11. Score 108187.68; {8.321874856411364, -5.875422069590832, -3.257634035924962, -4.039211220744568, -0.5355110087097381, -8.460157455446321, -4.336429869951833, -8.08921800401172, -6.537475697041113, -5.732167713275931, -24.821937337470366, -9.85448139032302, -17.42940977023426, -3.4916848499662576, -3.216018949991477}. 
12. Score 119422.6; {8.321874856411364, -5.875422069590832, -3.257634035924962, -4.039211220744568, -0.5355110087097381, -8.460157455446321, -4.336429869951833, -8.08921800401172, -6.537475697041113, -5.732167713275931, -24.821937337470366, -9.85448139032302, -17.42940977023426, -3.4916848499662576, -3.216018949991477}. 
13. Score 106797.0; {8.321874856411364, -5.875422069590832, -3.257634035924962, -4.039211220744568, -0.5355110087097381, -8.460157455446321, -4.336429869951833, -8.08921800401172, -6.537475697041113, -5.732167713275931, -24.821937337470366, -9.85448139032302, -17.42940977023426, -3.4916848499662576, -3.216018949991477}. 
14. Score 119968.64; {8.644632154594976, -8.836462899395894, 0.6112405652240539, -3.6756467413544156, -1.3063288800911332, -7.056993762615819, 1.4969423098873749, -5.914364561191689, -0.8051234624248766, -3.6581393349313283, -27.276295664622396, -10.119063772981463, -21.10743352418843, -9.351444083510824, -6.859948001627173}. 
15. Score 117305.34; {11.579002123428285, -6.691661419317477, -0.9235952271919604, -1.888642863598477, 0.4148029167860652, -5.403313623397716, 1.4271437700939713, -6.026548627662266, -2.915706717771945, -3.9632921036060638, -25.254119700211323, -8.622723980621751, -16.488975788368144, -8.900017054943511, -4.544093201611434}. 
16. Score 147957.54; {10.023531632186325, -7.090612635126598, -0.5995086887282433, 0.5610268594817134, -3.9460134776938878, -3.75279989111812, -0.2985723749067768, -5.574259577397172, -5.216826626871565, -7.485130993110241, -31.440192912726857, -10.326049719600848, -16.006364218242016, -8.016623912727578, -6.532783060434544}. 
17. Score 131851.02; {10.023531632186325, -7.090612635126598, -0.5995086887282433, 0.5610268594817134, -3.9460134776938878, -3.75279989111812, -0.2985723749067768, -5.574259577397172, -5.216826626871565, -7.485130993110241, -31.440192912726857, -10.326049719600848, -16.006364218242016, -8.016623912727578, -6.532783060434544}. 
18. Score 169056.22; {12.747021275196833, -7.852131759405192, -2.1542323657282756, -0.4132298733460842, 0.4762349476374821, -10.709847330246806, -3.297957768288685, -4.751910923348328, -7.204908736720107, -9.6473327588625, -34.94317777177067, -8.800896898263993, -15.706845696668145, -4.432914293095099, -7.946841483801583}. 
19. Score 187689.28; {13.612025424160427, -13.498026124980704, -2.642232034997764, -1.9153986859294898, -2.137973526076775, -11.673146246679645, -2.0661625227956395, -6.0125346243214, -4.196564544037909, -14.529767905414673, -42.77111852790114, -7.872743947085131, -19.8219691814922, -7.434879116292379, -8.003441850671084}. 
20. Score 182424.54; {15.424709248479346, -11.379972394139372, -3.4553324268690995, -1.2223150921205204, -0.5552774351596443, -11.14601429183882, -2.0004550526768146, -5.762578049791875, -4.822113633701378, -9.088508100093172, -37.85882996353041, -9.119159116537485, -20.09255355834314, -8.938084491753342, -8.385879722407623}. 
21. Score 281428.96; {11.50658711721896, -10.861401138583632, -4.118442972250591, -1.8461134852235142, -3.966825730427955, -12.13576015151363, -4.52674524983291, -7.926463091874501, -8.214703395288714, -8.528322705392059, -46.883200123749695, -6.9020670613035255, -16.848897298894233, -6.097210214468272, -9.789059621248533}. 
22. Score 233577.07; {12.773823238527012, -15.09617682916608, -0.1503321137714041, -2.3362071493218624, -2.7377822694320746, -11.8779311669118, -3.276481464504617, -6.197057829987424, -7.605905322993621, -9.930553603947633, -49.63199865939653, -4.166305901691049, -24.480600026890077, -10.167082594927491, -8.90479545435181}. 
23. Score 271292.17; {15.036098742847503, -9.977071209381721, -0.5245756985202528, 0.2731580021368125, -2.5977503460251476, -11.238478261393896, -5.200836543915034, -8.25077798277678, -6.460288151201612, -5.317321246743259, -42.94984226576693, -7.821488537828746, -18.199564512501848, -8.090638481433365, -6.231871201514757}. 
24. Score 300995.23; {12.497594541579739, -9.264637329940147, 0.2920810328974801, -1.296420666591617, -3.908184205421794, -11.017668026722923, -1.9939850434642654, -6.73096465281339, -6.0414028646446365, -8.34097906359119, -44.9940378354479, -6.735252072615092, -19.511377899960106, -10.022382875218838, -8.427787292929025}. 
25. Score 285066.99; {12.617252370665506, -11.910970856342596, 1.6816617256429072, -6.512833215245607, -0.36919672054549624, -9.976593182134495, -4.876322900408548, -8.588645823452998, -8.90380534023757, -10.365695616741274, -46.91495378791038, -4.968738472577639, -18.903424114853912, -5.688718552061781, -8.107942593644694}. 
Average performance now of best params: 283628.24
