
nSamples 100, nElitists 10, initialNoise 50.0, noiseStep -0.1, height 20, nFeatures = 15, nTrials 100: 
1. Score 33.1; {-2.1630758402298103, 1.9292632110891939, -10.571687651246904, -0.6219721852105643, -3.627770707665565, -3.0230945562516744, -9.887999418505505, -8.57449163412183, -7.9995805271627685, 1.1890821407350707, -4.73250719409157, 7.5595832725658765, -26.11516382864817, -9.500463936511895, 9.835678970797257}. 
2. Score 51.79; {13.82536991974837, 5.791462546394814, -6.854813827539528, -17.499476661181173, -4.321806855076293, -20.66928142360082, -11.334687281988558, 4.799347264850275, 18.465135429046903, 8.08902101837916, -17.953658223196065, -21.441196849160818, -21.172089323387716, -15.605689161962454, -23.7035668801375}. 
3. Score 141.38; {-0.4696677281197359, -10.657087095954928, -11.009388377607081, -6.077115125106836, -0.3102252451582084, -2.9717782465287934, -6.331565624607246, 12.66925084128912, 5.83513214773161, -14.874962222881036, -34.02862932383611, -12.110200358666518, -8.293522558142639, -32.75784913310312, -13.375761359492957}. 
4. Score 749.74; {9.05398283803526, -1.911695009078537, -17.678292616859707, -26.715865699564, -4.650223391109819, 17.311098687034228, -13.321723996771745, 6.716535006390532, 8.320029249387801, 9.25591846131059, -48.005582227113855, -13.364429481707042, -13.019422761111695, -36.90358310340303, -5.7700366237381004}. 
5. Score 1482.87; {5.167469342932197, -0.5125394494101512, -22.257948941973346, -2.213102612101528, -7.121772925031433, 12.54919431293832, -6.631491564114119, -3.8175261974426036, -10.411499402470996, -11.229091993029913, -52.40159595393102, -11.986545106215264, -16.571928739177345, -34.638457955346794, -3.6420509514961132}. 
6. Score 9734.43; {12.242558456813615, -1.782473298498282, -15.436047078756939, -3.564364533037619, -14.507776072783297, -5.745173280173546, -4.565429600018334, -0.0807244024349334, -1.8265580595727982, -2.6938575781725667, -46.51572346735037, -22.707918299835292, -40.695395098797604, -30.709199092854973, -7.497625537027656}. 
7. Score 10041.79; {12.242558456813615, -1.782473298498282, -15.436047078756939, -3.564364533037619, -14.507776072783297, -5.745173280173546, -4.565429600018334, -0.0807244024349334, -1.8265580595727982, -2.6938575781725667, -46.51572346735037, -22.707918299835292, -40.695395098797604, -30.709199092854973, -7.497625537027656}. 
8. Score 11850.95; {10.763877434070423, 9.987400041296784, -20.413727192920092, -3.9061210720447135, -3.796588634018382, -10.610702156436373, -12.950483958510112, -4.06398661057751, -7.260793861085093, -12.566718436566706, -58.509346686341914, -9.313594174531001, -37.97267576986467, -17.879169818434313, -9.170838573351308}. 
9. Score 15209.61; {20.351212476838025, -14.411642024886575, -3.7773730409241937, -4.366312736028814, -1.8014208810378198, -19.477246558936848, -6.353409812164529, -0.7894593391916362, -20.00411381492081, -9.88766599925923, -48.44473079795081, -20.168119026100406, -54.97742880563029, -22.00488212969432, -7.043785661888484}. 
10. Score 79400.16; {25.984917778225125, -18.273048021649085, -9.944945951808101, -7.334930876474733, -9.535080120752752, -12.040683462584866, -2.9060694671408775, -11.396554305243273, -5.116796931684025, -6.167207456671739, -67.49064261897857, -27.22368741318154, -52.78329858889682, -24.633604746227842, -22.75858652480709}. 
11. Score 76017.02; {25.984917778225125, -18.273048021649085, -9.944945951808101, -7.334930876474733, -9.535080120752752, -12.040683462584866, -2.9060694671408775, -11.396554305243273, -5.116796931684025, -6.167207456671739, -67.49064261897857, -27.22368741318154, -52.78329858889682, -24.633604746227842, -22.75858652480709}. 
12. Score 92958.22; {25.984917778225125, -18.273048021649085, -9.944945951808101, -7.334930876474733, -9.535080120752752, -12.040683462584866, -2.9060694671408775, -11.396554305243273, -5.116796931684025, -6.167207456671739, -67.49064261897857, -27.22368741318154, -52.78329858889682, -24.633604746227842, -22.75858652480709}. 
13. Score 97385.66; {25.984917778225125, -18.273048021649085, -9.944945951808101, -7.334930876474733, -9.535080120752752, -12.040683462584866, -2.9060694671408775, -11.396554305243273, -5.116796931684025, -6.167207456671739, -67.49064261897857, -27.22368741318154, -52.78329858889682, -24.633604746227842, -22.75858652480709}. 
14. Score 91834.86; {25.984917778225125, -18.273048021649085, -9.944945951808101, -7.334930876474733, -9.535080120752752, -12.040683462584866, -2.9060694671408775, -11.396554305243273, -5.116796931684025, -6.167207456671739, -67.49064261897857, -27.22368741318154, -52.78329858889682, -24.633604746227842, -22.75858652480709}. 
15. Score 110581.93; {24.687226507505258, -13.950469410222158, 4.324323985618133, -3.0195864274845468, 2.9866127904511455, -19.373635053852883, -2.0356957810461465, -23.734688484932583, -7.264950948922972, -9.507162178775488, -77.01607696934863, -33.2087330963371, -45.682145129360535, -19.430049206122472, -11.32726539851175}. 
16. Score 131844.46; {23.580405541329956, -15.466747665453147, -6.13689924267483, -10.485443382309073, -0.564379250990318, -6.9673339562769545, 0.10456617929821244, -12.617311144804278, -10.231269484212412, -3.70120576966812, -90.7538334887717, -23.537375696501403, -46.260337308687824, -29.842434286158596, -23.4340086289744}. 
17. Score 135483.73; {41.50333392234374, -24.81187512499869, -1.9421520429188286, -3.961952597921359, 1.7448336979288541, -11.027657918015267, 4.412303587827146, -10.192380251632922, -8.013177460476527, -6.305940104005166, -84.17595468728858, -25.808155331554516, -58.788643316825514, -32.495246514022895, -24.24700497720051}. 
18. Score 165221.2; {38.84795621259096, -19.492738149319976, -2.5009791498484413, -3.193874570095831, 0.6727426937158563, -24.493746648391422, -12.53095026030993, -15.57910764959755, -19.072166419670083, -11.034468280313366, -85.60717667621222, -22.18687448889287, -48.04137959889049, -15.600051364250124, -21.873675217685697}. 
19. Score 194478.18; {38.84795621259096, -19.492738149319976, -2.5009791498484413, -3.193874570095831, 0.6727426937158563, -24.493746648391422, -12.53095026030993, -15.57910764959755, -19.072166419670083, -11.034468280313366, -85.60717667621222, -22.18687448889287, -48.04137959889049, -15.600051364250124, -21.873675217685697}. 
20. Score 157229.35; {41.50333392234374, -24.81187512499869, -1.9421520429188286, -3.961952597921359, 1.7448336979288541, -11.027657918015267, 4.412303587827146, -10.192380251632922, -8.013177460476527, -6.305940104005166, -84.17595468728858, -25.808155331554516, -58.788643316825514, -32.495246514022895, -24.24700497720051}. 
21. Score 167460.93; {41.50333392234374, -24.81187512499869, -1.9421520429188286, -3.961952597921359, 1.7448336979288541, -11.027657918015267, 4.412303587827146, -10.192380251632922, -8.013177460476527, -6.305940104005166, -84.17595468728858, -25.808155331554516, -58.788643316825514, -32.495246514022895, -24.24700497720051}. 
22. Score 152121.51; {27.164090673059313, -22.507043707352267, -6.826342774427916, -10.831934341740187, -8.129841782361607, -22.175878956632197, -4.498286929574985, -17.445232403576707, -12.675097061153785, -14.626699893779666, -105.56722446901794, -15.34870920865206, -55.411770560497146, -25.520204386277996, -26.634795900327315}. 
23. Score 208117.89; {27.164090673059313, -22.507043707352267, -6.826342774427916, -10.831934341740187, -8.129841782361607, -22.175878956632197, -4.498286929574985, -17.445232403576707, -12.675097061153785, -14.626699893779666, -105.56722446901794, -15.34870920865206, -55.411770560497146, -25.520204386277996, -26.634795900327315}. 
24. Score 206440.42; {27.164090673059313, -22.507043707352267, -6.826342774427916, -10.831934341740187, -8.129841782361607, -22.175878956632197, -4.498286929574985, -17.445232403576707, -12.675097061153785, -14.626699893779666, -105.56722446901794, -15.34870920865206, -55.411770560497146, -25.520204386277996, -26.634795900327315}. 
25. Score 163728.03; {40.19964032399312, -36.326957198121725, 1.1118983670710478, -11.04618899099847, -6.41068021773051, -18.388241416656527, 2.689717429511866, -17.590296013620843, -15.176186032041935, -4.002003395166024, -123.10667447973074, -29.107044821484237, -43.15375472987507, -36.42229371176322, -21.6740856393345}. 
26. Score 174164.52; {40.19964032399312, -36.326957198121725, 1.1118983670710478, -11.04618899099847, -6.41068021773051, -18.388241416656527, 2.689717429511866, -17.590296013620843, -15.176186032041935, -4.002003395166024, -123.10667447973074, -29.107044821484237, -43.15375472987507, -36.42229371176322, -21.6740856393345}. 
27. Score 194805.05; {27.164090673059313, -22.507043707352267, -6.826342774427916, -10.831934341740187, -8.129841782361607, -22.175878956632197, -4.498286929574985, -17.445232403576707, -12.675097061153785, -14.626699893779666, -105.56722446901794, -15.34870920865206, -55.411770560497146, -25.520204386277996, -26.634795900327315}. 
28. Score 181758.97; {28.867943117410228, -30.72836924441167, 10.158086442342043, -14.054912788733198, -7.5451525196343185, -21.870812516980674, -5.402927332517002, -22.384797666432185, -13.173113816021566, -12.444658366426811, -98.21730223767541, -29.169452204323115, -57.683398219734684, -23.387067584678334, -18.98608929591248}. 
29. Score 216379.56; {27.164090673059313, -22.507043707352267, -6.826342774427916, -10.831934341740187, -8.129841782361607, -22.175878956632197, -4.498286929574985, -17.445232403576707, -12.675097061153785, -14.626699893779666, -105.56722446901794, -15.34870920865206, -55.411770560497146, -25.520204386277996, -26.634795900327315}. 
30. Score 198659.51; {27.164090673059313, -22.507043707352267, -6.826342774427916, -10.831934341740187, -8.129841782361607, -22.175878956632197, -4.498286929574985, -17.445232403576707, -12.675097061153785, -14.626699893779666, -105.56722446901794, -15.34870920865206, -55.411770560497146, -25.520204386277996, -26.634795900327315}. 
31. Score 224082.81; {29.752196970614733, -29.952901361375872, 1.4873603395641974, -12.187289647451873, -3.954139865137893, -18.81000123303361, -1.3625748263378519, -10.468071104492408, -6.380662978414937, -10.343882681220194, -97.60657356910995, -23.626944430009036, -58.56111583765912, -27.308484359715706, -28.19322859452552}. 
32. Score 214661.06; {29.920539160326634, -37.537051778159416, -3.382701461297877, -10.280289547890291, -9.983220539875873, -22.879800864077474, -7.180670330488411, -20.0061685124247, -9.331034289323664, -21.598121055553836, -115.79068935893581, -12.101648652119788, -57.3883657429474, -26.193402068834196, -24.075128256915463}. 
33. Score 250120.63; {30.115117777622267, -27.859747153840157, -2.5672492342994016, -0.8927055394502279, -5.750398072000434, -20.275472283054327, -3.950613305805822, -17.96423029682338, -8.229774817126698, -18.990492430696055, -96.24678710481437, -19.960294987567757, -49.205198169708495, -24.92128090608132, -14.863006408617782}. 
34. Score 283602.43; {30.115117777622267, -27.859747153840157, -2.5672492342994016, -0.8927055394502279, -5.750398072000434, -20.275472283054327, -3.950613305805822, -17.96423029682338, -8.229774817126698, -18.990492430696055, -96.24678710481437, -19.960294987567757, -49.205198169708495, -24.92128090608132, -14.863006408617782}. 
35. Score 271906.37; {29.920539160326634, -37.537051778159416, -3.382701461297877, -10.280289547890291, -9.983220539875873, -22.879800864077474, -7.180670330488411, -20.0061685124247, -9.331034289323664, -21.598121055553836, -115.79068935893581, -12.101648652119788, -57.3883657429474, -26.193402068834196, -24.075128256915463}. 
36. Score 276081.59; {30.115117777622267, -27.859747153840157, -2.5672492342994016, -0.8927055394502279, -5.750398072000434, -20.275472283054327, -3.950613305805822, -17.96423029682338, -8.229774817126698, -18.990492430696055, -96.24678710481437, -19.960294987567757, -49.205198169708495, -24.92128090608132, -14.863006408617782}. 
37. Score 295305.91; {30.115117777622267, -27.859747153840157, -2.5672492342994016, -0.8927055394502279, -5.750398072000434, -20.275472283054327, -3.950613305805822, -17.96423029682338, -8.229774817126698, -18.990492430696055, -96.24678710481437, -19.960294987567757, -49.205198169708495, -24.92128090608132, -14.863006408617782}. 
38. Score 295823.31; {33.429210435733765, -22.343409303739584, 5.354016097921207, -10.35233899556403, -4.662123513320783, -30.61271603142834, -3.2414476914514423, -29.533350912384996, -16.775134496916195, -20.28028492564446, -120.8071332431865, -35.584017461202, -52.67973291647155, -20.5178546530314, -17.516295536124865}. 
39. Score 293066.64; {33.429210435733765, -22.343409303739584, 5.354016097921207, -10.35233899556403, -4.662123513320783, -30.61271603142834, -3.2414476914514423, -29.533350912384996, -16.775134496916195, -20.28028492564446, -120.8071332431865, -35.584017461202, -52.67973291647155, -20.5178546530314, -17.516295536124865}. 
40. Score 292980.1; {30.115117777622267, -27.859747153840157, -2.5672492342994016, -0.8927055394502279, -5.750398072000434, -20.275472283054327, -3.950613305805822, -17.96423029682338, -8.229774817126698, -18.990492430696055, -96.24678710481437, -19.960294987567757, -49.205198169708495, -24.92128090608132, -14.863006408617782}. 
41. Score 377895.3; {30.850034449984797, -18.44811610900591, -4.082786851788475, -1.667670421832737, -1.2203212047995797, -17.92134977764927, -4.820000038064106, -9.903971895561098, -8.115097257528294, -16.256164606314826, -106.02888983882741, -28.16517855640019, -26.27569063822923, -16.974485614601434, -22.642068779137897}. 
42. Score 484976.1; {30.850034449984797, -18.44811610900591, -4.082786851788475, -1.667670421832737, -1.2203212047995797, -17.92134977764927, -4.820000038064106, -9.903971895561098, -8.115097257528294, -16.256164606314826, -106.02888983882741, -28.16517855640019, -26.27569063822923, -16.974485614601434, -22.642068779137897}. 
43. Score 363094.45; {30.850034449984797, -18.44811610900591, -4.082786851788475, -1.667670421832737, -1.2203212047995797, -17.92134977764927, -4.820000038064106, -9.903971895561098, -8.115097257528294, -16.256164606314826, -106.02888983882741, -28.16517855640019, -26.27569063822923, -16.974485614601434, -22.642068779137897}. 
44. Score 323895.18; {30.850034449984797, -18.44811610900591, -4.082786851788475, -1.667670421832737, -1.2203212047995797, -17.92134977764927, -4.820000038064106, -9.903971895561098, -8.115097257528294, -16.256164606314826, -106.02888983882741, -28.16517855640019, -26.27569063822923, -16.974485614601434, -22.642068779137897}. 
45. Score 337870.35; {30.850034449984797, -18.44811610900591, -4.082786851788475, -1.667670421832737, -1.2203212047995797, -17.92134977764927, -4.820000038064106, -9.903971895561098, -8.115097257528294, -16.256164606314826, -106.02888983882741, -28.16517855640019, -26.27569063822923, -16.974485614601434, -22.642068779137897}. 
46. Score 336331.82; {30.850034449984797, -18.44811610900591, -4.082786851788475, -1.667670421832737, -1.2203212047995797, -17.92134977764927, -4.820000038064106, -9.903971895561098, -8.115097257528294, -16.256164606314826, -106.02888983882741, -28.16517855640019, -26.27569063822923, -16.974485614601434, -22.642068779137897}. 
47. Score 371683.06; {30.850034449984797, -18.44811610900591, -4.082786851788475, -1.667670421832737, -1.2203212047995797, -17.92134977764927, -4.820000038064106, -9.903971895561098, -8.115097257528294, -16.256164606314826, -106.02888983882741, -28.16517855640019, -26.27569063822923, -16.974485614601434, -22.642068779137897}. 
48. Score 359001.28; {30.850034449984797, -18.44811610900591, -4.082786851788475, -1.667670421832737, -1.2203212047995797, -17.92134977764927, -4.820000038064106, -9.903971895561098, -8.115097257528294, -16.256164606314826, -106.02888983882741, -28.16517855640019, -26.27569063822923, -16.974485614601434, -22.642068779137897}. 
49. Score 392769.44; {30.850034449984797, -18.44811610900591, -4.082786851788475, -1.667670421832737, -1.2203212047995797, -17.92134977764927, -4.820000038064106, -9.903971895561098, -8.115097257528294, -16.256164606314826, -106.02888983882741, -28.16517855640019, -26.27569063822923, -16.974485614601434, -22.642068779137897}. 
50. Score 361005.92; {30.850034449984797, -18.44811610900591, -4.082786851788475, -1.667670421832737, -1.2203212047995797, -17.92134977764927, -4.820000038064106, -9.903971895561098, -8.115097257528294, -16.256164606314826, -106.02888983882741, -28.16517855640019, -26.27569063822923, -16.974485614601434, -22.642068779137897}. 
51. Score 412522.37; {42.975672546816014, -34.55826125430839, -1.9613745711181743, -5.811734451936116, -4.261261091785628, -34.800919659670434, -11.187134804184101, -21.40716951456698, -24.6266128772561, -21.210857847264233, -133.93054001506073, -21.307332086384207, -42.07592679541237, -19.345513251818012, -24.803582518347298}. 
52. Score 465010.37; {42.975672546816014, -34.55826125430839, -1.9613745711181743, -5.811734451936116, -4.261261091785628, -34.800919659670434, -11.187134804184101, -21.40716951456698, -24.6266128772561, -21.210857847264233, -133.93054001506073, -21.307332086384207, -42.07592679541237, -19.345513251818012, -24.803582518347298}. 
53. Score 421852.69; {42.975672546816014, -34.55826125430839, -1.9613745711181743, -5.811734451936116, -4.261261091785628, -34.800919659670434, -11.187134804184101, -21.40716951456698, -24.6266128772561, -21.210857847264233, -133.93054001506073, -21.307332086384207, -42.07592679541237, -19.345513251818012, -24.803582518347298}. 
54. Score 437638.88; {42.975672546816014, -34.55826125430839, -1.9613745711181743, -5.811734451936116, -4.261261091785628, -34.800919659670434, -11.187134804184101, -21.40716951456698, -24.6266128772561, -21.210857847264233, -133.93054001506073, -21.307332086384207, -42.07592679541237, -19.345513251818012, -24.803582518347298}. 
55. Score 416719.65; {47.49398556240059, -33.754725558204214, 7.450393158958629, -12.350720246540174, -5.419140260794613, -47.925071169685026, -23.21351438728668, -33.98784622714519, -22.842316562078462, -32.83283517803727, -149.62123815780149, -35.1019894759015, -56.696023623412735, -6.896516307825717, -33.6173845644083}. 
56. Score 420464.76; {39.559478229775266, -34.61432995511796, -0.6340902585808421, -8.621704509256102, -1.9196931825325478, -40.79591260011896, -20.778914930398663, -38.93676105147205, -20.184647140262435, -33.270449013880096, -144.47856802199033, -31.110010207764443, -48.91437073734993, -10.019432892930816, -21.94719913061093}. 
57. Score 452797.3; {42.975672546816014, -34.55826125430839, -1.9613745711181743, -5.811734451936116, -4.261261091785628, -34.800919659670434, -11.187134804184101, -21.40716951456698, -24.6266128772561, -21.210857847264233, -133.93054001506073, -21.307332086384207, -42.07592679541237, -19.345513251818012, -24.803582518347298}. 
58. Score 419423.56; {39.559478229775266, -34.61432995511796, -0.6340902585808421, -8.621704509256102, -1.9196931825325478, -40.79591260011896, -20.778914930398663, -38.93676105147205, -20.184647140262435, -33.270449013880096, -144.47856802199033, -31.110010207764443, -48.91437073734993, -10.019432892930816, -21.94719913061093}. 
59. Score 437113.34; {42.975672546816014, -34.55826125430839, -1.9613745711181743, -5.811734451936116, -4.261261091785628, -34.800919659670434, -11.187134804184101, -21.40716951456698, -24.6266128772561, -21.210857847264233, -133.93054001506073, -21.307332086384207, -42.07592679541237, -19.345513251818012, -24.803582518347298}. 
60. Score 376351.22; {42.975672546816014, -34.55826125430839, -1.9613745711181743, -5.811734451936116, -4.261261091785628, -34.800919659670434, -11.187134804184101, -21.40716951456698, -24.6266128772561, -21.210857847264233, -133.93054001506073, -21.307332086384207, -42.07592679541237, -19.345513251818012, -24.803582518347298}. 
61. Score 462354.72; {42.975672546816014, -34.55826125430839, -1.9613745711181743, -5.811734451936116, -4.261261091785628, -34.800919659670434, -11.187134804184101, -21.40716951456698, -24.6266128772561, -21.210857847264233, -133.93054001506073, -21.307332086384207, -42.07592679541237, -19.345513251818012, -24.803582518347298}. 
62. Score 442534.65; {47.49398556240059, -33.754725558204214, 7.450393158958629, -12.350720246540174, -5.419140260794613, -47.925071169685026, -23.21351438728668, -33.98784622714519, -22.842316562078462, -32.83283517803727, -149.62123815780149, -35.1019894759015, -56.696023623412735, -6.896516307825717, -33.6173845644083}. 
63. Score 473466.37; {38.600749457597196, -26.867084096774402, -5.68492159322534, -6.7955514887278445, -0.615003570080936, -40.3176567918341, -18.418116162937196, -34.68962925370403, -29.969829723056993, -23.54500700527622, -150.99630070944477, -28.595226912269677, -38.4679847414094, -8.175253427962526, -25.904194257815575}. 
64. Score 453784.78; {38.600749457597196, -26.867084096774402, -5.68492159322534, -6.7955514887278445, -0.615003570080936, -40.3176567918341, -18.418116162937196, -34.68962925370403, -29.969829723056993, -23.54500700527622, -150.99630070944477, -28.595226912269677, -38.4679847414094, -8.175253427962526, -25.904194257815575}. 
