
nSamples 100, nElitists 10, initialNoise 7.0, noiseStep -0.1, height 14, nFeatures = 15, nTrials 100: 
1. Score 25.42; {-4.056176547253538, -21.553254981376888, 13.982573449918473, -12.472811412192248, 1.2528100923408734, 2.759403916401885, -9.920837836534504, -7.744653875046378, -11.815333800368485, 2.54944994516896, -3.290725272358355, -2.9387816227389107, -6.076629663382116, -17.996764484347874, 3.7500031980479847}. 
2. Score 33.19; {-5.324745843431296, -9.137789672436401, 2.5574021133393985, -6.095646825218742, 0.15406836347076158, 4.051611654196985, -6.015559109029864, 0.0786088321079923, -7.951631442168543, 3.838090638979482, -1.0842031540798325, -26.816266740504076, -9.268593668059918, -19.332323389597097, -1.9776478659773853}. 
3. Score 74.39; {-8.213129527428729, -8.581533855487136, -2.566322608603728, -1.6475528992342205, -6.817859767586019, -5.323650448148092, -4.159441760109578, -5.585951841015765, -1.0266960952865416, -0.9821436100358514, -3.0802919962329356, 0.8324931508945106, -8.165014683239942, -6.025908586745694, -1.347968588101761}. 
4. Score 175.19; {-2.4658832320741633, -4.44075728515976, -0.328106053956682, -6.3030544860289, 2.1545419353209025, -6.975845456358875, -4.169006788088165, -3.534733530405001, 0.3466461947591737, 6.420509940709939, -20.298544483991343, -14.153127962212753, -9.023577884038477, -4.3861708500297585, -0.526122460636431}. 
5. Score 243.39; {-1.4199041482490506, -6.956508411254722, 2.8344419072973968, -0.622316987121966, -4.556302553474902, -4.960686087781132, -2.6272911193440343, -2.1226961406881864, -0.10532475665405494, 5.008292006897877, -14.483416830947734, -13.843484363494245, -12.490739768845678, -7.9107762611562595, -3.1750191639789507}. 
6. Score 731.29; {1.2731370731166893, -6.437520773454307, -2.4999593454856504, -1.540025919365151, 1.4129206881467726, -5.708732539689564, -5.179651278014553, -4.513497281109583, -2.5527758560505247, 2.907370701288424, -17.880546162122855, -6.713572542282, -13.475202137625004, -6.10657479648662, -2.6066323250144148}. 
7. Score 678.24; {1.9037951930131751, -4.754809575842334, -0.9075872836325032, -6.7030069830934, 2.3910046975229537, -5.140002119991664, 0.9115468367376748, -3.4902873946386084, -3.4790931299422865, 2.932269401842471, -15.778912383594184, -13.392701651001438, -19.131511388498446, -6.8882264480239, 1.5580831938097588}. 
8. Score 739.64; {4.698702894542162, -10.198893263413183, -5.146910722434113, -0.22398942338267247, -2.119391968814938, -7.238686829690664, 3.724468319861011, -1.4547533676553956, -0.7487378532806708, -0.27379000914149065, -18.091877115338377, -8.83153954961512, -14.571492648504595, -7.2075775586837825, -2.726591518382111}. 
9. Score 1290.17; {4.587097147792717, -3.4533426398867255, 1.4808149883694184, -0.3420489862299898, 0.7352432694917368, -5.869314101966656, -2.039574065811963, 0.41301466939279097, -2.5106212065702485, -0.7049116713220274, -16.840580203942693, -10.730246118651968, -11.640312756000236, -7.222241847051443, -1.871697359141663}. 
10. Score 1609.94; {10.08583087764728, -9.370112957909285, 1.4507755959212656, -0.2524423953802364, -0.5159853751432952, -2.5393844794169516, -1.2728143607287887, 3.015749927876832, 1.6572793087716686, 4.898790840521739, -16.328456262611528, -9.211418833257545, -11.598136842788056, -8.654789276925026, -5.7404214106613125}. 
11. Score 1743.36; {5.675962453220691, -4.132838626265546, -0.581703001248978, 2.1162045608641606, -1.4939060903124557, -3.962499988514613, -3.4345012466683986, -0.20236700048798534, -2.9220202448634773, -2.3729367206239744, -18.662081507648796, -8.327089649754562, -15.688541478613015, -5.098380282726504, -3.3694499735687966}. 
12. Score 3781.88; {5.696878700540058, -4.599804221177769, -1.552602091722067, -2.5012590256356524, -2.595251049464119, -4.006850396452048, 1.1168133586177247, 0.5597026858476026, -0.7539625587190353, -1.8068452521518514, -22.709971088129016, -9.337818882876457, -13.277976093443884, -8.304192677477026, -3.421400767132212}. 
13. Score 3645.52; {5.696878700540058, -4.599804221177769, -1.552602091722067, -2.5012590256356524, -2.595251049464119, -4.006850396452048, 1.1168133586177247, 0.5597026858476026, -0.7539625587190353, -1.8068452521518514, -22.709971088129016, -9.337818882876457, -13.277976093443884, -8.304192677477026, -3.421400767132212}. 
14. Score 3644.54; {9.569469544394547, -6.250969168151567, -0.21600831411010024, -2.16574938383074, 0.1087425246401088, 0.15160633363724774, 1.762431321450827, 3.5277268495290106, 1.705105115843148, 3.115938999749023, -20.034966656849207, -11.30470581009861, -14.419905528812905, -13.521385322178439, -4.348336623782482}. 
15. Score 3375.41; {5.209733313933791, -3.5459929807886246, -4.44239006671383, -1.3050494619377022, 0.5441521470475212, -3.6888573552361885, -0.5205896437435359, -3.684159076614776, -0.6741408490684282, -0.8874523503763088, -19.94702861217037, -4.725263346387276, -14.590325662052482, -7.519738620401064, -7.065674780541391}. 
16. Score 3672.03; {10.68642761276061, -6.732113510237144, -4.530050379924525, 0.9765757465817446, -1.8456205391213203, -2.1088426177113373, -0.4136500008232395, -3.2413194559747383, -1.1200971715264805, -1.4091911434798798, -29.56896653764535, -7.902210559901076, -13.224140409478904, -13.401128006982798, -2.976917539259049}. 
17. Score 5596.96; {5.468138664947013, -5.649165310278782, -3.7985610487369628, 0.6479420422734228, -2.5074633356253884, -5.232256894313986, 0.9521716658108321, -3.9291393885130677, 0.7190156284776912, -1.5682768789213593, -30.58995799291362, -4.810968472273865, -8.635026742979646, -7.189765458243393, -6.016372107895714}. 
18. Score 5703.62; {10.935267482158807, -6.762098153799585, -1.6768575393292353, -2.9774973545294845, -0.7384654029249698, -2.522770232589668, -0.8700465023373288, -3.365894779043002, -1.7029615550411579, 1.1914516934116772, -34.02774685352247, -12.057127518636364, -13.664282739654972, -10.886809079572828, -5.4194593748824555}. 
19. Score 6082.34; {10.935267482158807, -6.762098153799585, -1.6768575393292353, -2.9774973545294845, -0.7384654029249698, -2.522770232589668, -0.8700465023373288, -3.365894779043002, -1.7029615550411579, 1.1914516934116772, -34.02774685352247, -12.057127518636364, -13.664282739654972, -10.886809079572828, -5.4194593748824555}. 
20. Score 7403.02; {10.935267482158807, -6.762098153799585, -1.6768575393292353, -2.9774973545294845, -0.7384654029249698, -2.522770232589668, -0.8700465023373288, -3.365894779043002, -1.7029615550411579, 1.1914516934116772, -34.02774685352247, -12.057127518636364, -13.664282739654972, -10.886809079572828, -5.4194593748824555}. 
21. Score 6559.67; {10.935267482158807, -6.762098153799585, -1.6768575393292353, -2.9774973545294845, -0.7384654029249698, -2.522770232589668, -0.8700465023373288, -3.365894779043002, -1.7029615550411579, 1.1914516934116772, -34.02774685352247, -12.057127518636364, -13.664282739654972, -10.886809079572828, -5.4194593748824555}. 
22. Score 6815.55; {10.935267482158807, -6.762098153799585, -1.6768575393292353, -2.9774973545294845, -0.7384654029249698, -2.522770232589668, -0.8700465023373288, -3.365894779043002, -1.7029615550411579, 1.1914516934116772, -34.02774685352247, -12.057127518636364, -13.664282739654972, -10.886809079572828, -5.4194593748824555}. 
23. Score 6214.81; {10.935267482158807, -6.762098153799585, -1.6768575393292353, -2.9774973545294845, -0.7384654029249698, -2.522770232589668, -0.8700465023373288, -3.365894779043002, -1.7029615550411579, 1.1914516934116772, -34.02774685352247, -12.057127518636364, -13.664282739654972, -10.886809079572828, -5.4194593748824555}. 
24. Score 6945.15; {12.782745974863618, -8.43450552626425, 0.07201379589450951, -2.343069025635582, 0.5752624584648145, -5.295500415443649, 2.3268373417886288, -3.1020747094056325, 1.5844874590701248, -1.1739807216540619, -35.427976212916164, -14.437743983417633, -16.490029456295588, -8.761648265561282, -8.875200540854415}. 
25. Score 8118.81; {12.86758450704497, -7.131148166016806, 0.9855341953553, -0.24093753930954565, -0.6046856635641886, -2.95063842438167, 0.7594494532442262, -2.4514852077076337, -0.5148519744030091, -1.3623800951954341, -36.52602203801881, -13.191631461978968, -9.237789867479888, -8.193819651170275, -7.08011321050612}. 
Average performance now of best params: 238706.25
26. Score 9293.93; {12.86758450704497, -7.131148166016806, 0.9855341953553, -0.24093753930954565, -0.6046856635641886, -2.95063842438167, 0.7594494532442262, -2.4514852077076337, -0.5148519744030091, -1.3623800951954341, -36.52602203801881, -13.191631461978968, -9.237789867479888, -8.193819651170275, -7.08011321050612}. 
27. Score 9089.68; {12.86758450704497, -7.131148166016806, 0.9855341953553, -0.24093753930954565, -0.6046856635641886, -2.95063842438167, 0.7594494532442262, -2.4514852077076337, -0.5148519744030091, -1.3623800951954341, -36.52602203801881, -13.191631461978968, -9.237789867479888, -8.193819651170275, -7.08011321050612}. 
28. Score 7547.31; {12.86758450704497, -7.131148166016806, 0.9855341953553, -0.24093753930954565, -0.6046856635641886, -2.95063842438167, 0.7594494532442262, -2.4514852077076337, -0.5148519744030091, -1.3623800951954341, -36.52602203801881, -13.191631461978968, -9.237789867479888, -8.193819651170275, -7.08011321050612}. 
29. Score 8382.91; {12.86758450704497, -7.131148166016806, 0.9855341953553, -0.24093753930954565, -0.6046856635641886, -2.95063842438167, 0.7594494532442262, -2.4514852077076337, -0.5148519744030091, -1.3623800951954341, -36.52602203801881, -13.191631461978968, -9.237789867479888, -8.193819651170275, -7.08011321050612}. 
30. Score 8242.58; {12.86758450704497, -7.131148166016806, 0.9855341953553, -0.24093753930954565, -0.6046856635641886, -2.95063842438167, 0.7594494532442262, -2.4514852077076337, -0.5148519744030091, -1.3623800951954341, -36.52602203801881, -13.191631461978968, -9.237789867479888, -8.193819651170275, -7.08011321050612}. 
31. Score 9091.34; {12.86758450704497, -7.131148166016806, 0.9855341953553, -0.24093753930954565, -0.6046856635641886, -2.95063842438167, 0.7594494532442262, -2.4514852077076337, -0.5148519744030091, -1.3623800951954341, -36.52602203801881, -13.191631461978968, -9.237789867479888, -8.193819651170275, -7.08011321050612}. 
32. Score 9714.69; {12.86758450704497, -7.131148166016806, 0.9855341953553, -0.24093753930954565, -0.6046856635641886, -2.95063842438167, 0.7594494532442262, -2.4514852077076337, -0.5148519744030091, -1.3623800951954341, -36.52602203801881, -13.191631461978968, -9.237789867479888, -8.193819651170275, -7.08011321050612}. 
33. Score 9157.22; {12.86758450704497, -7.131148166016806, 0.9855341953553, -0.24093753930954565, -0.6046856635641886, -2.95063842438167, 0.7594494532442262, -2.4514852077076337, -0.5148519744030091, -1.3623800951954341, -36.52602203801881, -13.191631461978968, -9.237789867479888, -8.193819651170275, -7.08011321050612}. 
34. Score 8843.4; {12.86758450704497, -7.131148166016806, 0.9855341953553, -0.24093753930954565, -0.6046856635641886, -2.95063842438167, 0.7594494532442262, -2.4514852077076337, -0.5148519744030091, -1.3623800951954341, -36.52602203801881, -13.191631461978968, -9.237789867479888, -8.193819651170275, -7.08011321050612}. 
35. Score 9253.48; {12.86758450704497, -7.131148166016806, 0.9855341953553, -0.24093753930954565, -0.6046856635641886, -2.95063842438167, 0.7594494532442262, -2.4514852077076337, -0.5148519744030091, -1.3623800951954341, -36.52602203801881, -13.191631461978968, -9.237789867479888, -8.193819651170275, -7.08011321050612}. 
36. Score 9249.76; {10.740973783603618, -7.797229408900906, 0.15295531145361907, -2.6622174379377395, -0.7670823824908168, -3.0217964126374848, 0.24729728167205467, -1.3696434591699131, -1.2188229590520312, -3.069392761327398, -35.75157120789657, -9.50439329136701, -11.490673954007462, -10.731667417809719, -4.907325876939261}. 
37. Score 9196.8; {10.740973783603618, -7.797229408900906, 0.15295531145361907, -2.6622174379377395, -0.7670823824908168, -3.0217964126374848, 0.24729728167205467, -1.3696434591699131, -1.2188229590520312, -3.069392761327398, -35.75157120789657, -9.50439329136701, -11.490673954007462, -10.731667417809719, -4.907325876939261}. 
38. Score 10907.59; {13.023586661423085, -8.428634090063545, 0.1656370441110664, -0.8974901149604562, -2.3274832371951155, -6.657430726803261, -0.29802117275652695, -1.6634284946624693, -0.3453897844819642, -2.406856238476076, -42.27779819072368, -10.75603005262959, -11.334022046294827, -8.24570944735346, -10.05682750278743}. 
39. Score 10290.46; {13.023586661423085, -8.428634090063545, 0.1656370441110664, -0.8974901149604562, -2.3274832371951155, -6.657430726803261, -0.29802117275652695, -1.6634284946624693, -0.3453897844819642, -2.406856238476076, -42.27779819072368, -10.75603005262959, -11.334022046294827, -8.24570944735346, -10.05682750278743}. 
40. Score 10797.08; {12.824349893430718, -8.074155225003295, 1.4300004922783995, -2.4683743297709015, -1.5867991498826253, -5.788171245983609, -0.9880718690541981, -4.031408830473121, -0.12604365612724044, 0.4577386540998267, -43.852258812432105, -7.604974938113516, -9.080271599644934, -9.135041506058895, -8.879854994511089}. 
41. Score 10696.48; {13.023586661423085, -8.428634090063545, 0.1656370441110664, -0.8974901149604562, -2.3274832371951155, -6.657430726803261, -0.29802117275652695, -1.6634284946624693, -0.3453897844819642, -2.406856238476076, -42.27779819072368, -10.75603005262959, -11.334022046294827, -8.24570944735346, -10.05682750278743}. 
42. Score 11930.41; {11.488630596292852, -10.661764016851468, 0.605711473712971, -1.064097792590725, -1.9865706885988912, -8.463883671885679, -0.9984506838608739, -3.501300405263711, -2.7627058281701062, -4.118763988626936, -51.12940963354241, -9.298920876366953, -8.177736772116319, -9.928951701523761, -7.579143290305618}. 
43. Score 12455.03; {13.023586661423085, -8.428634090063545, 0.1656370441110664, -0.8974901149604562, -2.3274832371951155, -6.657430726803261, -0.29802117275652695, -1.6634284946624693, -0.3453897844819642, -2.406856238476076, -42.27779819072368, -10.75603005262959, -11.334022046294827, -8.24570944735346, -10.05682750278743}. 
44. Score 13459.67; {12.028103986131672, -10.431468882413451, 0.5271589298496177, -2.799647942285639, -1.547110818996486, -7.042205283590809, -0.16221469644812592, -2.3366202714144837, -1.6542891965520379, -2.524016035787216, -49.091332975933895, -5.81626570513315, -4.955684968790301, -8.78317314475252, -8.31915693260338}. 
45. Score 13357.39; {12.028103986131672, -10.431468882413451, 0.5271589298496177, -2.799647942285639, -1.547110818996486, -7.042205283590809, -0.16221469644812592, -2.3366202714144837, -1.6542891965520379, -2.524016035787216, -49.091332975933895, -5.81626570513315, -4.955684968790301, -8.78317314475252, -8.31915693260338}. 
46. Score 13088.81; {12.028103986131672, -10.431468882413451, 0.5271589298496177, -2.799647942285639, -1.547110818996486, -7.042205283590809, -0.16221469644812592, -2.3366202714144837, -1.6542891965520379, -2.524016035787216, -49.091332975933895, -5.81626570513315, -4.955684968790301, -8.78317314475252, -8.31915693260338}. 
47. Score 13784.59; {12.028103986131672, -10.431468882413451, 0.5271589298496177, -2.799647942285639, -1.547110818996486, -7.042205283590809, -0.16221469644812592, -2.3366202714144837, -1.6542891965520379, -2.524016035787216, -49.091332975933895, -5.81626570513315, -4.955684968790301, -8.78317314475252, -8.31915693260338}. 
48. Score 14718.07; {12.028103986131672, -10.431468882413451, 0.5271589298496177, -2.799647942285639, -1.547110818996486, -7.042205283590809, -0.16221469644812592, -2.3366202714144837, -1.6542891965520379, -2.524016035787216, -49.091332975933895, -5.81626570513315, -4.955684968790301, -8.78317314475252, -8.31915693260338}. 
49. Score 13319.77; {9.794862609863939, -7.871118315920984, -0.9943483809962311, -2.1021187564467647, -1.5212506274814237, -8.320873371676976, -2.9120881421972005, -5.70884900268754, -2.9751465468611893, -5.084599969376157, -53.045874218403355, -6.901267257573239, -4.502737148278852, -5.359544010759209, -10.633742120501957}. 
50. Score 13354.92; {9.794862609863939, -7.871118315920984, -0.9943483809962311, -2.1021187564467647, -1.5212506274814237, -8.320873371676976, -2.9120881421972005, -5.70884900268754, -2.9751465468611893, -5.084599969376157, -53.045874218403355, -6.901267257573239, -4.502737148278852, -5.359544010759209, -10.633742120501957}. 
Average performance now of best params: 457925.13
51. Score 12269.04; {9.794862609863939, -7.871118315920984, -0.9943483809962311, -2.1021187564467647, -1.5212506274814237, -8.320873371676976, -2.9120881421972005, -5.70884900268754, -2.9751465468611893, -5.084599969376157, -53.045874218403355, -6.901267257573239, -4.502737148278852, -5.359544010759209, -10.633742120501957}. 
52. Score 13074.6; {11.089180679106686, -8.773527681573956, -2.6174493071559377, 0.20468976028835373, -1.8521347986345726, -5.705958923494124, -2.903459114201201, -4.682337951322469, -1.3451892517265456, -5.014996082829542, -47.0725107096363, -5.870250426344171, -6.379626776578135, -6.171146538195416, -8.849417618836446}. 
53. Score 14839.58; {9.794862609863939, -7.871118315920984, -0.9943483809962311, -2.1021187564467647, -1.5212506274814237, -8.320873371676976, -2.9120881421972005, -5.70884900268754, -2.9751465468611893, -5.084599969376157, -53.045874218403355, -6.901267257573239, -4.502737148278852, -5.359544010759209, -10.633742120501957}. 
54. Score 15543.84; {9.794862609863939, -7.871118315920984, -0.9943483809962311, -2.1021187564467647, -1.5212506274814237, -8.320873371676976, -2.9120881421972005, -5.70884900268754, -2.9751465468611893, -5.084599969376157, -53.045874218403355, -6.901267257573239, -4.502737148278852, -5.359544010759209, -10.633742120501957}. 
55. Score 14437.63; {10.221037128438725, -7.292984907332506, -1.9314990312536504, -0.9293139193677455, -1.8721398448166522, -7.958911540199835, -4.900695005803293, -7.601310297298522, -4.120995848653452, -6.158037675984591, -51.08374274236072, -4.525434221786568, -5.709997168938515, -4.745800173870828, -8.426064615722282}. 
56. Score 14064.95; {9.590633491376288, -8.052329932314041, -1.1865692839848816, -1.6205501728715876, -1.7330560858406758, -11.220678614354984, -3.787862298590804, -7.104024536764674, -6.179220937042324, -5.508433692176824, -50.38191834309594, -4.031621655457235, -4.775136963359357, -3.226325893885442, -7.956974531827166}. 
57. Score 14189.37; {9.590633491376288, -8.052329932314041, -1.1865692839848816, -1.6205501728715876, -1.7330560858406758, -11.220678614354984, -3.787862298590804, -7.104024536764674, -6.179220937042324, -5.508433692176824, -50.38191834309594, -4.031621655457235, -4.775136963359357, -3.226325893885442, -7.956974531827166}. 
58. Score 13762.44; {10.423738580013087, -8.838487258487126, -1.0545879429671428, -2.631818626019545, 0.4808319630690068, -8.938115164283174, -3.91949404507946, -5.465734093521214, -5.880337415121953, -3.586371057040062, -52.67690741486653, -3.4933288099658215, -4.7295499211641925, -4.995906637001285, -8.38387926552775}. 
59. Score 15193.23; {10.754274537495329, -9.185542199844408, -0.6239958394492189, -1.520771908887215, -1.0332857930407937, -7.702024332105245, -3.960497863158306, -6.9699837904530835, -4.247080705907695, -6.194782281670481, -49.461432413739054, -3.4729520044857236, -2.3964937180973185, -3.2341617029595184, -7.961866082779442}. 
60. Score 15686.4; {11.008435364448887, -8.118790561084628, -0.8670017211187495, -1.6606608831593697, -0.3729742396874832, -8.021067787426285, -2.827020939841774, -4.583361006468211, -2.556329718205051, -4.8084293683292, -48.90188936544144, -3.208587608141542, -2.9831158908127184, -6.310974945829507, -6.669724209846176}. 
61. Score 16189.06; {11.008435364448887, -8.118790561084628, -0.8670017211187495, -1.6606608831593697, -0.3729742396874832, -8.021067787426285, -2.827020939841774, -4.583361006468211, -2.556329718205051, -4.8084293683292, -48.90188936544144, -3.208587608141542, -2.9831158908127184, -6.310974945829507, -6.669724209846176}. 
62. Score 16810.21; {11.070756915714382, -9.023209365499476, -0.9802790211503503, -1.724792379420216, -1.0792637680656492, -9.359683122361927, -5.49960847039832, -6.178809644228583, -5.0413862067374, -5.395118189762916, -53.70497242132436, -4.712559305437055, -4.540923813963902, -4.657623976419652, -7.504874036739632}. 
63. Score 15188.28; {12.384290595858126, -9.130505048577206, 0.11679282714241168, -2.51026655719056, -0.9647628314156017, -9.553020599271523, -5.13412137521934, -7.13062106115602, -4.998930802509818, -6.383965171601857, -54.63887014910427, -4.18978259840378, -3.6781844189378123, -5.790099123960216, -7.038143601624685}. 
64. Score 15861.95; {11.900953893195004, -9.378647844616081, -1.4877127402346142, -1.7927470304276028, -1.2644396346359053, -9.448683789882123, -4.985091201853644, -5.596428865041019, -4.6597581364755, -8.032506393008882, -57.03290547268719, -4.1699124358665856, -4.576912901499439, -5.983436556463227, -7.892924962149976}. 
65. Score 16387.69; {11.070756915714382, -9.023209365499476, -0.9802790211503503, -1.724792379420216, -1.0792637680656492, -9.359683122361927, -5.49960847039832, -6.178809644228583, -5.0413862067374, -5.395118189762916, -53.70497242132436, -4.712559305437055, -4.540923813963902, -4.657623976419652, -7.504874036739632}. 
66. Score 18516.3; {11.961865725213546, -8.49903625849772, -1.9162821217394725, -0.7953248256096622, -1.875564678621528, -8.375220821690238, -4.744244109212601, -5.7853255960103045, -6.4667449384259275, -6.2248190940630845, -53.58023836953517, -5.294281587925251, -5.9156532593284625, -4.85709811733018, -8.548058107498951}. 
67. Score 18106.28; {11.86849999451515, -9.509941271646436, -0.9996234418160348, -2.0095846800474844, -1.1387330873833441, -7.566240700735438, -2.7378608452775572, -4.499167854582833, -4.145583293046535, -5.703455075425845, -54.854194929008976, -5.308098601054198, -3.967431647099441, -7.270777160534122, -7.317289408810864}. 
68. Score 16545.93; {10.32791425327283, -9.646440740859674, -0.27753951587800035, -2.7245256279077843, -1.2396232616753196, -8.981393518192132, -3.897262724206075, -4.8865014213208875, -4.6199840267513546, -5.683386256903804, -53.29865693703231, -4.939960664148705, -3.7934666691038847, -3.858497680679981, -8.55022064219282}. 
69. Score 17032.3; {11.336961487919703, -8.733909867171107, -0.8031100032929528, -1.2131956314025996, -1.5992679557899634, -10.579144380616041, -3.494194402743089, -6.323108078150413, -4.916065956103372, -6.559473599554548, -53.167327620081934, -5.6786537809891895, -5.503191141519295, -4.088667852454413, -6.885733992980423}. 
70. Score 18309.48; {10.422096802721082, -8.404708660818407, -0.4208513364051853, -1.2531448025638725, -1.2933886872037397, -8.905797413142809, -3.9996468443162136, -5.313981389281901, -4.290256523245805, -5.66461278297254, -53.154847650937064, -5.511672697646781, -3.8486876136218564, -4.287424114823977, -8.554537749522538}. 
71. Score 17972.37; {10.926319395987734, -8.694412430192662, 0.00561700420275657, -1.1036621999472433, -1.5273307962644886, -9.212078082597166, -4.549293922375752, -5.648361840145029, -4.950809383154044, -6.306046900015091, -53.357005812464756, -5.358392665560734, -3.7987948210644076, -4.142278908803557, -8.186481735110371}. 
72. Score 19117.41; {11.266249927268104, -8.201886540932247, -0.3502037480134159, -1.7219641818899012, -1.5230945552959756, -9.525114515918627, -3.69054747186501, -6.71133846390318, -4.754919460761857, -6.01683757977342, -53.39487025970723, -5.562225183370004, -4.21257588527657, -4.820072508830333, -8.450896602710708}. 
73. Score 19027.7; {10.96670446651117, -8.118413269272082, -1.0061513747747186, -1.090224326803187, -1.7426766629358175, -9.983929066909935, -4.73918355769059, -6.207120520958802, -5.388384783715899, -6.513231044289973, -53.383944147408194, -5.691736667513048, -5.771761388632061, -4.472875701609052, -7.998111899450673}. 
74. Score 19081.43; {11.63516811009253, -8.727981540302608, -0.062074350215053475, -1.8421019636904827, -0.7905433713807047, -9.457764743524724, -4.44318231432095, -6.021381986532325, -5.072642887919144, -6.281049065973724, -53.08628669359725, -6.056064526629875, -5.089010441525896, -4.3515287092116095, -8.341889369445237}. 
75. Score 20155.56; {11.869377013890894, -8.700728819847473, -0.3027585224238675, -1.572763021922694, -0.9499074829891966, -10.018367392403734, -4.78484168691928, -5.908310051907815, -5.011946727056292, -6.163787979589139, -53.07419846227769, -6.266231614572945, -5.499648480366961, -4.277343138994175, -7.53322661535503}. 
Average performance now of best params: 449490.28
76. Score 18572.49; {11.377562502451534, -8.719439668224721, -0.438756234575299, -1.6861474672794565, -1.8238570287947902, -9.051923490879012, -4.4363437363302936, -6.140079118712702, -4.971256772009219, -6.3173041667760526, -52.684264145680146, -5.725325092056901, -4.856462594001251, -4.276281695609005, -7.762821738372609}. 
77. Score 20785.37; {11.134938342497424, -8.8541753080421, -1.136543351579023, -1.7568532678676287, -1.460905423855833, -9.343432239540512, -4.02052065801069, -6.371444319901528, -5.054498841607119, -6.928291362260291, -52.413955953393234, -6.149784907313027, -5.1284847970986, -4.755614625927244, -7.802875750162475}. 
78. Score 21590.83; {11.74814513272397, -8.810776050199696, -0.927961726968207, -1.8718524559120409, -1.3839101894397878, -9.369486091365319, -4.806189544594037, -5.822108053921724, -5.794416760292385, -6.281279213646376, -53.09550874650658, -5.137871109172039, -5.201722320388998, -4.3002347445322995, -7.77339978602689}. 
79. Score 19981.86; {11.518858862464795, -9.138455451091769, -0.3564314261403169, -1.4982429629321514, -1.7527740488555492, -9.321389754921011, -4.975506552205514, -6.518996652886814, -5.298089998108944, -6.480036410023676, -53.16456054941532, -5.8035532072079, -4.958616109521775, -3.9887362233612813, -7.874263662057665}. 
80. Score 18708.48; {11.12659414928823, -8.690437079179652, -1.212270175647767, -1.8950398234424142, -1.5321805529726056, -9.363216014666786, -4.412575982257225, -6.100262379041746, -5.735047239306513, -6.111123802265889, -53.78841953514712, -5.253886144262699, -5.617279457396521, -4.458777358089777, -8.006291643541621}. 
81. Score 19191.39; {11.282830999774578, -8.002314216265615, -0.28480025193637903, -1.8020919920905123, -1.6757751143963229, -9.803675850306025, -4.630293399822785, -6.605263999964982, -5.5737564387408725, -6.594298880646441, -53.692564774020376, -5.977318161278752, -4.517547762735251, -4.065167753376367, -7.739258988595287}. 
82. Score 18588.86; {10.807691039836714, -8.663986046561671, -1.0268821927234473, -2.156698072420318, -1.2623961023719843, -9.647590572777778, -4.123074834067613, -6.285454788794869, -6.0085513885228945, -6.471776327319753, -53.20794895579929, -5.575306692698657, -5.4870719467249875, -3.9316029070345997, -7.786721556466877}. 
83. Score 19514.27; {11.0957456755995, -8.650217134159204, -1.180875629147534, -2.653059400431136, -1.4649604813338974, -10.19975517210049, -5.315689500129481, -6.273123469153673, -6.232046584496368, -6.326858576324321, -51.488061859102054, -6.815321167127007, -4.918356139065023, -3.6516700927204706, -7.036137051744184}. 
84. Score 20283.6; {11.193283642311613, -8.349638711070952, -0.8923083201355078, -1.2965327090974244, -1.050622111589392, -9.47786900160464, -4.624083592222621, -6.499968074043004, -4.807240621553831, -6.476063888120569, -53.689697580344976, -5.545709451085615, -4.915789995763415, -3.6008218411074826, -7.887530704545503}. 
85. Score 19645.67; {10.8373158047535, -8.181354850870711, 0.051491394870523566, -1.4565740061783532, -1.5847943723415856, -9.718512722465174, -4.630263153142325, -6.967116740354584, -5.403876146984609, -6.542035847139991, -53.43064234968039, -5.797437361450024, -4.018421602032344, -3.462892301756234, -8.4441435744371}. 
86. Score 19316.31; {10.694879360883006, -8.299760942005921, -0.847861426342457, -1.6182876554442618, -1.2523537797189979, -10.174642564594503, -4.472944464976687, -6.378216227176647, -4.873250273083986, -6.830702291577541, -53.595273815594275, -5.815800681031326, -5.4775207093366225, -3.777047721000329, -8.615541406031735}. 
87. Score 19269.73; {10.92050689329027, -8.29228312330066, -0.48234019584509247, -2.2221835125310117, -1.4225758814280947, -9.952953598810117, -4.471206757130782, -7.217159516686108, -5.322429763562353, -6.7556246120335635, -53.64963419748, -5.7157415153333435, -4.66011397947449, -3.6423889644838168, -8.111799262790834}. 
88. Score 18971.93; {10.922136557540561, -7.8507726275485314, -0.36597838530450033, -2.096092445678704, -1.1863922587772535, -9.730355131841891, -4.6770617665493885, -6.361294575147545, -4.878244377462234, -6.216382678002598, -53.3089248100598, -5.901297867235717, -4.680181566649292, -3.58360148507803, -8.074557459799285}. 
89. Score 19201.62; {11.330688090149904, -8.11184553631053, -0.3815910241602569, -1.6636552302603382, -1.2622647033044605, -9.70312866692966, -4.363871101830392, -6.5793375636770906, -4.921120545565732, -6.756220074593032, -53.44734884312415, -6.529044796131574, -4.607893471233048, -3.216591367686374, -7.998166909087275}. 
90. Score 19144.5; {11.330688090149904, -8.11184553631053, -0.3815910241602569, -1.6636552302603382, -1.2622647033044605, -9.70312866692966, -4.363871101830392, -6.5793375636770906, -4.921120545565732, -6.756220074593032, -53.44734884312415, -6.529044796131574, -4.607893471233048, -3.216591367686374, -7.998166909087275}. 
91. Score 19741.99; {10.659424615716125, -8.17856780000988, -0.7442915253123498, -1.4252994226972406, -1.6530882137571856, -9.415965422344026, -4.571060938914474, -6.722899766684746, -5.724558832890524, -7.087668787260906, -53.728146378486564, -6.12197168743122, -4.654669993454225, -3.267333980359668, -8.360323808048653}. 
92. Score 18389.58; {10.473241201057945, -8.2652190634363, -1.0731828520471187, -2.3192703553014757, -1.4075397925125106, -9.940830406829559, -4.656004360147063, -6.67997065054262, -5.620765592046984, -7.578804194563683, -53.64862236977977, -5.879700069240454, -4.183413356098662, -4.097699515970108, -8.8231465400924}. 
93. Score 19157.1; {10.909205685416602, -8.020889702191306, -0.5363531401258506, -2.121903550977944, -0.7290744304598521, -9.850029142716846, -4.739929195357859, -6.70116215930846, -6.018053935222817, -6.544681673088399, -53.69336732068153, -5.558937435181047, -4.771501606110719, -3.4855237609942598, -8.336107411412124}. 
94. Score 19228.57; {11.025427781332366, -8.606940416788118, -0.7758053643146435, -1.4747762294330546, -1.7624135907651177, -9.91741698122188, -4.577048648461224, -6.722361379447062, -6.153654972345955, -7.23278793668922, -53.58565536369861, -5.508658386426326, -4.8197221910589185, -3.60506922144399, -8.110745988599042}. 
95. Score 18531.09; {11.540021710023966, -8.166648969414746, -0.5940315285936051, -2.61083402748244, -0.6284841690059136, -10.333264895051006, -4.612485593299954, -7.073398468578094, -5.822533065521701, -6.351957546997081, -54.94038089688701, -5.442120153289277, -4.370944040900953, -3.3865871781417645, -7.85027544093694}. 
96. Score 20036.66; {11.32395587147041, -8.237961063273351, -0.35890387895985226, -2.2815413785509913, -0.6955992089246, -9.91994215525315, -5.003407624668148, -6.916341405266037, -5.724251096069452, -6.344920984060567, -54.52811828584016, -5.6545698493674, -3.8776719186720507, -3.8601888499607653, -7.540516789951264}. 
97. Score 19268.78; {11.058402123557414, -7.509277829538475, -0.23789003858781677, -2.255306533846575, -1.3354261327619121, -11.197263040763888, -5.120806825396682, -6.99393080481856, -5.470003542679057, -7.675532783463539, -54.58745647667899, -5.966537199099709, -4.215428998146463, -3.21395241099966, -7.77852882138944}. 
98. Score 19194.73; {10.815613235828025, -8.16769972321338, -0.14499178430601495, -2.0504771975975395, -1.387120215495096, -10.543911146760799, -5.00426294902207, -6.915556689744067, -5.355144432031867, -7.1233098610689725, -54.40390602480693, -5.680429570078393, -4.517256046723394, -3.0917113422915863, -7.962122936641596}. 
99. Score 18982.53; {11.256010086305633, -8.045106183753598, 0.14403383246878465, -2.589908159148519, -0.4351877354358696, -9.800569563067992, -4.511270182733872, -6.2282434069101305, -5.360260914397955, -8.165051392342354, -54.70905669804834, -5.4547995064710335, -3.616607015063797, -3.719872949537789, -7.603710839821}. 
100. Score 20358.21; {10.877136610505929, -8.460167962800615, -0.6197964037755964, -1.7152323823628994, -0.7799627441639941, -10.888935353355077, -4.7083854680974575, -6.349743291180215, -5.852431441034013, -7.0468266877935335, -54.00623357146886, -5.884753084621644, -4.482453630655231, -3.282598625093282, -8.371802835611454}. 
Average performance now of best params: 520989.38
101. Score 18822.48; {10.704887841852422, -8.582519327635246, -1.321841446906441, -1.6429445912988134, -1.3587489542016353, -10.251731520484716, -4.403551172516663, -6.761642031516817, -5.0114543714195054, -7.08910576500224, -53.32109490170501, -5.625316365550072, -4.399791567040518, -4.02193380249768, -7.92702584277005}. 
102. Score 19144.39; {11.359532765362026, -8.605963734946332, -0.04542884848312123, -2.5535750654897806, -0.47385688195448405, -10.10446054701863, -4.780774853701103, -6.302700603637235, -5.602780096237072, -7.033897852999846, -54.51817874877306, -5.421436398136376, -3.67676648711428, -3.0055090319751923, -7.362974403067374}. 
103. Score 20214.45; {10.88392623726607, -8.405791486262737, -1.0185755337702305, -2.0261533439603863, -0.5874430073787956, -10.144396482778745, -4.537907766300725, -6.874290475992377, -5.26168992003449, -7.132891880807644, -53.95261778350316, -5.457815929593377, -4.221008312053262, -3.760243463584293, -7.5649898002514195}. 
104. Score 18960.51; {10.69357832712857, -8.630165271663486, -0.480593223815565, -2.6784067272514434, -1.5353209102899044, -9.929769344920846, -4.74029786260123, -6.60507004333562, -5.624169727157525, -7.193764022090647, -53.923111758743545, -4.945136670048471, -3.684731081560229, -3.9757021107124735, -7.965605587096665}. 
105. Score 18283.33; {10.894017598660225, -8.054311214620846, -0.6141347924227507, -2.318642658067633, -0.048374945238230604, -9.739273182729786, -4.637121290346344, -6.870255170449571, -6.015619235881426, -7.13977536898162, -54.4215143599523, -5.311068582039329, -4.102650426975239, -2.7182018421916005, -7.658052630378069}. 
106. Score 19411.18; {10.758668491512534, -7.941435313916047, -0.5208438083371522, -1.8507459943043854, -0.4822878912511659, -10.181892937397206, -5.103879433246941, -6.8472993218288725, -5.972693079127917, -6.8363437753726926, -53.38215668014774, -5.3969907735967055, -4.640960627238361, -3.1406096068648277, -7.90699158569433}. 
107. Score 19351.54; {10.900426557725917, -8.692521536044461, -0.36822351338131454, -2.4145664580952846, -0.3912265768654518, -9.971986033494485, -4.652037804780148, -6.271809555623143, -5.511575711614618, -6.86872339687147, -54.082134971560464, -4.996905120649716, -3.188013424681513, -3.4972817772495266, -7.658274519412711}. 
108. Score 19798.95; {9.325850867701797, -8.553454793600617, -0.38421414384892627, -2.2001121555719796, -0.4256870422291217, -9.38546520649139, -5.005694788699028, -5.933648975980444, -5.596343677277262, -7.229734366939485, -54.915860385906136, -4.032033932454569, -2.903418050435616, -4.138630162628607, -8.032514844931022}. 
109. Score 18409.57; {11.729117016027349, -8.43252877026323, -0.3845758730449373, -2.31141263142566, -0.22242696503080564, -10.241630754662182, -5.083227038328787, -6.720484061174483, -5.608527009437301, -7.145717824225282, -53.675418173571416, -5.153411182886915, -3.4449876102514487, -3.3988467662151773, -7.67301698951419}. 
110. Score 19706.18; {11.36482119674315, -8.729912031536442, -0.9820883914126366, -2.4920232484924956, -0.3096089717487195, -10.334589042296736, -4.55651200542914, -6.201046243632926, -5.466259885250053, -6.597866613538152, -54.004033696500734, -5.558249504705104, -3.367311622158332, -2.813805172641542, -6.989150953695197}. 
111. Score 19250.43; {10.6176771689292, -8.637539773019899, -0.20806346046797014, -2.262463848546125, -0.5923050587874408, -10.443363014539052, -4.532062202220601, -6.062283416386498, -5.84671764899556, -6.277788023135702, -54.52252097125704, -4.862461816717246, -2.8187989852722133, -3.2754189381849135, -7.7990586460679765}. 
112. Score 19334.31; {10.455097325907095, -9.1340167347958, -0.46664959945634016, -2.7080042396661996, -1.0338139713469705, -10.042283194911557, -4.47102816454997, -5.920938574738505, -6.157072181201299, -6.8113644285562005, -54.281703784032025, -4.705459248335946, -2.5832265468311117, -3.4172242873212415, -8.375525947580922}. 
113. Score 20277.14; {10.378308944240644, -8.590285858146935, 0.131748846803677, -3.254457606048049, -0.9228988499013131, -9.454155983965313, -5.018358842149914, -6.630525731130241, -5.459542320750057, -6.766931209877682, -55.020592715125055, -5.870463724690205, -2.5233456274455706, -3.067570067280036, -7.862994357234069}. 
114. Score 18986.53; {10.514992507010216, -8.699126277778499, -0.34362592093831607, -2.8278695170690105, -0.5937018849592918, -9.92995260059743, -4.564747822150263, -5.983746212229492, -5.782429614349334, -6.445516043260386, -54.60598363725483, -5.361249682716752, -2.3890751342661396, -3.1651951210206946, -7.868302973732918}. 
115. Score 19257.09; {10.43067140640779, -8.404116720857518, -0.17059794223242486, -3.4426579723206587, -1.17112924153912, -10.023665887222037, -5.500645828396809, -6.595743430018677, -6.272524040050096, -6.284270532023617, -55.24529001302362, -4.6330476173149195, -2.8224381294244854, -2.6429910695049452, -8.117066919476246}. 
116. Score 18824.83; {10.782374202886253, -8.633858370263024, -0.333233493587615, -3.1062066015596232, -1.3384371202548697, -9.913589157217872, -4.753657450992391, -6.666015085832582, -5.340101770484343, -6.569106645067485, -54.483358079129246, -4.971481594535477, -2.720145282967987, -3.028404759115504, -7.93859276971054}. 
117. Score 18973.57; {10.861451939866422, -8.64459477966251, -0.6781917452362645, -4.043435092237674, 0.34712512416666863, -10.91685998705848, -4.622649524626137, -6.881396372087256, -5.068384857736489, -5.536468470145266, -54.31642290340344, -5.287857793737724, -2.242970899520386, -3.1615780783386325, -7.692850585122832}. 
118. Score 19679.19; {10.326340605611128, -8.46958284872675, 0.15590213809983858, -2.732340966777733, -0.7817726050751189, -10.134440045585748, -4.065745261735827, -6.439659154454008, -5.880274347432851, -6.579983028618984, -55.0131215973984, -4.832326029648582, -2.7069488280870884, -3.0588576904476343, -7.554608519802767}. 
119. Score 18486.22; {10.285672917841922, -8.9187061723015, -0.05005460023429844, -2.9201896862968066, -1.3205400872820878, -9.072851089672163, -4.957860039208086, -6.654162742853234, -5.390290942892625, -6.145607494485255, -54.608908186926186, -4.984745579193238, -3.4693749385406254, -2.645118283157113, -8.763157905158971}. 
120. Score 19948.19; {10.932830153523364, -8.692411844812456, 0.271820590175459, -2.493007872379638, -0.6783593590202365, -9.801995912875977, -4.512467331130202, -6.461265077524856, -5.694857759810124, -5.9391181326417835, -55.117009617543204, -5.5374283467454735, -2.75843009666974, -3.0030713662589528, -7.93337411642097}. 
121. Score 19769.12; {10.200799020329486, -8.48968707880796, -0.2603345230870937, -3.439968249001478, -0.3653312967421535, -9.650110301545467, -4.721076275463974, -6.684850162388003, -5.203097931959634, -6.512904152562077, -54.70032106065023, -5.908693112057895, -2.9705050420539547, -2.586287119483223, -7.721173004833435}. 
122. Score 19670.9; {10.29284665853845, -8.30575020535619, -0.5554153103061161, -2.8867521504692704, -0.8784796571858626, -10.300365164594028, -4.82778253731032, -6.387244015871547, -5.575147201846125, -6.727631936683784, -54.974959119585975, -5.100452181446048, -2.639154906299935, -3.640846714843976, -7.308743987227258}. 
123. Score 19519.15; {10.73548719084251, -8.654976830278276, 0.3090425294017847, -3.1289098574234613, -0.9671229197300693, -9.460910009521339, -4.285373470389662, -6.741293687757669, -5.318865203026618, -6.500843779158239, -54.987337877621215, -5.649448520300516, -3.1788859698657728, -2.99497195933409, -8.19118855580554}. 
124. Score 19407.11; {10.667354017526003, -8.832000141808582, 0.7172132050870024, -3.3568644393852405, -0.8856951620011697, -10.18350091204651, -4.734375307626637, -6.627740002721532, -5.872288189532233, -6.1647170581676685, -55.06206411008926, -5.619158853084811, -3.346921668284014, -2.303898651547092, -8.188264267625843}. 
125. Score 19189.29; {10.360773013355162, -7.773856896379082, 0.3813786775410115, -3.2048861517822926, -0.6424904651516159, -9.427789698752084, -5.052005738003892, -6.5958582635083545, -6.016346268465761, -6.581895333579372, -54.83086257339486, -5.569329370664791, -2.8416936923381795, -2.955421010375452, -7.7791398654991335}. 
Average performance now of best params: 452740.31
126. Score 20812.92; {11.074612278547667, -7.944731958187726, -0.26129252115743906, -2.5601191339971376, -0.9512604835085268, -9.643525271804787, -4.4733487298516525, -6.5310244866377225, -5.305485715747005, -6.870304166521604, -54.632947192531645, -5.587847544911672, -3.0599879962866376, -3.1769818087264974, -8.40872271625756}. 
127. Score 19837.75; {10.36583675299438, -9.30835892103549, 0.5059122390757052, -3.272879256010197, -1.3012390690218205, -10.050673150421972, -4.663087744177458, -7.117628436630201, -6.176359385740359, -6.500310299195868, -55.08316346888861, -5.716625607324341, -2.825199849035905, -2.343543977585377, -7.648093174982493}. 
128. Score 19062.83; {11.307435454670973, -8.819804801265375, 0.7199073490753046, -2.529457424023208, -0.9243216264221381, -9.854404305451379, -5.161153060467378, -6.668661561762894, -6.168710026005021, -5.717379963233625, -55.096083763173255, -5.4078960563004, -2.688826250659922, -3.033404611174223, -7.317850515622845}. 
129. Score 18506.57; {10.728930859265077, -8.527337466934494, 0.39518874754021144, -3.1141239501701263, -1.0151474640105915, -9.897313339426951, -4.456496412292142, -6.50928699918374, -5.412200821535398, -6.574292162246879, -54.92343502527494, -5.2488273011304925, -2.7405861343230153, -2.566428078567674, -8.199496787175617}. 
130. Score 19301.01; {10.825837975970762, -8.180494896096791, 0.5906815545537658, -2.3698790489332477, -0.8096898925567431, -9.5125029186611, -4.921071217051798, -6.494718315238116, -6.252602296427233, -6.945314150034723, -55.98402278790644, -5.610432409343294, -2.7754544337790894, -2.727499161563695, -7.570272363187776}. 
131. Score 20599.7; {11.04750190171913, -8.30099486966318, 0.7648920448142866, -2.8629268434665254, -0.6124120116894998, -10.19612192507311, -4.964213552558987, -7.390686427612165, -6.374163390403848, -7.2160543668373505, -56.169817841722, -6.4092747637330145, -3.0940918763599505, -2.7219400006602954, -7.525335193135255}. 
132. Score 19587.99; {10.731377743510526, -8.17466179993263, 0.5632912330150777, -2.7148221627803895, -0.9520541603610027, -10.429120164105097, -5.316375371417046, -6.638470501600995, -5.857370942843607, -6.602991755617444, -55.01407778731049, -5.916273089770013, -2.6126552783660677, -2.6334851837612967, -7.882077382202548}. 
133. Score 20301.37; {11.104073501179728, -8.571040911761179, 0.5371265583708563, -2.8802560247690665, -0.9901216367418548, -9.373222892577342, -5.084939269159889, -6.696419751133037, -6.496305172375351, -7.297224255163242, -55.2709551245724, -5.004286930142634, -3.0933736025402068, -2.7055716659719184, -8.280009918632384}. 
134. Score 19725.84; {10.962995056250064, -8.084517013119939, 0.16406389900629156, -2.2291128177026494, -0.6743836698832073, -9.582985921871769, -4.528198562498536, -6.543069561627012, -6.226951247908767, -6.837779436791924, -55.32001691736632, -5.730125955083263, -2.146610635674386, -3.050001397507074, -8.690172733376079}. 
135. Score 18576.43; {10.962995056250064, -8.084517013119939, 0.16406389900629156, -2.2291128177026494, -0.6743836698832073, -9.582985921871769, -4.528198562498536, -6.543069561627012, -6.226951247908767, -6.837779436791924, -55.32001691736632, -5.730125955083263, -2.146610635674386, -3.050001397507074, -8.690172733376079}. 
136. Score 18980.77; {10.481741949003066, -8.322675080499344, 0.11594996003285651, -2.011268889118753, -0.837368692391584, -10.057610288601222, -4.8361755839072345, -6.320512267147954, -6.044671633786013, -6.645334630107198, -54.94264887936289, -6.4455655414671185, -2.2380062856357172, -2.3962826609782466, -8.317851066907414}. 
137. Score 19088.06; {10.63806647805322, -8.527887464247485, 0.13175725590352572, -2.1117135300717575, -1.254648936022139, -10.097231265807016, -5.160664758807895, -6.610195417731282, -5.78879124587387, -7.642343877964783, -54.99532842247693, -5.288355339611704, -3.041594127239791, -2.784383943870836, -8.420354983929366}. 
138. Score 19435.05; {10.7999439378613, -8.31257245926309, 0.28014293069837964, -2.646264596004603, -0.7340094158998249, -10.026410393274226, -5.547590099136706, -6.537177173107025, -6.295474251848509, -6.843596189959589, -55.31870411115876, -5.724468360196091, -2.891673293777057, -2.3003342399299602, -7.304296599795941}. 
139. Score 18681.99; {10.98414021668777, -8.320005933918255, 0.027963353815418757, -2.2961043186121497, -1.144581772026455, -9.800053009954842, -4.920558414666775, -7.200490250287392, -6.249593428553764, -6.841825379414138, -54.86457498796389, -5.305922933565135, -3.2623658318979736, -2.0023671331587622, -8.299481757287873}. 
140. Score 20289.22; {10.43102381149617, -8.384299797576915, 0.2800295359446897, -2.7583037460061908, -1.2368806197442714, -9.667243262512066, -5.5133060888144705, -6.596561000262247, -6.079032189009056, -8.14943366826964, -55.03770903876511, -5.848957930940903, -2.5972594657500365, -2.3407963773427807, -8.113491203300207}. 
141. Score 19049.53; {10.684748628248252, -8.342981109084548, 0.14963870316221123, -2.1628663536988637, -1.040068648115279, -10.369328336760654, -5.114836845533001, -6.917351643034941, -6.2038836400286765, -6.829516490187103, -55.294233916019564, -5.675710133960078, -2.7436104280398976, -2.2794418975019757, -8.374843464113516}. 
142. Score 19824.09; {10.684748628248252, -8.342981109084548, 0.14963870316221123, -2.1628663536988637, -1.040068648115279, -10.369328336760654, -5.114836845533001, -6.917351643034941, -6.2038836400286765, -6.829516490187103, -55.294233916019564, -5.675710133960078, -2.7436104280398976, -2.2794418975019757, -8.374843464113516}. 
143. Score 20855.18; {10.701171047021596, -8.770900583238236, -0.01523279620404655, -1.8802676485721457, -1.027986964999957, -10.606776630555164, -5.6456859364222405, -7.22724694752715, -6.621988968541717, -7.261017640636742, -55.55283408796779, -5.026000500997283, -3.393008744864133, -2.379354782529292, -8.014924498631656}. 
144. Score 20257.06; {10.574045217189704, -8.501248658658083, -0.0035319427828535838, -2.1776258820687766, -1.374852638482059, -10.130069690317388, -5.5244257339203475, -6.982371308971597, -7.26362038144047, -7.210686830752811, -55.76475022307201, -5.929740193659797, -2.9891762100424852, -2.0671661996437014, -8.280619812117868}. 
145. Score 20029.39; {10.53577230161967, -7.920911009090527, -0.6396377077591219, -2.6046609417048376, -0.9629058261267713, -10.158517648213248, -5.327948016887929, -7.14764925833491, -6.659549687791549, -6.503270159935607, -55.70074808661614, -5.77139390455899, -3.289457110960796, -1.9778206561682672, -8.501801998286847}. 
146. Score 20429.57; {10.220049703678919, -7.354670763941982, -0.5658306944108977, -2.7173232320156844, -0.8178864275231456, -10.203536240976943, -5.051367961028823, -7.057771382553361, -6.221899637353532, -6.365806560932925, -55.51791148703915, -5.692226221683873, -2.402532157370667, -2.028067396752344, -8.912263114929177}. 
147. Score 19179.47; {10.325284116299851, -8.915771067154447, 0.10855607045629939, -2.492790740686464, -0.564085883649869, -10.210336932851387, -5.285217464570296, -7.040476671979448, -6.350341802315667, -6.7216871245606775, -55.3410089381393, -5.554802489756419, -2.6031724393527584, -2.143103223378615, -8.894929903955124}. 
148. Score 20560.15; {11.029204169071475, -9.126028068344244, -0.5125639304384356, -2.2835070329176284, -1.725893373054697, -10.494750873780522, -5.303012566023872, -6.960925514414562, -5.964468407145517, -7.8559149788141, -56.20116365083031, -5.430649023318054, -3.4960311673668647, -2.5236613459492196, -8.384334002529913}. 
149. Score 19401.62; {10.628515544819756, -8.816912688408877, -0.5430154387941816, -1.9453876590495758, -0.7602737226598533, -10.436907172430194, -5.686934844725027, -6.621217338682198, -6.2070295085748315, -6.786171617010538, -55.57778655357362, -4.203053619736864, -2.8525488863180386, -2.3432653786716644, -9.152845987858505}. 
150. Score 19639.08; {10.821875357905743, -8.933518290648596, -0.6182030578801565, -1.712135478791157, -1.0570807968357012, -10.549460284992477, -5.743348689929527, -6.911067473116585, -5.989194526399427, -6.961713179465092, -55.39220983872303, -4.656669165346128, -3.2799528184041384, -2.9841700647654377, -7.883663534481633}. 
Average performance now of best params: 470791.86
151. Score 19587.89; {10.59015897334885, -9.029689120492556, -0.3878640147651623, -1.908637009742481, -1.0267552138234424, -10.413148348773516, -5.574806683653549, -6.774104084539914, -6.4189955054781676, -7.087414751722019, -55.8434511953096, -4.721759934942347, -3.153137981287779, -2.631112097621341, -8.280713630092919}. 
152. Score 19284.89; {11.204564355893249, -8.794008109166016, -0.95098285725119, -1.5044003019768315, -1.348566893213536, -10.535292983214703, -5.534455344784026, -7.117234757379234, -6.581117706550743, -7.051205119978956, -54.957403712641245, -4.636407693101161, -3.48386615212693, -2.846080680078514, -7.7364980725286285}. 
153. Score 19320.29; {11.286626590705223, -8.613875638770905, -0.7244736630223575, -2.7756925637941796, -0.9369555368369815, -10.870855777626842, -5.85545992245621, -6.96383839102606, -6.1933113488641, -6.951455682984916, -55.875720032921116, -5.198460394295767, -3.0101941352801496, -3.02143208766807, -7.630479402459804}. 
154. Score 20302.34; {11.233723339376501, -8.62131283033402, -0.8302234302221074, -2.470774498798162, -0.5213041773689661, -11.269249830851695, -6.166211318599325, -7.484798596743581, -6.3387288731470965, -6.2535777578411285, -55.76632987694788, -5.264869681684587, -3.0035616618624843, -3.03933969970378, -8.155810660970461}. 
155. Score 19828.31; {11.243442775809989, -8.86585023542709, -0.24953625398154516, -2.349210719391583, -1.7864517623056535, -10.778786665081517, -5.508924857693514, -7.26128154579257, -6.437656765747491, -6.202551748115532, -55.2760938418828, -5.159545080582532, -3.3257784321773367, -2.5919148398850784, -8.295733364437071}. 
156. Score 18757.92; {11.2475493443808, -8.976911484419778, -0.7498969179311694, -1.7966077642908331, -1.6146185398509956, -10.952745793239005, -5.21122161104136, -7.022337405577533, -7.079616606874018, -6.879321863230463, -55.16242139346352, -4.789626080098394, -3.3275743391992463, -2.6405292438146164, -7.467654859439398}. 
157. Score 21206.86; {11.226472314344072, -8.603493272821668, -0.016537917419917836, -2.394759021468537, -1.2113212780024476, -10.074404825237156, -5.320819520206491, -6.977714879151509, -6.468465309054139, -7.4576874090205845, -55.24809488443993, -4.754414815601277, -3.5495400070509717, -2.860574382159759, -7.183109082063776}. 
158. Score 20291.09; {11.313091077687622, -8.777520966271357, -0.21629686062337783, -1.789288577698969, -1.4595031487852173, -10.712319935895682, -5.250176540803945, -7.193384028494735, -6.4072444033064455, -6.985322157438895, -55.22324599922664, -4.78283969510883, -2.9833762523192213, -2.587102287907139, -8.103612174275478}. 
159. Score 19632.72; {11.313091077687622, -8.777520966271357, -0.21629686062337783, -1.789288577698969, -1.4595031487852173, -10.712319935895682, -5.250176540803945, -7.193384028494735, -6.4072444033064455, -6.985322157438895, -55.22324599922664, -4.78283969510883, -2.9833762523192213, -2.587102287907139, -8.103612174275478}. 
160. Score 20234.89; {10.843479889246915, -8.179782008520867, -0.8146827577995839, -1.8473391669062698, -1.2306969105876968, -10.416570657279413, -4.852622301106885, -6.817892915208406, -5.90939633457572, -6.413622925250332, -55.525678813935706, -5.1896146715605145, -3.332605121612641, -3.377775148127437, -7.469112408411841}. 
161. Score 19132.43; {10.835401984370067, -7.901654937386056, -0.8370659282772105, -2.0533724639965305, -0.990797360853904, -10.64745199973105, -4.830738799350101, -6.406488850823998, -6.269259538152271, -6.331755030288518, -56.02839373050032, -4.620618921543549, -3.218437209165248, -3.1210856137931082, -7.558482241890469}. 
162. Score 19874.21; {11.363280848611423, -9.737448693384758, 0.24035673209023167, -2.316974337323284, -1.121855216061198, -10.84610487299865, -5.324320687526926, -7.457011288457151, -7.134014055233168, -8.643464321015099, -54.7798833691179, -4.484544265724556, -3.094154433452621, -3.0386202767859287, -7.6223326690808255}. 
163. Score 19892.13; {10.91641394653713, -8.883052067804108, -0.719385050994508, -1.9239760540530475, -1.1235214853714446, -10.837855528055954, -5.2850631870813425, -6.732525937330555, -6.631046713991313, -8.031959351169753, -55.41040721911325, -4.5370458984573565, -3.740345483219459, -2.762020762989724, -7.418224886395817}. 
164. Score 21624.45; {11.105935472156167, -7.9358503524686705, -0.3318583727862483, -1.7539801292885198, -0.7900401720658943, -10.388811720142504, -5.020205785150115, -7.180582517838868, -6.0864272425219506, -6.192828694954817, -55.730827547142965, -5.113448987372642, -2.8002364493875302, -3.535011789061595, -7.610676639841107}. 
165. Score 18607.62; {10.980947159418319, -8.422587600387743, -0.795004294055265, -1.3171239473233447, -1.0829080404992382, -10.77631640930225, -5.024312818569296, -6.33215107124257, -5.939984069713823, -6.670231738694029, -55.54505084289766, -4.710794558279676, -2.985214838163332, -3.287453399092127, -7.839389820780879}. 
166. Score 19561.59; {11.022705442608306, -8.444215210770848, -0.7741105363909454, -2.8133385759421756, -0.6931178523885633, -10.970302083110171, -5.573329594736369, -7.682621988801716, -6.351838451887933, -6.771599207267275, -55.64465385554578, -4.962013868131332, -3.936944145774597, -2.70823170037228, -7.560875787272037}. 
167. Score 19157.63; {11.13629313645351, -8.219031443856522, -0.2772264736683073, -2.1327289534846505, -0.61490602215783, -10.213583179517656, -5.300423551429815, -7.354163028978786, -6.806734184956437, -7.312974918193789, -55.693713001824506, -4.787502819029543, -3.5722918047065235, -2.6384265186915528, -7.778323046333708}. 
168. Score 19924.77; {10.919410260886405, -8.27325216428684, -0.4956099567178697, -2.2802252329138826, -0.8629844479481996, -10.560164839390817, -4.782267484509111, -7.530531058033383, -6.094918886334678, -7.301107878717904, -56.143059303523636, -4.5691265697757535, -3.8326337926983145, -2.9975819358776175, -7.5015272758451275}. 
169. Score 19627.08; {11.28924936822726, -8.533712358591368, -1.1314299058515342, -2.1094303504194944, -0.7559988219312388, -10.91570332141653, -5.673746624879229, -7.699560499416207, -7.113819378654342, -6.411407064423791, -55.72200204011716, -5.187826665099173, -2.3563812819234062, -2.4520524577456237, -7.210919807073043}. 
170. Score 19240.57; {11.326853110162306, -8.371126161021015, -0.9855127834403414, -2.1750690710218903, -0.5304833076413844, -10.96768826054756, -6.097935520501233, -8.242581910278084, -7.130234907010416, -7.1057244418662995, -56.22798567857207, -5.29349853725728, -2.8897877710352273, -3.01855765438019, -7.258925399572531}. 
171. Score 19132.55; {11.232093681713073, -8.464639711010369, 0.1631812454309337, -2.95540424998785, -0.7866623245394833, -10.253543250650916, -5.162082009895027, -8.149100185648074, -7.111469591221112, -7.72377639401341, -55.99741586673296, -4.836349425729275, -3.102346500163785, -3.2818971766104887, -7.605801594782976}. 
172. Score 19790.83; {11.200673592738156, -8.981494890669426, -0.7028246095444691, -2.4870215551291746, -0.6644924132780531, -10.777653741563721, -5.307903518104983, -8.032887466776293, -6.4735893699627605, -6.988684613480483, -55.37787672980662, -4.971529471305384, -3.6062223566126366, -3.0259071522236733, -7.470503510684707}. 
173. Score 20286.33; {11.438468571651368, -8.679286063097447, -0.22726417500967644, -2.6184141350773524, -0.8036497109526961, -10.58432247431079, -5.042021679167297, -8.24301332893629, -6.80775709835021, -7.172019902071603, -56.437306294835324, -5.038932655452698, -3.412179651213331, -2.9431821363985877, -7.843543937882062}. 
174. Score 21844.92; {11.235447233331037, -8.915159763924814, 0.26497980762354223, -2.713811227337784, -0.9940368655399279, -10.585288237684416, -5.707518328851828, -8.43947266173822, -6.682441425678731, -6.856421540307905, -56.67744474062738, -5.041732328779305, -3.2649696926630716, -2.9440650048268218, -8.56916394248762}. 
175. Score 19150.57; {11.501004536902732, -8.44492685527377, 0.08002949567052736, -2.8286416825640393, -0.6005933327863745, -10.457488132434374, -6.077192630327455, -8.012556216035133, -6.835991611765651, -7.239159034370981, -56.474146071183846, -4.972923961885177, -2.5554401430622127, -2.3923827902555637, -7.546545396400461}. 
Average performance now of best params: 529316.35
176. Score 19341.99; {11.384326670291127, -8.395321482546425, -0.6934160590329945, -1.549881520188358, -1.059999258288382, -11.017064185024944, -5.081198751656443, -7.982815149187252, -6.269776955935923, -6.992205562425474, -55.169106900569574, -5.0262182257590995, -3.238200307311663, -2.8973188504279688, -7.221335848464672}. 
177. Score 19669.66; {10.874086819082228, -8.175740930243641, 0.3267245924821503, -2.035566012444083, -1.1326569190693896, -10.23105120110789, -5.7487264128976765, -8.187353861941379, -6.207658283848403, -6.615373393115558, -54.95535090407598, -5.69642490322057, -2.4593603712051335, -2.7429238522817903, -7.894745863142301}. 
178. Score 19411.86; {11.11068830016645, -8.67790389610578, -0.5009061895285156, -2.1933084290725056, -1.2837189781969194, -10.714008599405789, -5.155981913501262, -7.856266579039004, -6.682596608647616, -7.260661612351068, -55.45100559490459, -5.252117355069627, -2.9511067549412, -2.426218010646009, -7.148972652929475}. 
179. Score 19870.51; {10.964267932102242, -8.434463739728518, -0.7905653317744002, -1.8228930356299746, -1.3548554113027942, -11.487417788323294, -5.423303589489321, -7.644606406279776, -6.496700514890154, -7.19606230667535, -55.00408885278808, -5.090926131164519, -2.9400755367881053, -2.5552977222887603, -7.473859189659168}. 
180. Score 19219.39; {11.492607412929537, -8.597698204848696, -0.5358978062979549, -1.552396391230634, -1.3845516475378896, -11.235364970745529, -5.259797736855004, -8.14386637675236, -6.711605072882342, -6.86771773051321, -55.1475006969211, -5.207035084908072, -2.707856120689929, -2.4551086868695755, -7.776912036672858}. 
181. Score 18518.84; {11.874376221081913, -8.972712040731945, -0.5773980913700055, -1.7837176370191923, -0.8482711588640807, -10.756050969843654, -5.71718788959986, -7.616896851694964, -6.834616309845806, -7.083427650765471, -55.25181204514211, -5.608463827863383, -3.6350070573476883, -2.1711909327653243, -7.602397346080746}. 
182. Score 19834.34; {10.891200038032018, -8.489984722804524, -0.3039219154274837, -2.115351251740581, -1.563917012244977, -11.465976409381815, -5.0739485989137725, -7.656650501585252, -6.620640083225553, -6.8028741896081755, -55.574785843905914, -5.590380554785006, -3.8753074140919184, -2.21968289630591, -7.447604578191294}. 
183. Score 19246.56; {11.203319856664343, -8.662634491708841, -0.07321087733610981, -2.172128854555031, -1.2240204188657906, -10.633661452714858, -5.0291005056739975, -8.185992580155906, -6.0392262738952525, -6.359752991617008, -55.1522564038065, -5.912022975888617, -3.3079686905595347, -2.920943163441635, -7.6468151502248425}. 
184. Score 19771.5; {11.079644658915615, -8.504430871352477, -0.4440856882688471, -1.7261547721402828, -1.3602127178455898, -10.565405665143103, -5.415211294031, -7.695833501837124, -6.695206560313966, -6.647788797514602, -54.880249711336404, -5.536012046233498, -3.461325070329743, -2.6289724202403972, -8.011994922748912}. 
185. Score 19741.36; {11.428369696458315, -8.51659149269562, -0.5234946611369219, -1.4568070659923147, -0.697306630702267, -10.532594244218478, -5.01036364431274, -8.103270663287901, -6.993328751284586, -6.382816581019651, -55.649311871965836, -5.89829252926569, -3.1564965903375164, -2.626205304368572, -7.157391799330519}. 
186. Score 19281.42; {10.21619990468839, -8.485491497167652, -0.30031731208134615, -2.1787151399692846, -0.7434648807819624, -10.526230913739097, -5.696914629105126, -7.823164984825691, -7.261721026893374, -6.4340124811173185, -56.12401080083365, -4.739671984665366, -3.2266299268692036, -2.3759813577214564, -7.585809863534244}. 
187. Score 20263.32; {11.337138988002193, -8.472760448997906, -0.20940714908467048, -2.369707298631088, -1.6747978631310005, -10.831734512186692, -5.376887035618602, -7.572345929423997, -6.482719400164896, -6.949243283322899, -55.46181788588235, -6.095129820420102, -3.809600858859844, -2.6774798820774866, -8.267399227553362}. 
188. Score 20481.46; {10.36081357052065, -7.783377016727554, -0.6117798003671525, -1.840414915870749, -0.8407525553370296, -10.918436378931991, -5.57437341144166, -7.4176948172975905, -7.298128774500693, -7.004538147925108, -55.058490513416174, -5.766921294237637, -3.9386020624347626, -2.2893037846430917, -8.08420565971558}. 
189. Score 20364.17; {11.155952665901097, -8.813476339598697, -0.5506599595133912, -1.8704573326205107, -0.8536345724656361, -10.552863970332268, -5.336610164136191, -7.8508083691713475, -6.582574802020879, -6.533171872108028, -55.39028138358365, -6.034875583947462, -3.499859999291516, -2.6555100659185853, -7.768244246843757}. 
190. Score 20312.93; {11.019400083936398, -8.26114823316591, 0.0011471519799216012, -2.1828212365028192, -1.090044357606338, -11.066575324252835, -6.04035898998021, -7.676955674427793, -6.913017218797859, -6.967476241705276, -55.42038605402709, -6.3331031545199, -3.7416045455954756, -2.467412496572088, -7.5939260813844776}. 
191. Score 20528.29; {11.438827922573614, -8.36494705614352, -0.6712286826910203, -2.128762256112516, -1.0984833534403653, -10.765686062941443, -5.286118005249317, -7.388524446198445, -7.111336958378112, -6.3208542311381635, -55.51063585689387, -6.112103239062525, -3.3961517367598595, -3.1288733031565217, -7.262463001211192}. 
192. Score 20680.67; {11.448470512879737, -8.491359695552148, 0.12146154244567473, -2.3686999612982476, -0.6555510024087883, -10.325597643398805, -5.168938363386622, -7.188872449377301, -7.083023770474712, -5.972260362364132, -55.69274987562431, -5.959317157854922, -3.267097197997873, -3.3487897948843903, -7.805565924473963}. 
193. Score 18413.31; {11.67823528148634, -8.821049021567495, -0.37048543099951176, -2.571742641637622, -1.0190438246941051, -11.028171418010858, -4.909054547992016, -6.85050324164953, -7.662137597400661, -6.3842682405273585, -55.4506311017158, -5.99197112634874, -3.7600935124560544, -3.1362856570402133, -7.966916705286069}. 
194. Score 19290.73; {11.353914682105074, -8.56137680712317, -0.06009471284507316, -2.645086754557231, -1.4302454378398204, -10.814297403537916, -5.984910243375422, -7.702836602497474, -7.206870659008721, -7.0588981594451985, -55.11533021509028, -6.897999439977252, -4.4370058609010465, -2.3221764009622334, -7.556480067423919}. 
195. Score 21177.88; {10.958702523064972, -8.546324746142126, 0.25202782417324027, -2.91405813997113, -0.8774243702975433, -10.678167842744678, -5.247730450956538, -7.533587093857525, -7.729498858334031, -7.3458082774975395, -55.32741389352819, -6.494154608614311, -3.9057452200921197, -2.130504246027648, -7.782513697373396}. 
196. Score 20955.13; {11.079570215137693, -8.98095688563825, 0.1310398659640625, -2.4713171351176224, -0.9672080882434557, -10.550675155931287, -5.552946851551514, -6.950440994956485, -6.959438028608579, -6.976797214283257, -55.496422424209676, -6.4719309151392705, -3.469202297480845, -2.334610805933164, -7.781219269669171}. 
197. Score 20023.44; {11.268196700593366, -8.651533262252244, 0.5327365718419158, -3.1123895893346076, -0.13911217713749757, -10.675774351981657, -4.998766591266384, -7.421986866702459, -7.246625827283752, -7.3782765521030065, -55.80562095926675, -5.89470132224517, -2.981015329127083, -2.3131160706545346, -7.786018478008779}. 
198. Score 19684.1; {11.555289877758758, -8.301442291614718, 0.20712218589829132, -2.638497534496559, -1.4141554149917155, -10.695805001678798, -5.794507155046228, -7.666180712022604, -7.413526272562723, -7.1761551393414695, -55.67860053746535, -7.022483194881122, -3.9761155301591335, -2.2001148011360083, -7.350384103326501}. 
199. Score 20263.6; {10.767520538580746, -8.246033859847543, -0.42233980013825434, -2.240174910062964, -0.8131931012979556, -10.813830356707395, -5.8609609375845135, -7.910865931511587, -7.362502507409652, -7.285201736991037, -55.640342579754666, -5.76403538341326, -4.002018945605314, -2.21538444877388, -7.909871999739671}. 
200. Score 19607.77; {11.236523617123618, -8.428324671601306, -0.10177865598870879, -2.1304806835711343, -1.0990095766075676, -10.743929201333575, -6.052968441184501, -7.008767254745266, -7.514034531072385, -6.767631100284542, -55.70131479922091, -6.501296406109482, -3.125939039399619, -2.328451767538221, -7.268661875711667}. 
Average performance now of best params: 490682.84
201. Score 20105.65; {11.098236131824004, -8.651643248182657, 0.01799530490535725, -2.70410334260205, -0.9413274321122767, -10.882937402442233, -5.558589182529779, -8.258968255738605, -7.074090845377858, -6.92235509711585, -55.79269023606188, -6.1894910344914535, -3.6388369238365295, -1.8287945987497227, -7.758632187874662}. 
202. Score 20262.09; {11.664682378205658, -8.532912868355695, -0.1608701704812762, -2.2896467297455945, -1.4355474513399509, -10.736450587653616, -5.61536998140201, -7.54330796875685, -7.228138758260077, -6.787998381391514, -55.86311484558446, -6.36069575226236, -3.8367716519599298, -2.6454793038286417, -7.25632323620519}. 
203. Score 18731.99; {11.513024092939009, -8.877332256569494, 0.6940707984522636, -2.6637321294747265, -0.7616928997159262, -10.936048571670609, -5.382831103846392, -7.3537328771031385, -7.867440891268767, -6.975429014164016, -55.36718696828144, -5.848498980309064, -3.746524556685308, -2.6786090970636733, -7.452624218167128}. 
204. Score 20347.12; {11.052333725295975, -8.232031760067365, 0.2811073471958403, -2.7813695159509395, -0.5002273612126982, -9.898356981479704, -5.634549495227122, -7.299429907144015, -7.000867997072276, -6.965425581580773, -55.221231602120305, -6.491168916556689, -4.097465632366326, -2.483787468862422, -7.316255072264303}. 
205. Score 20542.47; {11.175989518510171, -8.527820139949474, 0.016844737305047958, -2.608498405768115, -0.9727820900075468, -10.403755156571497, -5.8211552776710125, -8.179722339845865, -7.0779861729238345, -7.437023950808416, -56.043666522969545, -6.649638882710264, -3.9260314625095547, -2.3809620746055216, -7.934969567719373}. 
206. Score 20007.1; {11.246797767209182, -8.219744098311628, -0.4830733075191042, -2.5880547399835403, -0.4450180044175561, -11.003191582502545, -6.370701769884869, -7.602797746868086, -7.5486159560006225, -7.0505540084510745, -55.730938650212835, -5.771858189311233, -3.532091163865784, -2.103258854951216, -7.014127820870357}. 
207. Score 19670.08; {11.890009387632219, -8.229601276807356, -0.00744101482761983, -2.3449071827853714, -0.8918714030007273, -10.75243956445477, -5.751447903976171, -7.434359909937626, -7.449973762118419, -6.357737204960317, -54.927222618829866, -6.293417740129473, -3.4573052823974053, -2.081627304482404, -6.531184214358046}. 
208. Score 20382.86; {11.762262629056881, -8.567665075315233, 0.35673244006555294, -2.4354107721463154, -1.3863305545565812, -10.133123037499496, -5.459236040154533, -8.114440867267104, -7.398819184039759, -7.177908679990313, -55.8485210714099, -6.690299637859807, -4.616008959387785, -3.098980536149887, -7.396509498189729}. 
209. Score 19698.63; {11.61370260278805, -8.459196066641827, -0.27604511147578026, -2.6510248718878135, -0.3447924616518872, -10.563773356774716, -6.018686239982889, -7.4788738596018005, -7.677316845825594, -6.56059336882703, -55.86426641437845, -5.08022291003044, -2.9738993064213735, -1.9901114791762564, -7.722428682482684}. 
210. Score 20076.05; {11.60981412787532, -8.958946740867283, -0.30076851787001446, -2.1851574580921365, -0.9904822793950622, -10.35606615388024, -5.802526386990159, -8.364061899128922, -7.210655790534733, -7.191842212270549, -56.10434822082704, -5.813525027012495, -4.094344500029046, -2.619671816184092, -7.286367842867047}. 
211. Score 19518.03; {11.541474726757386, -7.883720523355322, -0.1684102950524046, -2.8305230867209126, -0.5192567997873337, -10.556603377913238, -5.996802879374738, -6.834252756946581, -7.5078424899732275, -6.704436790779658, -55.405848115674836, -6.240658406147728, -3.809074910939634, -2.4309217875460654, -7.227086824014369}. 
212. Score 19934.37; {11.221382113165856, -8.458078931563714, -0.3335793620609998, -2.938813775008134, -0.46631206409615217, -10.684313255247341, -5.868755975316773, -7.606849633604719, -7.069883521151861, -6.7137954619185365, -55.15760966892703, -5.961446766887445, -3.119119676667327, -2.4996382035397953, -7.169054336761781}. 
213. Score 20876.57; {11.67062825476143, -8.903552659949362, -0.257310839863385, -2.200826681016503, -1.1035024079978122, -11.520931741605368, -5.535510982188913, -8.53586180908108, -6.531957575134903, -7.544520762960342, -55.13839357585354, -6.133522533228641, -3.365136291317198, -2.3940292055561336, -7.496188434490957}. 
214. Score 18326.53; {11.528402357519193, -8.40700513736435, -0.27912889239816785, -2.1980511669893747, -0.40817302099395714, -11.506563401788448, -5.423533204803019, -7.675463214901874, -6.366510487343687, -7.5023267574668155, -54.863304760075955, -5.819192112351866, -3.3924378653587945, -2.328790473610238, -7.8720430255874}. 
215. Score 19601.08; {11.603941419837929, -8.388011239669373, -0.7797337495831587, -2.301606533554766, -0.5702725143681205, -11.726482424228967, -5.546425854340711, -7.437553706099532, -6.368898367446305, -7.578213814710178, -54.743069619765926, -5.545397880436349, -4.037699613648808, -2.7390436134388114, -7.6104861188227115}. 
216. Score 20158.02; {11.375133905623988, -8.14729443972005, -0.38375326476380883, -2.2888524590132597, -0.8157919335221251, -10.965674362985236, -5.429106154533376, -8.095503461145753, -6.840549860965058, -7.124467437948567, -55.11232979023181, -6.4579788977998955, -3.4649149099594325, -2.0772250932529963, -7.3833944240026135}. 
217. Score 19074.69; {11.595861073401485, -8.50124185838023, -0.39247812385168257, -2.648231639805269, -0.7947324173147933, -10.910660970102796, -6.105889860871704, -8.125374353503636, -7.033592061240679, -7.11085762538395, -54.93769735209522, -6.931647969104994, -3.880953421991455, -1.8459724950410878, -7.6678198031014935}. 
218. Score 19854.54; {11.720684342833195, -8.019494698954349, -0.13140741480772178, -2.2177556172785726, -0.4014604703656027, -11.385953044517622, -5.822343616544309, -7.085303558620616, -7.160248565020567, -7.044831335933283, -55.34228966694403, -4.923056501833388, -3.8899061137754467, -2.5323255501056114, -7.847123243356481}. 
219. Score 19334.56; {11.710652920349633, -8.278548584980259, -0.5512951139613284, -2.187144113552332, -0.4674367679301227, -10.864059232876524, -5.784937643920406, -7.501884393878422, -7.15220822544233, -6.669288766631716, -55.18426411496214, -5.833094395063182, -3.391693540337415, -2.2458143526125345, -7.488001896575987}. 
220. Score 22845.72; {11.22421059623536, -8.443598132311182, -1.056700274357627, -2.486335906312811, -0.5748956849188827, -11.291655168859798, -5.677180076450938, -7.8601549592710604, -6.59572228376096, -7.277781326002867, -54.86717784549705, -5.914791966206519, -3.641380504790894, -2.03700141581281, -7.399991033240466}. 
221. Score 20058.62; {11.383099390581007, -8.228565350160132, -0.8742979425143368, -1.7782409420709042, -0.5912043083555213, -11.190240958384308, -6.017918156850859, -7.105940606822727, -7.467444932280037, -7.387592020186383, -54.64001778901581, -6.17631553420068, -3.2858559221346066, -2.2807687726217547, -8.467993618018424}. 
222. Score 20887.19; {11.224975442024801, -8.637831345093689, -0.6694291173672875, -2.178019419785281, -0.5503965122765062, -10.772191465111971, -6.433309341827627, -7.582996319283183, -7.106209902478109, -6.455625616487842, -55.04361661385128, -5.655716704284282, -3.6599150345657883, -1.983162881523406, -7.855339011711589}. 
223. Score 19484.11; {11.633453420508394, -8.472775611561984, -1.2091222676260296, -2.4138491816348804, -0.5664656978540569, -10.729374164723104, -6.089548812997804, -7.091746917430264, -6.379552870480692, -6.817070412769478, -54.66146207563546, -5.70033317981544, -3.7462804023672813, -1.9966569958342681, -7.522384631629544}. 
224. Score 20442.78; {11.289133930361691, -7.881266459568983, -1.6355809692275523, -2.4924691673078296, -0.17577859364010928, -10.373101245919532, -6.298218613846624, -7.020183494028206, -6.807948243416109, -5.594204209240687, -54.180980077249316, -5.439888506507126, -3.0953454108228153, -2.3324260568036723, -7.298089084559648}. 
225. Score 20263.45; {11.573416358019237, -8.081978610457345, -1.059502409984784, -2.588418418620675, -0.5164319555466794, -10.969916368245638, -5.615979382338153, -7.215365866720525, -6.812521745051227, -6.851159125513045, -55.08192319338964, -5.3270373827660995, -3.789418780016435, -2.2761766316157983, -7.564990152014671}. 
Average performance now of best params: 372436.59
226. Score 19902.51; {11.673521475821046, -7.859500714737269, -0.9915678877471995, -2.1451477623602813, 0.2440906331641205, -10.80634745780005, -6.4515772507409475, -7.271271019686797, -7.010304442447176, -6.780869037282198, -54.5626623551148, -5.591500664350174, -3.1069303533527304, -2.5127798303695545, -7.8546943130806195}. 
227. Score 21893.64; {11.385723040229957, -8.734594299592771, -0.6409136308367744, -2.4552798762518946, -0.7717757011264694, -10.422065416621686, -6.312703869050925, -7.254322595822241, -7.165758097194067, -6.788121257015125, -54.27853507741746, -4.702246866941483, -3.5835301397720305, -2.9247586300418673, -7.589185000649333}. 
228. Score 18669.87; {12.008133867576229, -8.793204603134415, -0.6250010493745576, -1.7592017378756977, -1.1288974916737722, -10.61779665561779, -5.658283647266322, -7.742868729887366, -7.62032864206432, -6.8067320058357685, -54.8575082683496, -5.083680894098752, -3.921927442277276, -2.943787955676928, -7.646641915267911}. 
229. Score 20268.09; {11.268150323533678, -8.24647518935786, -0.9017894391247814, -1.7087288779665957, -0.547124470827157, -10.499744577239447, -5.790591202119269, -7.683257752900752, -6.6259239675697374, -6.8830306720740255, -54.769539258438705, -5.9736713721192185, -3.3226674482070577, -2.183533585447729, -7.849197776152015}. 
230. Score 21255.01; {11.268150323533678, -8.24647518935786, -0.9017894391247814, -1.7087288779665957, -0.547124470827157, -10.499744577239447, -5.790591202119269, -7.683257752900752, -6.6259239675697374, -6.8830306720740255, -54.769539258438705, -5.9736713721192185, -3.3226674482070577, -2.183533585447729, -7.849197776152015}. 
231. Score 20745.66; {11.101846004654472, -8.513731132210246, -1.0859149176190337, -2.026455441299813, -0.8902776729008874, -10.972761849780678, -5.893064336161311, -7.869115618986731, -6.591422590212432, -7.085149874270491, -55.335599201055786, -5.81911378472265, -4.101671877961647, -2.404878711399134, -7.928220506675928}. 
232. Score 18635.49; {11.47448740652149, -8.362365168481329, -0.9096697267457723, -2.7399017353676136, -1.3104454055438892, -11.656948252253436, -5.6533995564191875, -8.006730490499606, -6.207418282842476, -7.542972891808002, -55.41102282839281, -5.7492521905143565, -3.586351173771177, -2.603517039930762, -8.422489227060682}. 
233. Score 19499.55; {11.289847184684191, -8.136231093148671, -1.4930885226114996, -1.697577174999085, -0.39745718085390946, -10.278023553455876, -5.660388706959495, -7.5620953107041124, -6.8470780704712135, -6.950340572986242, -55.28843718951494, -6.033634095674971, -3.5194186882949814, -2.275538956868869, -7.6628493573004555}. 
234. Score 19811.31; {10.860901820983901, -8.348901115152081, -1.0671135242023613, -1.6045583908413636, -0.8814809687584424, -10.250427942516875, -5.508321161680284, -7.090284222215721, -7.023511900046443, -6.761703170811405, -55.130376650168536, -6.421994091415647, -3.000910028406846, -1.737120397134824, -7.978390969916573}. 
235. Score 19626.5; {10.815107631479636, -8.25041698652729, -0.5963170376216378, -2.048355272404028, -1.4962696846433114, -10.617040090482686, -5.751816091717891, -7.051196725603213, -6.517486688107201, -7.908411052167079, -54.8343909635926, -6.465736649048518, -2.943535720456085, -2.180109621910826, -7.712219603592473}. 
236. Score 19609.73; {11.04093978319732, -7.95195629290562, -0.8930566162476823, -1.5474257454790736, -0.8130891266339073, -10.373944503259402, -5.614602064165122, -6.914438188321077, -6.97957746579066, -6.80104917755238, -54.96026839226799, -6.127855301377005, -3.0354615927114255, -2.333996670275703, -7.569579105285923}. 
237. Score 21416.63; {10.890714806519966, -8.450791780921454, -0.46951440226216634, -1.9265883608838912, -0.9780216504775909, -10.663504128510983, -5.904859617582218, -7.56556237932986, -6.613264627178694, -7.060749559566406, -54.87048116274567, -6.454980639014238, -3.1667271463490225, -1.6964990916360094, -7.716615289109439}. 
238. Score 19644.75; {10.564907397403491, -7.879603471245495, -0.8829322591292611, -1.9093621709879427, -1.2223452323278214, -10.7424038097994, -5.489004508690978, -7.415081980500813, -6.727786777881161, -7.0990161081891054, -54.85206583070597, -6.134302144245692, -2.9711818556896867, -2.101487178544154, -8.117666014784593}. 
239. Score 20343.53; {11.162027232477424, -7.777588850033089, -0.5418429104166983, -2.514370559103283, -0.2423185821166175, -10.717540111342675, -5.241668797122634, -7.463217364451578, -6.428520499991776, -7.14436764588947, -54.584046451446305, -5.787888341117159, -3.7232884405448665, -2.66491307261843, -8.195879043990509}. 
240. Score 20204.33; {11.14363124353221, -8.319002770053267, -0.5502049309880788, -1.7386067662772005, -0.4426110193794706, -10.14756529186897, -5.742851888736527, -6.817754208147849, -6.852574082115835, -7.102583630102156, -54.168807848781256, -5.631755707263729, -3.2876973902879802, -2.819093270364686, -7.5810903707031425}. 
241. Score 20130.37; {11.18699657016194, -8.367958390834856, -0.33400634205919816, -2.0860416948989156, -0.5770839945409728, -9.41411491392388, -5.519631769799013, -6.57033587009624, -6.4839315273795375, -6.9808856991203045, -54.23522250180123, -5.519164092863775, -2.781110195806814, -2.9036705166350263, -7.637536625310099}. 
242. Score 19227.19; {10.670977375143494, -8.216579294618944, -0.42277870909655346, -2.180016689588376, -0.8253456858921422, -9.898004386126223, -5.203476682912968, -6.660229591164338, -6.596073723634641, -7.016995563238815, -54.539877445580544, -6.068881912472282, -3.204129901705327, -2.7016457754004195, -7.7293341831522}. 
243. Score 19717.73; {10.979341536779135, -7.652755269988391, -0.6346179316538914, -1.4738946975912983, -1.4131432562880382, -10.769932802364396, -5.986451729861176, -6.974853490753921, -6.857619549110165, -7.625623737464855, -54.50304544721979, -5.524098620071874, -3.426887627415011, -1.6851670168771093, -7.212836488446028}. 
244. Score 21078.51; {10.65814956959819, -7.900064619391065, -0.2518446275949915, -1.5483930655139162, -1.1467814673527812, -10.567084809134347, -5.462530742364767, -7.3453330182067065, -7.253237169842099, -7.2344362273483, -54.792899662926246, -6.251326585440293, -3.6829426691879132, -1.781935809219383, -7.544520709385601}. 
245. Score 21748.67; {10.969234401249652, -8.35492924042602, -0.3662590679712079, -1.9746664149667246, -0.8428800728877153, -10.91722859675597, -6.149702300263129, -7.035832221661573, -6.702076032347198, -7.348352931561258, -55.19692955817137, -5.392161421413324, -3.383381546032832, -1.901738461221344, -8.278170496441627}. 
246. Score 20268.11; {11.298735049900337, -8.117765995610368, -0.629221508375192, -2.3804418636540636, -1.191214797808692, -11.444248979443467, -6.466802848091722, -7.393083133791972, -6.87928483986247, -7.036736619236722, -54.311181866502366, -5.672458563643855, -3.3728950010460634, -1.5871545153346687, -8.417065651732857}. 
247. Score 19755.97; {11.042249512921824, -7.832782403914095, -0.480195524891876, -1.9118776520293348, -0.8028028912646719, -10.820297621633753, -5.974315629150417, -7.314858912722965, -6.749151815072258, -7.123015657077402, -54.804602169213474, -5.308103928850164, -3.5843010381284217, -1.4187532523820365, -8.045787884706419}. 
248. Score 20522.62; {11.360396380618607, -7.360438801903486, -0.4262073226311428, -1.443405600300223, -0.7274575831883259, -10.79335537577998, -5.948223766371752, -7.267496809775544, -6.378042871113106, -6.97080146776518, -54.86318834076499, -5.666064830068083, -3.9104035786482645, -1.6999625008610386, -8.268682467568622}. 
249. Score 20982.06; {11.219729493670876, -7.707706228347414, -0.7672205820283822, -1.452676273039308, -0.8031206601806906, -10.079478821000489, -5.607823560372109, -7.445554910525673, -6.36123073308457, -7.002320128934824, -53.67853996098485, -5.365749140673636, -3.285086157080439, -2.046319964709225, -7.528852370133761}. 
250. Score 21148.11; {10.643376993666381, -8.077316281595449, -0.3465990149630791, -1.6049940814372694, -1.202991853404848, -10.607786392861057, -6.075740140770662, -7.441390543179739, -6.430124681337849, -6.360217931491765, -55.125912109408574, -5.649258897112773, -3.5849058148389634, -1.7584631910705628, -7.9413990698269545}. 
Average performance now of best params: 390998.23
251. Score 19862.58; {10.489733014783816, -8.12163522691479, -1.2056869314953182, -1.7293390629227923, -1.3218649219440917, -10.478183826691517, -5.734098548325846, -7.419958676847479, -6.95342263711539, -7.269096102870962, -55.007001572075474, -5.754386438281812, -3.361920464069613, -2.088402918652182, -7.332004034488935}. 
252. Score 20197.38; {11.21454438238605, -8.479604693765664, -0.077643052014987, -2.2802936253932624, -1.045056062472924, -10.987481194424051, -5.963105939201365, -7.301285093462143, -6.797323979161373, -7.200059911249166, -53.98792665259958, -5.428783636249788, -3.34290955616156, -1.9075791917509641, -7.631864520293104}. 
253. Score 19943.7; {10.930424843792139, -8.039220588292435, -0.5358215563126603, -1.9232366124473184, -1.0628394617595371, -10.504983333887962, -5.3543871581741795, -7.351801829892905, -7.2445028972557, -7.779192149181826, -54.40882219715098, -5.87758130844725, -3.6098266466712183, -2.2499248583486766, -7.469566265931076}. 
254. Score 20122.99; {10.712591470164305, -7.782280339291499, -0.5548404389310135, -1.1888556731778686, -1.3436409638875606, -11.241718354822607, -6.274327882765519, -7.397582089453023, -7.117623622774851, -6.984882177918404, -54.560712235865914, -6.210380915266497, -3.8381234189606985, -1.4908282117149074, -7.660962297035994}. 
255. Score 19888.37; {10.824798269308118, -7.6566029236476405, -0.6190230751583494, -1.9196361058301719, -1.5048697910945363, -10.813244335634634, -5.961318646876726, -7.800892109418822, -7.23425484398132, -7.6539428389965405, -55.401542754756946, -5.601494321125495, -3.4545304982592864, -1.6075000908173949, -7.733663216323313}. 
