
nSamples 100, nElitists 10, initialNoise 7.0, noiseStep -0.1: 
4.16; [16.327078028854636, -3.8243711165564753, 10.890911065835096, -3.18966635802497, -12.738114988665892, -9.508387510035512, -3.775905271388484, -0.522001172133165, 10.476120726533939, 1.8396598594308884, -27.55856330487574, 3.0651613870005194, 1.8482571852501937, 0.10485103611983791, -8.20530274448167]. 
60.06; [1.567522837237269, -0.9187068689714771, -3.5415227783373613, -4.638033894960944, 0.24183118761728162, 9.773666523353452, -3.562062263871157, 2.463181316178359, -4.638049587986895, -0.8716347428592148, -5.793392864989145, -9.158811036176157, -3.9785527229083337, -13.081281692788611, -8.169890926240768]. 
378.72; [-1.724263812696815, -3.13278795889651, -1.63081838041039, -1.2734045402379093, -0.9735374762923672, -3.0982025505699227, -1.8212511173313262, -3.923836120468726, -0.41973984990813196, 0.9511257375698339, -19.67138805774598, -4.351683571566258, -4.843130409476189, -2.5155569812109775, -9.527003848212692]. 
359.12; [4.627127563600365, -3.1916571396811935, -6.817761375911049, -3.5879768989552234, -4.487443533586401, 5.5886754404263215, 1.0536448736117054, 0.5529681273878309, -2.9919945365660174, -2.5846765451095823, -16.520055732289304, -5.499607381243302, -10.130823280480616, -9.754465975901937, -1.3982242022196258]. 
794.68; [2.7483985983704855, -0.9655244970825132, -4.304974207263739, 4.568042146626934, -2.4999523537540727, 0.44222911008340526, 2.056289739548288, 1.6226960960638905, -4.706507751350427, -5.8565433210222935, -21.928136024902685, -4.662674316297317, -8.642982406672186, -8.896706906343141, -6.659928130678518]. 
1105.49; [2.7483985983704855, -0.9655244970825132, -4.304974207263739, 4.568042146626934, -2.4999523537540727, 0.44222911008340526, 2.056289739548288, 1.6226960960638905, -4.706507751350427, -5.8565433210222935, -21.928136024902685, -4.662674316297317, -8.642982406672186, -8.896706906343141, -6.659928130678518]. 
923.93; [5.524100108256215, -0.9985889458200714, -4.147518115461247, -2.738179141833109, -0.09336829450595951, 5.112190842638622, 4.146117006955069, 1.2997563858811723, 3.80813993350178, 7.1358879685615735, -23.075057310407423, -3.5292038325485344, -3.6800050583612727, -11.49569621595008, -2.985630654060806]. 
1535.86; [8.758356765261983, -2.180761138526136, -5.031314144790962, 0.15746844108907476, 1.040636670088621, 3.01739628511781, -2.8924131441849585, -2.2792652501136383, 1.721146969925445, 3.8587247435280547, -19.125307473102954, -10.44438098516442, -16.2849084797521, -11.41136530057196, -5.6535079212083215]. 
2358.34; [7.173268195301192, -7.253778403353126, -1.2534594803547794, -0.8191346369976227, -1.977546392013161, -0.0510579713695698, -0.7684386083858694, -1.9614966409469812, -4.417353318988281, -0.09468481392260009, -21.24261974938006, -8.830880474317674, -16.186999399075773, -12.6089976373536, -4.385771820988128]. 
2417.67; [7.173268195301192, -7.253778403353126, -1.2534594803547794, -0.8191346369976227, -1.977546392013161, -0.0510579713695698, -0.7684386083858694, -1.9614966409469812, -4.417353318988281, -0.09468481392260009, -21.24261974938006, -8.830880474317674, -16.186999399075773, -12.6089976373536, -4.385771820988128]. 
2787.95; [10.050690827760947, -5.12755872502215, -3.32115663597395, 1.4629359414882155, -4.062621190458955, 1.95470343091754, 1.1766940554016752, 0.9354747472191534, -2.329556473246612, 1.8645645693699053, -29.947639050620367, -6.2068164142383395, -12.301654281831379, -17.462212436460966, -1.741593103555128]. 
2432.57; [10.050690827760947, -5.12755872502215, -3.32115663597395, 1.4629359414882155, -4.062621190458955, 1.95470343091754, 1.1766940554016752, 0.9354747472191534, -2.329556473246612, 1.8645645693699053, -29.947639050620367, -6.2068164142383395, -12.301654281831379, -17.462212436460966, -1.741593103555128]. 
4709.06; [7.663826991920708, -7.571610067512332, -2.748745708734311, -0.22440510085043258, -4.643825152011983, 0.32609183933192676, 2.1551522357220554, 2.584829547103557, -1.3951978790902522, -0.598274690008032, -30.50294587342932, -7.302559310093013, -15.115646343568791, -14.548863164829354, -6.895823808997957]. 
5346.21; [7.663826991920708, -7.571610067512332, -2.748745708734311, -0.22440510085043258, -4.643825152011983, 0.32609183933192676, 2.1551522357220554, 2.584829547103557, -1.3951978790902522, -0.598274690008032, -30.50294587342932, -7.302559310093013, -15.115646343568791, -14.548863164829354, -6.895823808997957]. 
4917.22; [12.149761709929017, -9.054284398558758, -4.483681259059964, 0.3072532073666794, -1.0603896873099066, 3.1792582684919517, 4.017914500945047, 1.9274473311485965, 1.5273069282209022, 1.1740726411400486, -32.20192248633742, -8.885102959448432, -12.96788841094046, -17.727117537875614, -9.746895395092913]. 
5483.33; [9.940586997768891, -9.478824538218221, 1.3619917476832448, -2.130248096279605, -4.076924045324549, -6.429704603921782, 1.0267092208579756, -0.4816394553029797, -0.44170038921561994, 1.920742119547731, -28.53418292283392, -9.472936202750061, -14.673350969367961, -8.581543771234013, -6.305675978891317]. 
5100.35; [14.615882531572968, -10.473369274684176, -4.7662864348213585, -2.4254365298151646, 1.2071078586874169, -1.330216900642133, 1.4530448363025867, 0.14005379325355916, -0.16826786247220782, 0.5409149551680587, -31.68000869161115, -6.833579219956366, -15.399005665518262, -14.05867605127652, -7.768158782894943]. 
4823.11; [12.218917235185978, -8.471016097051146, -6.934017282389638, -1.4764808347968215, -2.1698972674033286, 4.095210185436696, 2.7427763836693333, 2.7114111013319016, 4.325322273005057, 2.94640331052791, -37.49423310636329, -9.645254993475579, -13.634355536599742, -18.47968877086499, -9.975802670811193]. 
5396.76; [12.387963284605908, -8.194833784408168, -3.193513498105047, -0.023917990116847143, -2.2368624908842456, 5.641790876972167, 7.034485242472476, 3.615176588231602, 4.995529412048166, 3.7669081956947394, -38.01200253724456, -5.414519231163823, -9.139063830927242, -21.112871502516676, -6.275806376974181]. 
6575.9; [14.833952877376545, -11.75463979985199, -5.549139000527173, 1.933417427305723, -2.4901226434228994, -4.298111697153606, 1.3914050875739359, -1.2134343549717295, 3.5419232114564485, -1.1433874790160294, -36.507833678743566, -11.250138847760283, -18.41050104052696, -16.73591951223881, -6.93764047955654]. 
6370.93; [9.93174531920079, -7.113093000206167, -2.381319549324345, -1.485400215758741, -1.841295924292149, -0.7044440765391162, 3.737263879885692, -1.2032964333154283, 3.3615843239174104, 4.303661874655804, -41.48542686741854, -8.244094319891214, -11.128627900129374, -14.609243214088156, -8.424482314706639]. 
6927.07; [12.855390514709356, -12.88825253445305, 0.7917465508746111, -2.2255480210718037, -2.4987425582506795, 2.2412520759332804, 6.150602115506733, 3.541650259594525, 6.536713796435764, 2.3103787505611395, -41.80949871320965, -7.551556891278562, -15.8136483732579, -19.012775766116448, -8.252073992009501]. 
7325.23; [9.93174531920079, -7.113093000206167, -2.381319549324345, -1.485400215758741, -1.841295924292149, -0.7044440765391162, 3.737263879885692, -1.2032964333154283, 3.3615843239174104, 4.303661874655804, -41.48542686741854, -8.244094319891214, -11.128627900129374, -14.609243214088156, -8.424482314706639]. 
7004.71; [14.441147119228363, -9.041907791745595, 0.37011407237109006, -2.056287004756548, -0.9938110755538854, -3.365283679753982, 4.492769286159924, -0.191009685911117, 2.8907583266938195, 1.56880145006902, -39.56607163723898, -12.386281230020419, -13.55637180188534, -16.335190498232112, -11.09034418762763]. 
6774.47; [14.455599623695358, -11.296904603692543, -0.4321589500561276, -0.7677796010677445, -1.700375666405527, -2.4411434093822515, 4.410731109972847, 2.0405103594530978, 5.397272608806311, 0.981902845057947, -36.187983760127125, -11.239671037046538, -15.15061109732439, -16.261903946418396, -9.896323520758685]. 
7337.17; [12.520261597891643, -11.610732690274475, -2.811252801034693, -4.928666203249264, -0.05036588644480133, -0.7484173629183928, 3.839216834972944, 0.7372358957150815, 1.5863294294662662, 1.5386758971913728, -38.814588360916396, -9.40051830732129, -15.46014057407758, -15.543581465637061, -10.329560972733503]. 
7416.39; [15.208404467330316, -10.780867616928955, -2.3023600541369675, 0.16380502742552272, -3.8188298556700597, 0.6346800615705772, 0.36038897928523195, -0.26356630613313126, 3.1036526925650483, 1.6981702882061738, -43.6898725799484, -14.27275512546905, -19.157412399144228, -15.550961908549594, -10.694825494395097]. 
7137.38; [14.455599623695358, -11.296904603692543, -0.4321589500561276, -0.7677796010677445, -1.700375666405527, -2.4411434093822515, 4.410731109972847, 2.0405103594530978, 5.397272608806311, 0.981902845057947, -36.187983760127125, -11.239671037046538, -15.15061109732439, -16.261903946418396, -9.896323520758685]. 
8637.36; [14.405788560289485, -8.885878592694532, -0.2849747454512457, -2.201876777409679, 0.8035208825677592, -2.101519450057686, 5.3053297290758765, 0.3925449990160288, -0.02876755779608997, -0.19485378052121208, -41.417237657464355, -12.887624800117365, -13.186395761361828, -14.81477870225963, -8.815695926213545]. 
9107.06; [12.520261597891643, -11.610732690274475, -2.811252801034693, -4.928666203249264, -0.05036588644480133, -0.7484173629183928, 3.839216834972944, 0.7372358957150815, 1.5863294294662662, 1.5386758971913728, -38.814588360916396, -9.40051830732129, -15.46014057407758, -15.543581465637061, -10.329560972733503]. 
8562.5; [11.690363953084859, -10.174738520242181, -1.0291511963032667, -2.995520768474105, -0.7090722360577464, -3.3442030371818072, 4.1614502101734185, -0.5222737195219123, 2.288302955043947, 2.2044945290616997, -45.29731200945572, -14.062406707848005, -11.90904741069122, -13.49003246722046, -9.667576860784965]. 
9078.6; [14.405788560289485, -8.885878592694532, -0.2849747454512457, -2.201876777409679, 0.8035208825677592, -2.101519450057686, 5.3053297290758765, 0.3925449990160288, -0.02876755779608997, -0.19485378052121208, -41.417237657464355, -12.887624800117365, -13.186395761361828, -14.81477870225963, -8.815695926213545]. 
8689.3; [11.690363953084859, -10.174738520242181, -1.0291511963032667, -2.995520768474105, -0.7090722360577464, -3.3442030371818072, 4.1614502101734185, -0.5222737195219123, 2.288302955043947, 2.2044945290616997, -45.29731200945572, -14.062406707848005, -11.90904741069122, -13.49003246722046, -9.667576860784965]. 
8044.58; [12.264584837503046, -11.747524279533573, 2.51756142960836, -2.7530471044393554, -4.56211543772926, -0.3961196365686255, 2.4872918719123254, -0.5461176720389391, 0.842849133234329, 3.015687913540499, -50.74726697047864, -12.474351544678125, -11.006287781891213, -14.592399739604879, -12.284754569491087]. 
8308.96; [11.690363953084859, -10.174738520242181, -1.0291511963032667, -2.995520768474105, -0.7090722360577464, -3.3442030371818072, 4.1614502101734185, -0.5222737195219123, 2.288302955043947, 2.2044945290616997, -45.29731200945572, -14.062406707848005, -11.90904741069122, -13.49003246722046, -9.667576860784965]. 
9969.07; [14.508695047030084, -11.869500794417558, -0.5195611560404535, -1.1851140899809787, -1.8426664942105448, -1.939403444524541, 4.554612234723439, 3.0557223270808844, 1.4892451911853024, 1.3559045522249698, -49.68492566296221, -14.867494924481218, -12.864228268630011, -16.712917586306997, -10.264307471440432]. 
9280.42; [16.730824010184044, -10.741056070632814, 1.6307610803633799, -1.2561074422447602, -0.05364382483434349, -2.1164551571860537, 3.7864332144955015, 0.0474228013253013, 1.110638114608801, 1.0075176683410616, -48.63648771214373, -14.537029540207241, -12.25638578059533, -15.097644993809414, -12.620663511056195]. 
10491.15; [12.288140521852373, -7.130869299188921, 0.14998172892409797, -1.4788833617798625, -0.5578319162083478, -3.3812209367034955, 3.6606315617615315, 1.2924641705207043, 1.0815517347344386, 2.6065965043711117, -50.52457390047719, -11.621058723401767, -9.224378006901318, -14.362064762999426, -13.378556540194465]. 
10218.47; [13.618529355804476, -12.394902633293418, 0.19260732895268126, -2.9505234656524655, -1.611683348708332, -1.9375748767128427, 1.9746475000945014, -1.95551944741356, 1.6204792292139152, -0.04071316454570084, -51.13342985636405, -13.336425675289094, -11.520007071292289, -13.65642417763431, -10.419936984827968]. 
9490.46; [16.730824010184044, -10.741056070632814, 1.6307610803633799, -1.2561074422447602, -0.05364382483434349, -2.1164551571860537, 3.7864332144955015, 0.0474228013253013, 1.110638114608801, 1.0075176683410616, -48.63648771214373, -14.537029540207241, -12.25638578059533, -15.097644993809414, -12.620663511056195]. 
9501.33; [15.96375356914108, -9.43430552974975, -2.1516521931237733, -2.7867099102069064, 0.24059553293435687, -0.9090609314617824, 4.283949053054149, -2.428734473918192, 1.9887476539359628, 0.017672725727839983, -52.56678305222469, -14.16973771497432, -13.213139545102328, -15.351618196441411, -10.735096186318657]. 
10515.41; [14.080788277595845, -10.830940383037106, -1.0686808698874932, -2.169698566683458, 0.1799886741155058, -4.60279590253799, 2.884149015641237, -0.3144881805661577, -0.5236900205585404, 3.692970696623883, -50.318897368004755, -11.54907698761375, -10.21725428180285, -14.035299706414957, -11.350021384748997]. 
10695.66; [14.648082490775717, -10.424822316227488, -0.06894813900602359, -2.4485511582759996, -0.6080664092608731, -2.857412540081796, 4.208443099713849, 0.3923256948412108, 0.3688275701748118, 0.38428789189193635, -52.19348391686689, -11.723724007728404, -11.33741141331141, -15.21688495567503, -10.091104003360673]. 
9814.55; [15.601954534724939, -10.777279471501203, 1.5738374082846034, -5.233414948922952, -0.12233301442592781, -1.9553425841464804, 3.068741751530249, 1.0165953040997693, 3.933357790511203, 3.590445911639974, -53.12690891399412, -13.431698419842467, -12.083366545567753, -16.705830369930453, -12.493939925510679]. 
9859.52; [14.006465851575339, -10.722844413196944, 2.291460616050233, -3.7946208087933373, -1.0750449613504083, -3.779877314611463, 4.85828864312985, 0.6959672470143152, 0.3625441472286406, 1.6984715783667692, -53.99557222483509, -10.576235274326507, -9.614891352618164, -17.160060648888802, -9.075946675240619]. 
11433.42; [14.006465851575339, -10.722844413196944, 2.291460616050233, -3.7946208087933373, -1.0750449613504083, -3.779877314611463, 4.85828864312985, 0.6959672470143152, 0.3625441472286406, 1.6984715783667692, -53.99557222483509, -10.576235274326507, -9.614891352618164, -17.160060648888802, -9.075946675240619]. 
10347.69; [14.52519040125304, -9.803991603191053, 1.4063233069629677, -3.0879638508547007, -1.3942059234648752, -5.452589033034636, 5.692027590796485, -0.39246703171092295, 0.5175647299983304, -2.3154952231106165, -55.29170740480496, -13.518690239546121, -12.630842711626752, -17.11397014623157, -9.4274770819513]. 
10383.8; [15.013706581122761, -12.10805943811536, -0.26828529781057614, -3.4125325292970805, -1.214871882109519, -2.3817179940901405, 2.2476020091507163, -1.5949771228420062, 0.062314776179296816, 0.1023823313061456, -53.3188643930077, -14.667427048979178, -14.042410175783377, -15.661429231458593, -11.568514520414626]. 
10428.35; [13.021100581026353, -10.811886830821964, 0.6879335933371142, -3.8631093312934164, -2.406565280746202, -5.026138727200348, 4.802828794464128, -0.36503427354225837, 2.1940634072774943, -0.8197459678770422, -53.196926895408794, -10.953204774216976, -12.603321976962679, -14.193388454892933, -10.309134843064886]. 
9555.58; [14.52519040125304, -9.803991603191053, 1.4063233069629677, -3.0879638508547007, -1.3942059234648752, -5.452589033034636, 5.692027590796485, -0.39246703171092295, 0.5175647299983304, -2.3154952231106165, -55.29170740480496, -13.518690239546121, -12.630842711626752, -17.11397014623157, -9.4274770819513]. 
10492.29; [16.5810242757291, -12.421024934931419, 0.6537145811489207, -3.70130163339529, -0.5443619057626768, -4.726996121729077, 0.7320770843594984, -2.4200620871180663, 0.11909186035680874, 2.324274574243372, -51.2873179208791, -10.382392734539525, -12.080299345258558, -15.078869584992946, -9.258684970445556]. 
11917.35; [13.58988566292439, -11.064254708991943, 1.3851083240533584, -4.564611968209499, -0.44112197487787996, -4.29658631587826, 2.3496131209635545, -0.8688540370476766, -0.32777420865299756, 1.5020849598787505, -55.240163595621375, -10.859089262032455, -8.29649017965194, -12.295859462193881, -9.13890083044253]. 
10487.37; [13.58988566292439, -11.064254708991943, 1.3851083240533584, -4.564611968209499, -0.44112197487787996, -4.29658631587826, 2.3496131209635545, -0.8688540370476766, -0.32777420865299756, 1.5020849598787505, -55.240163595621375, -10.859089262032455, -8.29649017965194, -12.295859462193881, -9.13890083044253]. 
10802.41; [13.190135733153225, -10.420143235671011, -0.7112743713973351, -3.84564391509508, -1.7633952226163885, -2.412939039891588, 2.074099425704429, -1.4986816034294688, 0.06448260236450887, -0.9610240547338527, -56.750401498854494, -7.642331779660354, -9.576146559474601, -16.8047323497299, -9.904881799553527]. 
11165.71; [15.840279055525915, -11.066689673851323, -0.3416292570088999, -2.854774321728488, -1.125332271452813, -2.7681000054321103, 5.604951037804185, -1.1504922206557846, 3.8451212598216364, 1.8121185121682517, -54.04397235600202, -13.137808522560949, -11.549084906429101, -17.877407087019368, -11.60245080225566]. 
12035.56; [14.024533899306885, -10.170148915867149, 0.8823349740799455, -2.9662050056954667, -0.5928012456127649, -3.6140379235821545, 1.065714015707771, 0.16787575571056612, -1.799339092194195, 0.9294095755511621, -55.370804554998614, -9.340425709575014, -8.202043872420473, -14.251359954274694, -11.184055944660637]. 
11504.24; [12.952377985866812, -11.017001988657368, 1.4937551842948469, -3.5031138791585015, -1.7736532945659187, -3.730398647574354, 3.464776531517542, 0.7378501263486814, -0.016236861637557165, -0.436402415768528, -54.69134685019601, -9.303920432093593, -6.468095146930956, -13.452070949992816, -11.601834691534043]. 
10910.93; [14.435650334912541, -10.355245059535878, 1.2004496598428736, -3.312986669262174, -0.567325371745397, -3.9299764024978305, 3.2078479977524683, -2.7107637263413613, 0.6646160854275431, 1.0199855262930724, -56.34518085167747, -9.650751272324618, -6.056313105499279, -13.079810454403434, -8.629754763522055]. 
12729.84; [14.435650334912541, -10.355245059535878, 1.2004496598428736, -3.312986669262174, -0.567325371745397, -3.9299764024978305, 3.2078479977524683, -2.7107637263413613, 0.6646160854275431, 1.0199855262930724, -56.34518085167747, -9.650751272324618, -6.056313105499279, -13.079810454403434, -8.629754763522055]. 
11962.25; [14.496655588342602, -9.797756581432179, 1.979902519069995, -3.0508402526849174, -2.1257642601339204, -4.012760880006789, 2.0370364008215813, -0.4669735648940269, -1.7985314824077543, -0.5962622703806507, -57.131053663678564, -8.72413644633939, -8.856367399608004, -13.976630516066598, -10.697290307570654]. 
12971.67; [13.382354020309222, -10.156498819544383, 0.22826204738042344, -1.9998923707784293, -0.371875054028449, -2.901569379837484, 0.4959624046819482, -1.6803007999925352, -0.9901577910070606, -2.624968343659697, -57.54337455752491, -5.661023792063778, -5.4995606025474295, -12.801559357491715, -12.186284747392566]. 
14069.69; [15.170147826291306, -10.281240695902953, 0.19414650585015455, -2.5722564242278, -1.57550443976394, -5.263725478710535, 2.7368247588241994, -0.4115178767931421, 0.8144564854865788, -0.39049054936490046, -57.8071930571732, -8.544612055556122, -9.030622352860366, -15.026480961236329, -9.654945246430785]. 
13973.5; [16.375596667266706, -11.694584354877671, 0.43703469626728, -2.4930554256427255, -0.8744154096820531, -4.392853744846302, 2.467758262339693, -1.6581514955858183, 1.3511437416275, -0.04610953575543897, -61.33227525105162, -8.961720621036466, -8.4892340864476, -15.604700825424121, -9.901674704069707]. 
13168.97; [11.12233380158751, -9.423108230451746, -0.5581327737382051, -2.066827262077321, -1.7614289208053973, -5.188672801534953, 0.935947154178252, -0.6214459875940845, -0.6964603653779416, -1.408102560936289, -56.14371150119873, -7.0172527940349445, -8.260647756218875, -10.425089860870257, -9.697587747476595]. 
16461.81; [14.197641671881868, -12.31859208406497, 0.9324656575629846, -2.672136363130174, -2.0167311858664565, -4.721686036700514, 0.3307378781002923, -1.7226267834460072, 0.4502074785928162, -1.0483286579492284, -56.57939146235871, -6.452360598617108, -7.000145731775473, -12.215627114793719, -9.804359698316663]. 
13643.6; [13.253379211471147, -10.71269295549651, -0.8406436820707911, -1.2884520151657917, -2.402720627608043, -5.518943228744968, 0.21740984151044573, -0.43981662519593867, 0.382148270054017, -1.3138903821443346, -60.601703238177095, -5.789110860999667, -5.5371361777039665, -11.986102996555019, -10.479240459641899]. 
14784.53; [14.101995020194797, -13.10867056446118, 0.2881671778343875, -3.393186511772864, -1.211988997518771, -5.005186482621463, 1.034845248844088, -1.4029732960723793, -1.5841724239755328, -1.6918247646604156, -59.17614932456834, -5.56509685308677, -5.273816158749187, -11.986383916834637, -10.320025662175519]. 
14589.44; [13.412502706104883, -12.013116398964582, -1.1824756815071271, -2.918905898068843, -0.9807483447355099, -5.91660013116283, 2.003438621852298, -1.1286486331444752, -0.7363320889077747, -0.4294063320726619, -60.05819925460893, -7.0135152863546235, -4.664179340568364, -11.941111476508206, -11.874678833132885]. 
14700.69; [13.25694326958674, -10.852767648994455, -0.12833057351804855, -2.3927705313276197, -0.41389439588859334, -5.143460792477613, 1.2873672055230732, -1.0706717235553567, 0.08792591514051684, -0.6776704372910449, -56.78532876728443, -6.275194117457819, -4.922752115998285, -12.110365227774448, -10.935534178944064]. 
15212.95; [12.447273028190422, -11.414282631365047, -0.5752066527204351, -2.424686553906632, -1.0412976735078872, -5.887279076807318, 0.02906978671326177, -0.419122980160149, -1.2859443526240124, -1.0042448268974777, -59.282330875675605, -6.158288654662585, -5.010865155009217, -12.097000850016812, -11.533082542849753]. 
16516.2; [12.87088875300893, -11.268938346037348, -0.6374124002910906, -2.4698508511000408, -1.347541319148797, -5.098828103241143, 0.6678975516619491, -0.7925950634188892, -0.6165732562225904, -0.9635955860362047, -58.88314813887688, -6.592433553056328, -5.093593672554118, -11.777184258433804, -11.582138887031872]. 
15471.37; [13.144854997799953, -11.736930066409624, -0.8391147576897467, -2.671839787704329, -1.329235700006434, -5.271946346381419, 1.0646784538009901, -0.11407533371743017, -0.6915530666332139, -0.7955108125740248, -59.32236703844257, -6.04804143468231, -5.654406735691991, -12.660488707167126, -12.041666214579825]. 
17331.41; [12.705785892607283, -10.831031115849736, -1.4112305558227156, -1.6075673124810854, -1.9430472132962857, -5.436685119260103, 0.4339547936880459, -0.3442365746040053, 0.04830266295032781, -0.5646481419105671, -57.93126074731852, -6.751162106922685, -4.82347571187042, -11.37142637756838, -10.793977732986471]. 
15485.69; [13.485695613336913, -12.09725238069866, -0.4994485447530884, -2.6583442479434325, -1.002192082848575, -5.404484754581369, 1.1664287212152706, -0.6969083971553787, -0.04283831807390079, -1.1453712986721483, -58.23031620518531, -6.381408963805344, -5.478786324440181, -12.67170364629598, -11.711916274196511]. 
16169.78; [12.139675630401472, -10.023269348597971, -0.7498838680461128, -2.0667111043424846, -1.6745360215303524, -5.399977178035009, 0.8497348054969462, -0.5844848763515209, -0.5398237657383134, -0.8824955951260551, -58.4538656458065, -6.8855912239855925, -4.628289220423207, -11.458245995437416, -11.229041704523388]. 
