
nSamples 100, nElitists 10, initialNoise 18.0, noiseStep -0.1, holes: 
28.8; [-1.327229355244305, -3.201686424886896, 4.548766372778236, -22.64945415634791, 11.116127501437226, 2.362015686294226, -24.18510661211766, -0.34170817090834826, -6.948183956962531, -6.481716965993487, -9.977035195836951, -14.676357804970447, -8.823588663063056, -8.82982058266442, -9.622295189346978, -1.6517133359257328]. 
116.14; [-6.324413518179511, -11.902585774441423, -3.5536521383684425, -14.026304447429025, 1.983338123438644, 9.535362572065477, 9.066255176518133, -6.694400831541539, 1.5486170639782024, 4.955853264582641, -18.22718847497782, 3.7945387265047072, 1.410939878823398, -16.69095161537976, -13.665878752741117, -6.921930641199604]. 
508.13; [4.559032793040526, -11.479338223356331, -3.616231863322376, -5.0785975165982, -0.5451672406073707, 8.425121762910848, 8.566237870905649, 4.33633296690908, -2.707125830377158, 0.7110982885309727, -16.046243951175203, -2.702284653500616, -11.691352556778838, -25.428161273154046, -20.859451729515186, -13.415413417131683]. 
592.5; [4.155978871402531, -15.13290578682777, 0.959403499531398, -11.204708637098497, -6.34919359980155, 1.1702935785542348, -0.5621377036115733, -0.7829570348701018, 0.6152349069656653, 1.1850140983873545, -25.078007421763882, -9.46673419309679, -4.613863292981884, -15.185428595239667, -4.482366951850449, -10.897110887330054]. 
2763.5; [8.37480801262847, -8.362917414612367, -8.165243154590538, -4.2799012966636765, -4.94532845051803, 3.240274234293535, -0.7496853468141946, 0.35926123045890845, 5.358415326229055, -0.6214765662239713, -23.122390734275648, -9.245885711080168, -13.584028626285555, -13.815425645812688, -18.97993126544377, -4.6733900952983]. 
28719.91; [11.609368900843148, -7.006983338506891, -7.596706873600446, 3.9258429734308544, -3.1036667180410316, 2.8882797084064076, 3.286835580336235, -1.722618603745981, 5.433054880738979, -0.2782662594312708, -28.14635267383159, -10.516560669637098, -18.09676159571095, -15.068422703728748, -15.553590926461592, -1.4363862922862811]. 
23877.26; [11.609368900843148, -7.006983338506891, -7.596706873600446, 3.9258429734308544, -3.1036667180410316, 2.8882797084064076, 3.286835580336235, -1.722618603745981, 5.433054880738979, -0.2782662594312708, -28.14635267383159, -10.516560669637098, -18.09676159571095, -15.068422703728748, -15.553590926461592, -1.4363862922862811]. 
30736.19; [11.609368900843148, -7.006983338506891, -7.596706873600446, 3.9258429734308544, -3.1036667180410316, 2.8882797084064076, 3.286835580336235, -1.722618603745981, 5.433054880738979, -0.2782662594312708, -28.14635267383159, -10.516560669637098, -18.09676159571095, -15.068422703728748, -15.553590926461592, -1.4363862922862811]. 
28758.94; [11.609368900843148, -7.006983338506891, -7.596706873600446, 3.9258429734308544, -3.1036667180410316, 2.8882797084064076, 3.286835580336235, -1.722618603745981, 5.433054880738979, -0.2782662594312708, -28.14635267383159, -10.516560669637098, -18.09676159571095, -15.068422703728748, -15.553590926461592, -1.4363862922862811]. 
38242.03; [18.772051741969708, -13.395712147717504, -11.57745786440923, 7.455675445873394, -3.227960209254176, -2.6261996276853705, 1.4263166469284436, -6.020343301226649, -1.9406151658210762, -6.560797223722884, -55.1417779174217, 1.3212395547009859, -27.463283301709048, -27.006167553003294, -14.259073016461542, -0.9915671092287709]. 
83020.11; [13.981107278405855, -11.844090335310367, -6.485565831261091, 0.07937765033237798, -0.7088048831907274, -2.077051344700567, 6.762084491644427, -6.091711305381614, 0.09144140152068014, -5.791067992464199, -44.66818315183009, -10.900282220626293, -29.823405412810377, -19.68522958806295, -14.987194233321855, -2.5090041987790865]. 
85010.75; [13.981107278405855, -11.844090335310367, -6.485565831261091, 0.07937765033237798, -0.7088048831907274, -2.077051344700567, 6.762084491644427, -6.091711305381614, 0.09144140152068014, -5.791067992464199, -44.66818315183009, -10.900282220626293, -29.823405412810377, -19.68522958806295, -14.987194233321855, -2.5090041987790865]. 
70809.14; [13.981107278405855, -11.844090335310367, -6.485565831261091, 0.07937765033237798, -0.7088048831907274, -2.077051344700567, 6.762084491644427, -6.091711305381614, 0.09144140152068014, -5.791067992464199, -44.66818315183009, -10.900282220626293, -29.823405412810377, -19.68522958806295, -14.987194233321855, -2.5090041987790865]. 
98321.78; [11.437412360208207, -13.028004078927687, -5.66659536580126, -3.0231285424618743, -4.2372820586817, 0.5418530653068139, 3.503423749808096, -2.227874911759455, -4.485441331934782, -5.034611578520173, -47.71781020421868, -3.4085735599539637, -17.85521026821675, -19.83616665593014, -9.833091978585347, -0.6681458428620333]. 
94229.55; [11.437412360208207, -13.028004078927687, -5.66659536580126, -3.0231285424618743, -4.2372820586817, 0.5418530653068139, 3.503423749808096, -2.227874911759455, -4.485441331934782, -5.034611578520173, -47.71781020421868, -3.4085735599539637, -17.85521026821675, -19.83616665593014, -9.833091978585347, -0.6681458428620333]. 
95872.32; [21.18952958578246, -20.97859541584717, -5.53537802832407, -0.2662893912367412, -8.414680657298392, -4.866469652593322, -0.9913437923625086, -10.576131492009065, -2.989638559167865, -9.741908437448618, -65.51221037445916, -11.433063257590018, -39.14474359881346, -32.61300847752262, -7.604156916460843, -2.617260318252901]. 
93124.31; [24.03831598085683, -10.439341887797642, -3.344887549219359, 4.611563423088327, -8.72098493625774, -5.74481501176163, -0.459539032979549, -0.2501434986342703, -2.9973565517174, -13.02267893098739, -71.54398397559495, -11.493371567012765, -31.51435462194691, -29.237774985170304, -14.351994824334563, -4.5051266083685455]. 
92426.16; [13.981107278405855, -11.844090335310367, -6.485565831261091, 0.07937765033237798, -0.7088048831907274, -2.077051344700567, 6.762084491644427, -6.091711305381614, 0.09144140152068014, -5.791067992464199, -44.66818315183009, -10.900282220626293, -29.823405412810377, -19.68522958806295, -14.987194233321855, -2.5090041987790865]. 
130842.0; [23.981876779253792, -21.7355276922848, -3.1220745059901667, 0.1968407381639603, -4.154587332802569, -4.429007671383712, 2.493212214608098, -12.20926752297733, -4.5458523300587075, -7.581665808782854, -73.70196967972193, -15.128344868071242, -43.94750187742185, -27.165310188080532, -16.70492089292266, -3.1570761845480515]. 
173487.01; [29.071798671612562, -22.747104356714367, -2.590020458205106, -8.642084237742745, -5.041217693656685, -13.070491380038652, 2.4422559511465494, -8.46559504014202, 2.456407866023458, -9.443902589017195, -89.52383492828929, -11.520114107775616, -34.43172503998013, -27.74205868389271, -17.178861061453347, -2.837290085810946]. 
193631.22; [29.071798671612562, -22.747104356714367, -2.590020458205106, -8.642084237742745, -5.041217693656685, -13.070491380038652, 2.4422559511465494, -8.46559504014202, 2.456407866023458, -9.443902589017195, -89.52383492828929, -11.520114107775616, -34.43172503998013, -27.74205868389271, -17.178861061453347, -2.837290085810946]. 
245225.46; [32.622527387732234, -24.921778723745, 2.2013818749371077, -9.95840148825756, -3.8463475500765423, -18.28799094033546, 3.1940168573250842, -7.563101590505851, -8.818108714737352, -6.587760746172444, -96.71098663187966, -9.835511905708916, -38.35517656277854, -28.695505682073144, -22.731864388114953, -0.6496842530336842]. 
276776.13; [32.622527387732234, -24.921778723745, 2.2013818749371077, -9.95840148825756, -3.8463475500765423, -18.28799094033546, 3.1940168573250842, -7.563101590505851, -8.818108714737352, -6.587760746172444, -96.71098663187966, -9.835511905708916, -38.35517656277854, -28.695505682073144, -22.731864388114953, -0.6496842530336842]. 
222082.01; [32.622527387732234, -24.921778723745, 2.2013818749371077, -9.95840148825756, -3.8463475500765423, -18.28799094033546, 3.1940168573250842, -7.563101590505851, -8.818108714737352, -6.587760746172444, -96.71098663187966, -9.835511905708916, -38.35517656277854, -28.695505682073144, -22.731864388114953, -0.6496842530336842]. 
239820.86; [32.622527387732234, -24.921778723745, 2.2013818749371077, -9.95840148825756, -3.8463475500765423, -18.28799094033546, 3.1940168573250842, -7.563101590505851, -8.818108714737352, -6.587760746172444, -96.71098663187966, -9.835511905708916, -38.35517656277854, -28.695505682073144, -22.731864388114953, -0.6496842530336842]. 
248091.37; [32.622527387732234, -24.921778723745, 2.2013818749371077, -9.95840148825756, -3.8463475500765423, -18.28799094033546, 3.1940168573250842, -7.563101590505851, -8.818108714737352, -6.587760746172444, -96.71098663187966, -9.835511905708916, -38.35517656277854, -28.695505682073144, -22.731864388114953, -0.6496842530336842]. 
275922.43; [32.622527387732234, -24.921778723745, 2.2013818749371077, -9.95840148825756, -3.8463475500765423, -18.28799094033546, 3.1940168573250842, -7.563101590505851, -8.818108714737352, -6.587760746172444, -96.71098663187966, -9.835511905708916, -38.35517656277854, -28.695505682073144, -22.731864388114953, -0.6496842530336842]. 
295142.04; [31.836920869095835, -24.057813655024024, 6.327242052605072, -5.053350891397106, -1.812170644801395, -15.120680826330222, -6.298494533768471, -13.901889669987039, -17.113877426504008, -14.871841529321287, -108.23212666668246, -18.136559755143672, -47.3799900364499, -24.71032690906096, -26.030650375677325, -0.055550804370539386]. 
253250.28; [36.347045069454495, -28.643908121834865, 5.349742024406904, -14.155336775008614, -4.791611330084866, -18.753761953052255, -8.921552396634317, -18.239869029337054, -18.51074545599421, -14.065972657741318, -114.25999932884692, -29.742906461745243, -59.44705666788134, -23.3733792734082, -30.809512330928953, 0.2761728094066309]. 
477904.39; [35.00581894949049, -20.397024625963706, 2.732527890146106, -7.224736299960787, 2.4458633302028367, -22.243943223202585, -1.8247300903565904, -19.494485662280024, -12.163940869903044, -15.448142393793901, -99.95178905764907, -32.6645399391046, -48.17223364123814, -20.649274517533296, -21.1722234587817, -2.318336238060617]. 
408040.56; [35.00581894949049, -20.397024625963706, 2.732527890146106, -7.224736299960787, 2.4458633302028367, -22.243943223202585, -1.8247300903565904, -19.494485662280024, -12.163940869903044, -15.448142393793901, -99.95178905764907, -32.6645399391046, -48.17223364123814, -20.649274517533296, -21.1722234587817, -2.318336238060617]. 
352439.06; [40.667040818324196, -42.37879390129758, 1.925496154146566, -5.387578356429394, -6.515285235212541, -23.562424015945368, -6.217347287536331, -12.83164993454378, -11.220141366375001, -13.818770011295022, -126.73895362576891, -16.028201535385346, -49.02165821754574, -32.87356632784209, -30.573545866018975, -3.8101667170661404]. 
413294.49; [35.00581894949049, -20.397024625963706, 2.732527890146106, -7.224736299960787, 2.4458633302028367, -22.243943223202585, -1.8247300903565904, -19.494485662280024, -12.163940869903044, -15.448142393793901, -99.95178905764907, -32.6645399391046, -48.17223364123814, -20.649274517533296, -21.1722234587817, -2.318336238060617]. 
386509.3; [40.988175013132896, -24.76525527537502, 4.737929217502352, -4.961938438403041, -2.0184821384664033, -23.612360960696474, -1.2067147755676326, -12.613969508070799, -11.295443179605954, -8.749490617323232, -108.20352595607925, -23.89278763642994, -44.739546921863884, -22.031086939009814, -24.94629924232632, -4.952610282620347]. 
415289.8; [35.00581894949049, -20.397024625963706, 2.732527890146106, -7.224736299960787, 2.4458633302028367, -22.243943223202585, -1.8247300903565904, -19.494485662280024, -12.163940869903044, -15.448142393793901, -99.95178905764907, -32.6645399391046, -48.17223364123814, -20.649274517533296, -21.1722234587817, -2.318336238060617]. 
374457.5; [35.00581894949049, -20.397024625963706, 2.732527890146106, -7.224736299960787, 2.4458633302028367, -22.243943223202585, -1.8247300903565904, -19.494485662280024, -12.163940869903044, -15.448142393793901, -99.95178905764907, -32.6645399391046, -48.17223364123814, -20.649274517533296, -21.1722234587817, -2.318336238060617]. 
452062.82; [35.00581894949049, -20.397024625963706, 2.732527890146106, -7.224736299960787, 2.4458633302028367, -22.243943223202585, -1.8247300903565904, -19.494485662280024, -12.163940869903044, -15.448142393793901, -99.95178905764907, -32.6645399391046, -48.17223364123814, -20.649274517533296, -21.1722234587817, -2.318336238060617]. 
423541.87; [35.00581894949049, -20.397024625963706, 2.732527890146106, -7.224736299960787, 2.4458633302028367, -22.243943223202585, -1.8247300903565904, -19.494485662280024, -12.163940869903044, -15.448142393793901, -99.95178905764907, -32.6645399391046, -48.17223364123814, -20.649274517533296, -21.1722234587817, -2.318336238060617]. 
383908.59; [35.00581894949049, -20.397024625963706, 2.732527890146106, -7.224736299960787, 2.4458633302028367, -22.243943223202585, -1.8247300903565904, -19.494485662280024, -12.163940869903044, -15.448142393793901, -99.95178905764907, -32.6645399391046, -48.17223364123814, -20.649274517533296, -21.1722234587817, -2.318336238060617]. 
424610.34; [38.7850816666118, -22.198802092756075, 1.6780682204253947, -2.9762312325050804, -4.063889090221324, -19.100271796798236, 2.734794382168058, -11.310632276305167, -11.128562225755545, -12.179732494075953, -111.0706773807029, -30.618763851468984, -48.96336301493176, -28.47143007807005, -26.740224727020607, -3.71163748133063]. 
359437.88; [39.96278382346782, -29.00999672955314, 3.6745186432097983, -0.5807589950093992, -3.0182060555620653, -22.54442595032824, -4.508223757011858, -14.922321254433756, -8.763341054416713, -9.098313592340915, -108.4921940207662, -29.162018418159064, -41.05665684419725, -21.471891681491446, -20.96925347372209, -2.216266270596017]. 
385644.95; [39.96278382346782, -29.00999672955314, 3.6745186432097983, -0.5807589950093992, -3.0182060555620653, -22.54442595032824, -4.508223757011858, -14.922321254433756, -8.763341054416713, -9.098313592340915, -108.4921940207662, -29.162018418159064, -41.05665684419725, -21.471891681491446, -20.96925347372209, -2.216266270596017]. 
428699.07; [39.96278382346782, -29.00999672955314, 3.6745186432097983, -0.5807589950093992, -3.0182060555620653, -22.54442595032824, -4.508223757011858, -14.922321254433756, -8.763341054416713, -9.098313592340915, -108.4921940207662, -29.162018418159064, -41.05665684419725, -21.471891681491446, -20.96925347372209, -2.216266270596017]. 
429106.36; [35.00581894949049, -20.397024625963706, 2.732527890146106, -7.224736299960787, 2.4458633302028367, -22.243943223202585, -1.8247300903565904, -19.494485662280024, -12.163940869903044, -15.448142393793901, -99.95178905764907, -32.6645399391046, -48.17223364123814, -20.649274517533296, -21.1722234587817, -2.318336238060617]. 
