
nSamples 100, nElitists 10, initialNoise 50.0, noiseStep -0.1, height 14: 
1. Score 34.97; {-1.587026565333395, -28.262408559256876, -10.908324700442122, -5.492681279074746, -18.40109556490528, -1.7531871776680963, -3.624052348108348, -3.816377147179497, -5.242849702799738, 8.71390533239628, 8.305891785385285, 3.7988116225084667, -11.28353935063572, -9.022499691572955, -2.5208328181885307, -4.169121056249148}. 
2. Score 197.55; {-0.8800634712270106, -15.690667796118161, -10.939183032908707, -4.688791184356913, -23.546411479738385, 0.45022949066607243, 3.9920166235790804, 2.370758420719696, -3.0443948008452963, -1.640554529802786, -9.040235144181512, -13.839779568538042, -10.842834714506626, -15.40038824678669, 4.73642533359984, -6.869205295435906}. 
3. Score 160.29; {-0.8800634712270106, -15.690667796118161, -10.939183032908707, -4.688791184356913, -23.546411479738385, 0.45022949066607243, 3.9920166235790804, 2.370758420719696, -3.0443948008452963, -1.640554529802786, -9.040235144181512, -13.839779568538042, -10.842834714506626, -15.40038824678669, 4.73642533359984, -6.869205295435906}. 
4. Score 201.02; {-0.8800634712270106, -15.690667796118161, -10.939183032908707, -4.688791184356913, -23.546411479738385, 0.45022949066607243, 3.9920166235790804, 2.370758420719696, -3.0443948008452963, -1.640554529802786, -9.040235144181512, -13.839779568538042, -10.842834714506626, -15.40038824678669, 4.73642533359984, -6.869205295435906}. 
5. Score 313.29; {19.192417524910518, -9.988361450819049, -13.475263820529074, -1.499850024778358, -16.831492002331807, -3.787114995624349, 0.812312308848278, 4.320972475730228, -0.23287072198065317, -4.067211006067453, -21.506618841511198, -1.62025118182998, -30.113263690124477, -31.977834020213145, 11.66320030164611, -5.544519734995003}. 
6. Score 338.1; {19.192417524910518, -9.988361450819049, -13.475263820529074, -1.499850024778358, -16.831492002331807, -3.787114995624349, 0.812312308848278, 4.320972475730228, -0.23287072198065317, -4.067211006067453, -21.506618841511198, -1.62025118182998, -30.113263690124477, -31.977834020213145, 11.66320030164611, -5.544519734995003}. 
7. Score 601.07; {9.864420520884705, -12.324430699145644, -6.3703306905169335, 3.7879604360425763, -0.6768471962086942, 7.173264819587889, -2.820859140127353, 9.582367639744792, 1.523116913989341, 8.835872245741188, -39.377375469486125, -10.272759111382827, -19.231954882523297, -36.273155844982384, -0.8686461161552128, -1.251220132933618}. 
8. Score 655.61; {9.864420520884705, -12.324430699145644, -6.3703306905169335, 3.7879604360425763, -0.6768471962086942, 7.173264819587889, -2.820859140127353, 9.582367639744792, 1.523116913989341, 8.835872245741188, -39.377375469486125, -10.272759111382827, -19.231954882523297, -36.273155844982384, -0.8686461161552128, -1.251220132933618}. 
9. Score 907.08; {15.72555655539172, -23.136943091216775, -6.6633976852703265, 7.568644086287416, -17.06039697043581, -7.802717685597493, 5.0790718380814734, -23.39604087723896, -9.520933674762967, -14.17306458575516, -56.48730460964437, 4.530028375287517, -31.493401446657884, -32.685367508191845, 0.9780719957490442, -17.338304980665587}. 
10. Score 2113.95; {27.282943013001002, -21.21016322601541, -9.815167769668058, 1.7180409712684215, -1.5862866557759467, -6.35150179422291, 6.770427835744767, 3.023420023046711, 10.73161788875218, 7.173032450951051, -43.88022025623071, -10.60513058263389, -40.03938265217376, -38.489543056299375, -16.96027068427673, -7.1647776062838}. 
11. Score 2702.71; {27.282943013001002, -21.21016322601541, -9.815167769668058, 1.7180409712684215, -1.5862866557759467, -6.35150179422291, 6.770427835744767, 3.023420023046711, 10.73161788875218, 7.173032450951051, -43.88022025623071, -10.60513058263389, -40.03938265217376, -38.489543056299375, -16.96027068427673, -7.1647776062838}. 
12. Score 2423.96; {27.282943013001002, -21.21016322601541, -9.815167769668058, 1.7180409712684215, -1.5862866557759467, -6.35150179422291, 6.770427835744767, 3.023420023046711, 10.73161788875218, 7.173032450951051, -43.88022025623071, -10.60513058263389, -40.03938265217376, -38.489543056299375, -16.96027068427673, -7.1647776062838}. 
13. Score 2750.75; {27.282943013001002, -21.21016322601541, -9.815167769668058, 1.7180409712684215, -1.5862866557759467, -6.35150179422291, 6.770427835744767, 3.023420023046711, 10.73161788875218, 7.173032450951051, -43.88022025623071, -10.60513058263389, -40.03938265217376, -38.489543056299375, -16.96027068427673, -7.1647776062838}. 
14. Score 3094.74; {19.547265941071604, -15.801179217996449, -1.472087017943613, -6.540884565762522, 6.0805547379440785, 2.713056270851286, 4.966342584549549, -4.875712696722687, -2.770114690645811, -14.593484622637824, -74.10179690224946, -3.678566417072557, -35.302227608860434, -45.69576484025306, -11.238230848552636, -3.9265625282784207}. 
15. Score 5103.98; {28.301271253201374, -21.007016008453807, -10.594836780047642, -1.3411756271252806, 1.6890617458374333, -5.11745651109406, 5.35480900463582, -2.7859477712220095, -1.109436624070046, -19.399552163598013, -82.26489676922682, -6.60494283158678, -44.023969680278555, -44.52417776082037, -17.250510965051777, -13.875061999150347}. 
16. Score 4650.15; {43.08848763738502, -30.590079189843777, -4.853848637370271, 10.839353230086482, -9.83425766506929, -28.19633007344223, -7.95500060948387, -4.768088086868066, -2.205947692378546, -21.10685401904291, -107.11988979533913, -3.6459194064493623, -37.878023102819654, -40.510014421958715, -14.163310277633316, -13.108262820531179}. 
17. Score 4697.87; {23.933713864611676, -21.39764643087659, -1.966959006082976, -3.747838283096736, -0.8573372566763835, -4.655737355223858, 0.11361673930743388, -9.385802542242354, -10.262662640107255, -13.778462228180398, -82.90303647481522, 1.5676531314545352, -35.70620940115141, -42.38458441436986, -5.358957837148152, -5.4943603582590095}. 
18. Score 4638.98; {23.933713864611676, -21.39764643087659, -1.966959006082976, -3.747838283096736, -0.8573372566763835, -4.655737355223858, 0.11361673930743388, -9.385802542242354, -10.262662640107255, -13.778462228180398, -82.90303647481522, 1.5676531314545352, -35.70620940115141, -42.38458441436986, -5.358957837148152, -5.4943603582590095}. 
19. Score 5458.67; {25.457167249866842, -9.695293434966484, -4.7871587048335655, -3.198890130292836, -1.939950723744412, -9.654602286930357, -5.9929764570845885, -2.3030943658626724, -1.6613935404017126, -5.78158067022845, -90.24125206220116, -22.748761267001647, -44.022883954257786, -35.1458557115135, -24.2967784177591, -7.621467904931469}. 
20. Score 5353.7; {34.640768763661875, -25.87670766756633, -0.23381087026380243, -12.199008101558402, -0.530099060186469, -7.794761445247117, 4.362408229524748, -0.5296203885959101, 3.8337940435210625, -22.54635162493249, -116.19902654252255, -11.97772733020208, -47.62108936762571, -53.236996920223774, -13.980625583967122, -4.077403613945972}. 
Average performance now of best params: 78281.49
21. Score 4931.28; {40.445868669655866, -27.104141973681042, -13.57166508497513, 0.6087056445199763, 3.1123534104747135, -19.30739248408124, -0.7919391100757034, -0.9991101911145148, -5.05519862164768, -14.192715487812492, -115.85592656744416, -11.549910579424266, -42.801198583875646, -51.38999407962116, -21.533281954502993, -9.405146270127005}. 
22. Score 6395.75; {56.61912938097747, -30.519139303884607, -6.957883888987735, 2.184550390448172, -1.5537398739418844, -15.903903906623277, -3.547790283787556, -5.077507847023871, 5.061640385533184, -11.802737836327363, -115.90213797016393, -24.589162151026464, -43.074284172131755, -50.19446422615208, -15.256210762681679, -11.313534564989386}. 
23. Score 6879.44; {46.579788072569634, -38.550553565898404, -4.153122221457187, 0.11583882087649594, 5.648456452393817, -20.090793645081277, 3.0966003298676235, -8.686986437853928, -5.180569651331995, -8.319292377040579, -132.43484922916724, -13.083948560185355, -51.351707182559394, -44.868217204622354, -30.92243038235001, -7.244138512227945}. 
24. Score 7198.01; {43.33450131663734, -31.08392735378341, -1.458027316049401, -8.787510940375082, -3.246917764693052, -5.340413915763291, 2.0184761470046944, -7.067412270413417, -3.5328673772366015, -7.1427064174407855, -106.66479327216135, -17.42493294396113, -54.42398008422025, -45.93410503235441, -26.485991714558487, -5.503759762767441}. 
25. Score 7916.94; {43.33450131663734, -31.08392735378341, -1.458027316049401, -8.787510940375082, -3.246917764693052, -5.340413915763291, 2.0184761470046944, -7.067412270413417, -3.5328673772366015, -7.1427064174407855, -106.66479327216135, -17.42493294396113, -54.42398008422025, -45.93410503235441, -26.485991714558487, -5.503759762767441}. 
26. Score 7753.52; {55.60603441461407, -31.83231014864751, 2.344723567085363, -1.7494773882346721, -7.84575512797365, -15.427528055298998, -7.3093817242936225, -7.123006872566539, -9.590317998374069, -27.882765929956307, -130.6179247329079, -33.07061319126916, -42.14602367571311, -35.240061437040744, -36.570999120701785, -13.391280023714023}. 
27. Score 8387.92; {55.60603441461407, -31.83231014864751, 2.344723567085363, -1.7494773882346721, -7.84575512797365, -15.427528055298998, -7.3093817242936225, -7.123006872566539, -9.590317998374069, -27.882765929956307, -130.6179247329079, -33.07061319126916, -42.14602367571311, -35.240061437040744, -36.570999120701785, -13.391280023714023}. 
28. Score 8150.83; {52.868440264206974, -24.822915082152246, 1.9139517556874575, -5.424959255636821, -2.0810389393824664, -18.63628163936019, -11.531804424638402, -21.296314516081924, -19.19341762603952, -11.012298001249068, -139.08232652838052, -35.431020270959806, -60.42141517481668, -39.89615114933879, -38.967765593996134, -7.772669679507318}. 
29. Score 9252.78; {50.30372661274584, -28.680547528158197, 9.12568908827581, 2.5878564594982354, -0.9499394099526035, -29.50428801725801, -8.97879653462677, -4.044326403115278, -9.378078664694446, -18.46106624851893, -133.50732943646182, -44.891313258396465, -54.14783272359491, -32.198811772827085, -24.605349427342667, -9.133279064816609}. 
30. Score 10838.5; {63.408248762887865, -25.996710058772678, -1.7348064285980151, -0.879389586357815, 8.003104635965487, -32.243473906098245, -10.591124383202523, -24.263804574363363, -19.178184157246775, -22.02966042171635, -151.6302819546519, -47.86359153200588, -56.26979052338249, -32.8386813217774, -33.04604007228784, -15.921135362697143}. 
31. Score 9824.1; {59.32961495584193, -21.544533210719113, -3.943018033463259, -7.111572122780714, 4.891118901787829, -29.38674330921768, -2.3513364048527072, -30.49753747324924, -12.026450347297953, -17.215500771495368, -158.38378468818894, -51.5916097419807, -64.84323999401937, -36.582745720915774, -34.22374480145742, -5.864957841230675}. 
32. Score 9006.96; {50.30372661274584, -28.680547528158197, 9.12568908827581, 2.5878564594982354, -0.9499394099526035, -29.50428801725801, -8.97879653462677, -4.044326403115278, -9.378078664694446, -18.46106624851893, -133.50732943646182, -44.891313258396465, -54.14783272359491, -32.198811772827085, -24.605349427342667, -9.133279064816609}. 
33. Score 9827.44; {59.97965413631739, -28.812395716210954, -6.595240954209113, -5.648947568045209, 1.0590529208177994, -37.89948926151016, -13.508482135654646, -20.422448494841536, -9.564404190889162, -12.695173083029989, -160.69901770041957, -32.58165469266743, -58.496948915918345, -36.0581235468975, -35.12516511428965, -10.895145356002345}. 
34. Score 10259.64; {59.97965413631739, -28.812395716210954, -6.595240954209113, -5.648947568045209, 1.0590529208177994, -37.89948926151016, -13.508482135654646, -20.422448494841536, -9.564404190889162, -12.695173083029989, -160.69901770041957, -32.58165469266743, -58.496948915918345, -36.0581235468975, -35.12516511428965, -10.895145356002345}. 
35. Score 10475.34; {59.97965413631739, -28.812395716210954, -6.595240954209113, -5.648947568045209, 1.0590529208177994, -37.89948926151016, -13.508482135654646, -20.422448494841536, -9.564404190889162, -12.695173083029989, -160.69901770041957, -32.58165469266743, -58.496948915918345, -36.0581235468975, -35.12516511428965, -10.895145356002345}. 
36. Score 10115.49; {59.97965413631739, -28.812395716210954, -6.595240954209113, -5.648947568045209, 1.0590529208177994, -37.89948926151016, -13.508482135654646, -20.422448494841536, -9.564404190889162, -12.695173083029989, -160.69901770041957, -32.58165469266743, -58.496948915918345, -36.0581235468975, -35.12516511428965, -10.895145356002345}. 
37. Score 10024.3; {60.8167463380698, -35.46971133275583, -10.345639451316865, -11.681180588260052, -4.4643504038526105, -36.07250526391665, -19.384262632115785, -12.512394359931818, -17.583180622029875, -11.148539377019784, -184.06433278248633, -35.39882517025317, -58.313733708185836, -38.595786790998304, -47.71738796748735, -6.268011291464869}. 
38. Score 9986.53; {60.8167463380698, -35.46971133275583, -10.345639451316865, -11.681180588260052, -4.4643504038526105, -36.07250526391665, -19.384262632115785, -12.512394359931818, -17.583180622029875, -11.148539377019784, -184.06433278248633, -35.39882517025317, -58.313733708185836, -38.595786790998304, -47.71738796748735, -6.268011291464869}. 
39. Score 11060.65; {62.69385563411309, -40.42786692815608, 0.9058263684382526, 5.810956803411376, 0.13478343921260105, -28.57035446432216, -9.217147217629083, -10.04163064644056, -6.228416164783914, -18.58541480498031, -150.49530812586104, -44.20735209326937, -57.610060869121114, -39.576705248125506, -24.087699103572646, -7.273372734801386}. 
40. Score 10217.23; {70.79868576060528, -44.526810226487186, -4.0610047880184315, 0.2668379464873256, -1.1978274621921712, -44.28659058764125, -17.072987801424354, -20.92442972500132, -14.8529944379606, -14.313132307211555, -163.11795360726714, -41.86989555498474, -63.25352928870048, -31.671380531830774, -42.1006930194124, -5.526947789564513}. 
Average performance now of best params: 444023.78
41. Score 11367.97; {70.79868576060528, -44.526810226487186, -4.0610047880184315, 0.2668379464873256, -1.1978274621921712, -44.28659058764125, -17.072987801424354, -20.92442972500132, -14.8529944379606, -14.313132307211555, -163.11795360726714, -41.86989555498474, -63.25352928870048, -31.671380531830774, -42.1006930194124, -5.526947789564513}. 
42. Score 10389.78; {70.79868576060528, -44.526810226487186, -4.0610047880184315, 0.2668379464873256, -1.1978274621921712, -44.28659058764125, -17.072987801424354, -20.92442972500132, -14.8529944379606, -14.313132307211555, -163.11795360726714, -41.86989555498474, -63.25352928870048, -31.671380531830774, -42.1006930194124, -5.526947789564513}. 
43. Score 11380.67; {62.829466883992545, -45.88157829956983, -1.1403720041961982, -1.1989699565093357, 0.5196310624588469, -39.71109819053595, -9.160439720544886, -27.037172208136283, -33.09227381340354, -24.56749290444112, -193.0471271370151, -21.579027493654884, -55.740516486777935, -30.67922397685227, -40.753400264255916, -9.17401215721169}. 
44. Score 12202.43; {62.829466883992545, -45.88157829956983, -1.1403720041961982, -1.1989699565093357, 0.5196310624588469, -39.71109819053595, -9.160439720544886, -27.037172208136283, -33.09227381340354, -24.56749290444112, -193.0471271370151, -21.579027493654884, -55.740516486777935, -30.67922397685227, -40.753400264255916, -9.17401215721169}. 
45. Score 11136.9; {63.95722047015309, -42.60640027735641, 1.236061023564658, -5.181976960629079, 1.231204453582066, -48.0616801208385, -18.484793489325938, -22.70585503467094, -29.347391922605148, -24.804777015422136, -198.75087323865822, -24.637467636843056, -59.15461049039291, -24.18084472758477, -54.65745178311781, -11.550619968858353}. 
46. Score 13667.24; {72.18594941923503, -44.5742079252485, 5.728890573276137, -5.650653558567781, 0.7673207177034471, -42.33880421157598, -11.930945956340906, -29.868404180080685, -21.225903678795316, -24.955363885008293, -202.5442624926723, -28.104466718647476, -55.85847995000098, -34.422579767425866, -43.073845759233166, -14.984734637025282}. 
47. Score 13359.29; {72.18594941923503, -44.5742079252485, 5.728890573276137, -5.650653558567781, 0.7673207177034471, -42.33880421157598, -11.930945956340906, -29.868404180080685, -21.225903678795316, -24.955363885008293, -202.5442624926723, -28.104466718647476, -55.85847995000098, -34.422579767425866, -43.073845759233166, -14.984734637025282}. 
48. Score 14992.96; {72.18594941923503, -44.5742079252485, 5.728890573276137, -5.650653558567781, 0.7673207177034471, -42.33880421157598, -11.930945956340906, -29.868404180080685, -21.225903678795316, -24.955363885008293, -202.5442624926723, -28.104466718647476, -55.85847995000098, -34.422579767425866, -43.073845759233166, -14.984734637025282}. 
49. Score 12230.07; {72.18594941923503, -44.5742079252485, 5.728890573276137, -5.650653558567781, 0.7673207177034471, -42.33880421157598, -11.930945956340906, -29.868404180080685, -21.225903678795316, -24.955363885008293, -202.5442624926723, -28.104466718647476, -55.85847995000098, -34.422579767425866, -43.073845759233166, -14.984734637025282}. 
50. Score 12844.48; {73.0369298833182, -40.69851800420061, -1.1816396307019383, -6.629907150370523, -2.7211696785773327, -38.97957220660591, -13.30454267797603, -15.212640049324664, -12.304360761742641, -13.676099771979613, -216.40756461211032, -43.924011964963725, -49.90814053294628, -36.0464168460458, -42.0552392078223, -16.977011860544955}. 
51. Score 13243.9; {72.18594941923503, -44.5742079252485, 5.728890573276137, -5.650653558567781, 0.7673207177034471, -42.33880421157598, -11.930945956340906, -29.868404180080685, -21.225903678795316, -24.955363885008293, -202.5442624926723, -28.104466718647476, -55.85847995000098, -34.422579767425866, -43.073845759233166, -14.984734637025282}. 
52. Score 13659.03; {74.95177380089333, -39.12979437760276, -1.6187451832694764, -9.032354113955115, 4.588838621052181, -34.99842303859324, -12.259183889946803, -10.906320890712392, -19.64620369310072, -6.154401063704803, -213.08614348335357, -37.81527882007726, -43.32429654177784, -43.18638831864731, -45.126042451944244, -16.338180023647432}. 
53. Score 13756.27; {72.18594941923503, -44.5742079252485, 5.728890573276137, -5.650653558567781, 0.7673207177034471, -42.33880421157598, -11.930945956340906, -29.868404180080685, -21.225903678795316, -24.955363885008293, -202.5442624926723, -28.104466718647476, -55.85847995000098, -34.422579767425866, -43.073845759233166, -14.984734637025282}. 
54. Score 13202.04; {65.485454878284, -38.368963781777204, -1.957122012117508, 0.04847562283962814, 2.915439844841102, -39.76603631937551, -18.687745061689455, -26.1772159270674, -11.062319622024425, -30.52735202770657, -203.45122736490688, -37.33033102654059, -47.83794622338825, -37.394481330561156, -29.919179703037095, -9.246758553542557}. 
55. Score 13468.78; {72.18594941923503, -44.5742079252485, 5.728890573276137, -5.650653558567781, 0.7673207177034471, -42.33880421157598, -11.930945956340906, -29.868404180080685, -21.225903678795316, -24.955363885008293, -202.5442624926723, -28.104466718647476, -55.85847995000098, -34.422579767425866, -43.073845759233166, -14.984734637025282}. 
56. Score 13565.96; {66.55176096494291, -38.89020322856611, -2.5106043066446198, -5.546634919813767, 7.0086888360592345, -36.848116771059864, -9.498798689240845, -15.771019862094253, -20.201636069480497, -26.69994625846693, -213.18999624168882, -38.32633090420584, -42.475401935755116, -37.72426972359897, -38.73211807764167, -12.82098478445931}. 
57. Score 12603.54; {66.55176096494291, -38.89020322856611, -2.5106043066446198, -5.546634919813767, 7.0086888360592345, -36.848116771059864, -9.498798689240845, -15.771019862094253, -20.201636069480497, -26.69994625846693, -213.18999624168882, -38.32633090420584, -42.475401935755116, -37.72426972359897, -38.73211807764167, -12.82098478445931}. 
58. Score 14022.61; {68.4674037250997, -46.09314661417388, 3.7354046152414857, -10.111298172626212, -10.353954028649984, -46.552495671066765, -12.331978350207322, -26.540427548777068, -22.05904780901576, -28.551147443132855, -219.31009572892387, -41.02180299728604, -53.89598086096259, -22.643057079424125, -39.41284072974445, -6.48426222316126}. 
59. Score 14843.94; {66.55176096494291, -38.89020322856611, -2.5106043066446198, -5.546634919813767, 7.0086888360592345, -36.848116771059864, -9.498798689240845, -15.771019862094253, -20.201636069480497, -26.69994625846693, -213.18999624168882, -38.32633090420584, -42.475401935755116, -37.72426972359897, -38.73211807764167, -12.82098478445931}. 
60. Score 13271.03; {67.7181068791, -33.57052661827138, -4.257676899448809, -5.5889588173094005, 0.17091027880639054, -36.269098477502425, -16.906779028061003, -24.755276602233554, -19.01492830305933, -19.3084651765274, -214.9282380207973, -43.49309883419993, -48.24577008066974, -31.756114726570395, -44.17461451807984, -14.394153826715442}. 
Average performance now of best params: 246649.82
61. Score 14221.75; {67.74378072666964, -35.48946995191587, 0.6038628150134921, -4.453756781892046, 4.630782430768404, -33.66549391225034, -19.194139228686257, -27.30832412885511, -15.667134888951953, -29.69777271448801, -211.14892765061012, -51.00953629692003, -45.01071076259993, -27.799392240913722, -42.00000721059036, -15.73298517096789}. 
62. Score 14112.49; {67.7181068791, -33.57052661827138, -4.257676899448809, -5.5889588173094005, 0.17091027880639054, -36.269098477502425, -16.906779028061003, -24.755276602233554, -19.01492830305933, -19.3084651765274, -214.9282380207973, -43.49309883419993, -48.24577008066974, -31.756114726570395, -44.17461451807984, -14.394153826715442}. 
63. Score 16579.98; {68.988565994603, -42.1784812692742, -1.442745118737219, -12.176462210708191, 3.4965454560420497, -42.22374917138915, -16.988157542874106, -23.82046989726914, -26.931031273516513, -32.91301814419468, -228.96788102492806, -49.86441225675203, -54.44932196074125, -30.204559992617522, -52.58031882380001, -14.305665246144436}. 
64. Score 17091.91; {77.0812481479036, -41.11000069233961, 1.3253073869998717, -9.063714135431908, 1.9412706687357617, -48.02720583443174, -23.184554156895537, -30.998630364964345, -31.94631954424426, -32.072638700604834, -231.76817972467398, -41.965669648046834, -53.298272953946544, -26.719730243948216, -43.169503707318164, -9.223141308074467}. 
65. Score 18003.41; {77.0812481479036, -41.11000069233961, 1.3253073869998717, -9.063714135431908, 1.9412706687357617, -48.02720583443174, -23.184554156895537, -30.998630364964345, -31.94631954424426, -32.072638700604834, -231.76817972467398, -41.965669648046834, -53.298272953946544, -26.719730243948216, -43.169503707318164, -9.223141308074467}. 
66. Score 16456.49; {77.0812481479036, -41.11000069233961, 1.3253073869998717, -9.063714135431908, 1.9412706687357617, -48.02720583443174, -23.184554156895537, -30.998630364964345, -31.94631954424426, -32.072638700604834, -231.76817972467398, -41.965669648046834, -53.298272953946544, -26.719730243948216, -43.169503707318164, -9.223141308074467}. 
67. Score 15314.98; {77.0812481479036, -41.11000069233961, 1.3253073869998717, -9.063714135431908, 1.9412706687357617, -48.02720583443174, -23.184554156895537, -30.998630364964345, -31.94631954424426, -32.072638700604834, -231.76817972467398, -41.965669648046834, -53.298272953946544, -26.719730243948216, -43.169503707318164, -9.223141308074467}. 
68. Score 14299.08; {77.0812481479036, -41.11000069233961, 1.3253073869998717, -9.063714135431908, 1.9412706687357617, -48.02720583443174, -23.184554156895537, -30.998630364964345, -31.94631954424426, -32.072638700604834, -231.76817972467398, -41.965669648046834, -53.298272953946544, -26.719730243948216, -43.169503707318164, -9.223141308074467}. 
69. Score 15178.8; {77.0812481479036, -41.11000069233961, 1.3253073869998717, -9.063714135431908, 1.9412706687357617, -48.02720583443174, -23.184554156895537, -30.998630364964345, -31.94631954424426, -32.072638700604834, -231.76817972467398, -41.965669648046834, -53.298272953946544, -26.719730243948216, -43.169503707318164, -9.223141308074467}. 
70. Score 14405.36; {77.0812481479036, -41.11000069233961, 1.3253073869998717, -9.063714135431908, 1.9412706687357617, -48.02720583443174, -23.184554156895537, -30.998630364964345, -31.94631954424426, -32.072638700604834, -231.76817972467398, -41.965669648046834, -53.298272953946544, -26.719730243948216, -43.169503707318164, -9.223141308074467}. 
71. Score 15358.23; {65.2550645127894, -41.414487234148794, -2.441907171847507, -12.7184697567904, -4.075054046375608, -48.1827294860296, -20.92788306495755, -23.984798026608942, -25.722949481602868, -26.388317670535457, -227.07850633337796, -37.257562831054905, -46.257135675036515, -27.862009272568773, -42.89743493902939, -2.636720490687077}. 
72. Score 15486.41; {78.09320372574746, -46.89099825972673, 4.0257098822492825, -5.01030928777724, -2.6585280548206316, -50.252346209557054, -19.414187907770014, -30.359816567795804, -18.523771202500917, -23.450285503987573, -223.58332813283616, -41.25583520351981, -39.653417539931795, -29.417771718607334, -39.125487986600035, -13.170129995750592}. 
73. Score 15228.47; {63.35385004720955, -47.828982855237484, -1.4979304742754722, -5.356844076846814, -12.225841850610383, -50.19197665845271, -25.46302376886206, -21.649739785564538, -26.94474340605499, -16.729483527920685, -241.53713820739952, -40.765174404298314, -40.72558265012812, -26.860142656938553, -55.2917959176013, -10.47446068014277}. 
74. Score 16135.68; {78.09320372574746, -46.89099825972673, 4.0257098822492825, -5.01030928777724, -2.6585280548206316, -50.252346209557054, -19.414187907770014, -30.359816567795804, -18.523771202500917, -23.450285503987573, -223.58332813283616, -41.25583520351981, -39.653417539931795, -29.417771718607334, -39.125487986600035, -13.170129995750592}. 
75. Score 16402.91; {82.5828114656058, -47.68693516108513, -2.810352454924745, -2.164422481709609, -0.536021089459533, -46.448979965455315, -22.00648056952771, -23.784707695405725, -26.384342129329035, -29.294667094008542, -236.45567841618583, -53.19885532561621, -49.11178587184629, -34.986487655494464, -38.29174971487996, -13.430080786594074}. 
76. Score 16063.55; {63.81915171468608, -42.032347950022924, 12.582158483349843, -13.275319811059713, 0.7382327753562152, -49.16001566731481, -23.157048637123125, -33.83467778907229, -30.32552703184156, -35.07010352216566, -240.92068922560802, -32.01923601093607, -31.55564231236738, -30.618109624863493, -34.27332283445811, -10.731974761621515}. 
77. Score 18588.53; {70.76602450915291, -33.545253364434, 2.6266350542228554, -9.876676907708228, 0.34781879375656755, -42.35217926082701, -22.774198233929315, -33.45684191252884, -21.916687472431256, -33.80653097719937, -233.98898165354663, -45.62859597010658, -39.98855111114376, -25.00532006966465, -47.39901805749574, -5.127440784341962}. 
78. Score 17035.06; {69.1550194049683, -38.59765037023304, 6.98650577296003, -4.485106943280253, -2.2506408893922716, -35.07273657847712, -12.863876421721221, -24.54565845400523, -20.87255209150616, -19.201714515155764, -222.61522907739996, -47.61201986791063, -40.335000692929576, -34.17720723137992, -34.27498745896541, -8.494574646746702}. 
79. Score 14929.94; {70.76602450915291, -33.545253364434, 2.6266350542228554, -9.876676907708228, 0.34781879375656755, -42.35217926082701, -22.774198233929315, -33.45684191252884, -21.916687472431256, -33.80653097719937, -233.98898165354663, -45.62859597010658, -39.98855111114376, -25.00532006966465, -47.39901805749574, -5.127440784341962}. 
80. Score 14389.28; {69.1550194049683, -38.59765037023304, 6.98650577296003, -4.485106943280253, -2.2506408893922716, -35.07273657847712, -12.863876421721221, -24.54565845400523, -20.87255209150616, -19.201714515155764, -222.61522907739996, -47.61201986791063, -40.335000692929576, -34.17720723137992, -34.27498745896541, -8.494574646746702}. 
Average performance now of best params: 444817.44
81. Score 14601.48; {69.1550194049683, -38.59765037023304, 6.98650577296003, -4.485106943280253, -2.2506408893922716, -35.07273657847712, -12.863876421721221, -24.54565845400523, -20.87255209150616, -19.201714515155764, -222.61522907739996, -47.61201986791063, -40.335000692929576, -34.17720723137992, -34.27498745896541, -8.494574646746702}. 
82. Score 15910.46; {69.1550194049683, -38.59765037023304, 6.98650577296003, -4.485106943280253, -2.2506408893922716, -35.07273657847712, -12.863876421721221, -24.54565845400523, -20.87255209150616, -19.201714515155764, -222.61522907739996, -47.61201986791063, -40.335000692929576, -34.17720723137992, -34.27498745896541, -8.494574646746702}. 
83. Score 16257.18; {69.1550194049683, -38.59765037023304, 6.98650577296003, -4.485106943280253, -2.2506408893922716, -35.07273657847712, -12.863876421721221, -24.54565845400523, -20.87255209150616, -19.201714515155764, -222.61522907739996, -47.61201986791063, -40.335000692929576, -34.17720723137992, -34.27498745896541, -8.494574646746702}. 
84. Score 17773.26; {76.1506590474981, -47.133866240804544, 4.836181236246544, -6.364081443252873, -6.894742034073287, -51.71724161637629, -25.968585951127785, -39.203682456909945, -35.17918370934372, -31.468331931150594, -234.20429813817307, -31.49137811944026, -46.3883237383309, -21.187849418422005, -48.174766882802196, -10.133771325109711}. 
85. Score 16058.71; {79.4661298157767, -52.81142295547811, -7.7343213757895555, -6.665546567123304, -3.411691505560531, -37.66995385252539, -9.230687550183896, -23.37450527737082, -12.228268143739632, -25.810716290387195, -246.78055163286282, -43.76680236770797, -42.97592762735741, -42.60866569586439, -43.089714265062156, -6.170244824930772}. 
86. Score 13747.42; {78.05912709190792, -56.87642989091083, -7.395545526504353, 2.930110997485217, -10.576950356871029, -33.28561153687433, -11.661537074551614, -19.746973543678067, -9.921629619951677, -26.764206664471136, -263.1301964868465, -32.930166888671536, -34.636861939057404, -48.41939247043548, -52.790237272501514, -20.33759292138386}. 
87. Score 16683.27; {72.19738783971019, -37.60289603306551, -0.6367047551847316, -12.458642261414454, 0.6107515656393416, -53.1020556693994, -18.21380205220927, -32.629989402375884, -23.370033509303383, -34.750690828911374, -232.19113707081007, -40.072884627853945, -43.606461725120816, -27.516132304561722, -44.6023830351896, -13.254119326366132}. 
88. Score 15522.1; {72.19738783971019, -37.60289603306551, -0.6367047551847316, -12.458642261414454, 0.6107515656393416, -53.1020556693994, -18.21380205220927, -32.629989402375884, -23.370033509303383, -34.750690828911374, -232.19113707081007, -40.072884627853945, -43.606461725120816, -27.516132304561722, -44.6023830351896, -13.254119326366132}. 
89. Score 14322.45; {71.53784636540128, -39.64402451221969, -11.5844909090769, 4.324618334440903, 1.3468924663391313, -33.92955140822551, -19.36857537628585, -39.38968947783101, -30.126103110059084, -30.64220185040749, -262.9901805346501, -34.46069845300622, -50.23657403616005, -36.94374764716468, -64.19694496020458, -18.453178239946617}. 
90. Score 14261.47; {77.43158611455904, -45.66423355123257, -1.0426979039550386, -5.430447692990339, 1.900306332950728, -51.64581015193589, -12.181705596073865, -40.68670566382601, -33.57205996607918, -33.37305958011537, -258.27355847861554, -42.01298831254202, -44.14768004441248, -23.985435298422658, -45.529009680460774, -16.971513903703823}. 
91. Score 15422.59; {65.33843925280523, -52.21106514066079, 0.2893629307841591, 3.1537842258916005, -11.871761954188305, -31.52553216545204, -12.867596702248374, -22.060801651733478, -21.346153800706674, -15.173578090576406, -262.2032470496324, -41.77996613963419, -30.013731083654342, -41.546249700220976, -50.62872822878326, -8.55992062225712}. 
92. Score 14135.69; {85.66541550425829, -52.61596664922175, 9.200803742323929, -14.472031393434019, 8.901003698455241, -53.39695747221013, -13.785668854908007, -27.066653866036, -27.214002060637924, -22.54633625791529, -238.51339169482847, -33.237164714315966, -40.96536226045606, -32.2407894303574, -38.64743115321824, -10.73250088166937}. 
93. Score 16079.33; {72.71849282593291, -48.01446619166372, -2.4402978354985962, -4.164745594183575, -2.7716026749604747, -55.895383271793726, -18.033314560116896, -33.55305891120792, -24.550283959806922, -28.424903455407275, -252.2120688240169, -51.45423142725795, -55.75249564366647, -31.496137203881673, -41.46665444358639, -9.437042902778083}. 
94. Score 15124.85; {69.93171014172249, -43.54037009780426, -3.5977479580809115, -7.418533303274736, -6.823436862270713, -60.97607060946211, -20.072242368933203, -41.81510257217126, -30.797105087642336, -27.238307746767635, -264.47286086960725, -48.38508565663922, -48.80245776511912, -26.140847638217647, -37.357174055034896, -11.674997547356698}. 
95. Score 16284.71; {72.13894713886725, -48.6816905932517, 4.92394406120383, -11.53954120282942, -1.9228086981097452, -59.25564416991905, -22.51573118505688, -34.18517009226047, -28.70159266339336, -16.002321986861133, -275.0825983877007, -47.96171445403785, -50.614792092995664, -21.983254145491916, -61.12690795546834, -10.910974805181596}. 
96. Score 14057.44; {72.71849282593291, -48.01446619166372, -2.4402978354985962, -4.164745594183575, -2.7716026749604747, -55.895383271793726, -18.033314560116896, -33.55305891120792, -24.550283959806922, -28.424903455407275, -252.2120688240169, -51.45423142725795, -55.75249564366647, -31.496137203881673, -41.46665444358639, -9.437042902778083}. 
97. Score 15965.82; {69.92078678766183, -39.92434618422513, -0.3023012950177928, -8.028719281349064, -2.8535365698419524, -42.33865304392359, -25.95744677682442, -28.582692488645637, -33.32176437568383, -36.04114375917328, -258.03167239332276, -39.81763387308887, -45.36000937808107, -25.75818590342714, -48.59452440009551, -1.9977907382716307}. 
98. Score 15871.94; {79.78481801688676, -48.856479242239296, 4.260825652855933, -13.769669257061235, 2.4337681630786365, -53.26769887884933, -15.395179398891008, -34.980936722175265, -38.200471145771395, -33.19500480514981, -256.7599968773039, -40.97668121803123, -38.275132925137726, -31.47852947029883, -36.79887541343901, -13.026082274150607}. 
99. Score 15593.77; {65.9909172729062, -39.866296237926, -1.2111319577150694, -6.129307831042437, -2.2306558965353607, -53.02438612388876, -13.979045787161056, -36.381905767323225, -24.91368940482941, -33.47759337218272, -268.49547386443436, -47.181356639272344, -38.42269016745183, -27.922075495010148, -54.73452444639449, -4.165467629051067}. 
100. Score 15627.24; {65.9909172729062, -39.866296237926, -1.2111319577150694, -6.129307831042437, -2.2306558965353607, -53.02438612388876, -13.979045787161056, -36.381905767323225, -24.91368940482941, -33.47759337218272, -268.49547386443436, -47.181356639272344, -38.42269016745183, -27.922075495010148, -54.73452444639449, -4.165467629051067}. 
Average performance now of best params: 612810.47
101. Score 16427.32; {66.27563141190709, -45.9989476796498, 2.651798947724554, -15.042659642912241, -11.907427634346059, -47.67984601136985, -19.645477384351068, -36.07918315296216, -21.05844610784582, -32.53855628140732, -264.75356108358477, -40.630369960811976, -34.37319090414517, -30.52264362782683, -31.034649490162323, -3.3244810755183343}. 
102. Score 17358.23; {65.43729895306748, -42.143067584487056, 6.27209091349799, -10.56899820982322, -4.928637248176794, -50.06008292508995, -27.199678243093878, -35.490826773440524, -28.465866157907072, -26.365198719965626, -279.3550753400375, -34.85934785784027, -19.469011529215894, -26.083695187111726, -35.84918778568328, -5.04854521815092}. 
103. Score 17297.95; {76.00860253061225, -40.33651878434456, 4.459106187956983, -8.29914384615675, 3.28460175240812, -54.95619564502734, -19.45286902966471, -34.09317800893726, -24.519242961000565, -43.034802507679004, -254.1213700818112, -46.25605265918853, -51.173763786882766, -32.75969367556464, -49.626708737296205, -13.519614406195915}. 
104. Score 15838.27; {76.00860253061225, -40.33651878434456, 4.459106187956983, -8.29914384615675, 3.28460175240812, -54.95619564502734, -19.45286902966471, -34.09317800893726, -24.519242961000565, -43.034802507679004, -254.1213700818112, -46.25605265918853, -51.173763786882766, -32.75969367556464, -49.626708737296205, -13.519614406195915}. 
105. Score 16979.31; {65.43729895306748, -42.143067584487056, 6.27209091349799, -10.56899820982322, -4.928637248176794, -50.06008292508995, -27.199678243093878, -35.490826773440524, -28.465866157907072, -26.365198719965626, -279.3550753400375, -34.85934785784027, -19.469011529215894, -26.083695187111726, -35.84918778568328, -5.04854521815092}. 
106. Score 16468.73; {65.43729895306748, -42.143067584487056, 6.27209091349799, -10.56899820982322, -4.928637248176794, -50.06008292508995, -27.199678243093878, -35.490826773440524, -28.465866157907072, -26.365198719965626, -279.3550753400375, -34.85934785784027, -19.469011529215894, -26.083695187111726, -35.84918778568328, -5.04854521815092}. 
107. Score 16405.34; {70.12932258420766, -55.106615386257474, 3.213659552300453, -12.067204412428172, -9.224338909248312, -55.544086560950966, -29.563952163170747, -37.288358092530416, -29.384295205320434, -29.8446895095312, -276.37219364408674, -43.36596838710516, -19.4634824572003, -19.921976814568865, -37.565480278648316, -7.458714182954919}. 
108. Score 17453.05; {74.65553864388764, -38.3843722796021, -11.915643829958569, -4.580380996321772, 4.0827992922045375, -48.4711820260201, -21.59716504477253, -26.561932096397577, -18.212722481528104, -28.147410752230716, -264.67181067850134, -37.22161148552413, -37.53808865879859, -40.27996177725112, -50.124463925207834, -12.649570578010655}. 
109. Score 18300.35; {74.6589968553186, -46.07316186419461, -3.321819037184862, -10.823044989093214, 2.818503310944372, -43.94083443431321, -20.42033473368627, -33.054214264552314, -27.7747885741342, -26.292922954274964, -275.87877127808844, -38.08636011404082, -29.42982605679775, -32.64295779322685, -49.17882882051462, -6.5499674013719655}. 
110. Score 16894.07; {73.2730835905709, -45.57018739314447, -4.570249870397939, -5.502352331661145, -5.3039934417185375, -54.41313640694041, -29.75992436324429, -31.033505513207214, -23.02431863836147, -36.57897671599372, -268.4444166579413, -41.817935561185415, -36.574486748847086, -25.336344192866484, -40.83210379185048, -1.810430548645881}. 
111. Score 18331.88; {74.6589968553186, -46.07316186419461, -3.321819037184862, -10.823044989093214, 2.818503310944372, -43.94083443431321, -20.42033473368627, -33.054214264552314, -27.7747885741342, -26.292922954274964, -275.87877127808844, -38.08636011404082, -29.42982605679775, -32.64295779322685, -49.17882882051462, -6.5499674013719655}. 
112. Score 16109.84; {74.6589968553186, -46.07316186419461, -3.321819037184862, -10.823044989093214, 2.818503310944372, -43.94083443431321, -20.42033473368627, -33.054214264552314, -27.7747885741342, -26.292922954274964, -275.87877127808844, -38.08636011404082, -29.42982605679775, -32.64295779322685, -49.17882882051462, -6.5499674013719655}. 
113. Score 15947.58; {69.45011874756096, -40.10143012978817, 1.3046706715363887, -10.846863742948878, -2.3826134207986738, -56.538010188199586, -19.46686334012034, -25.486893864520468, -30.10048293676665, -24.77050232395365, -263.7914842357493, -33.98944526363934, -33.466101124674886, -19.72745165962082, -51.1705562438364, -11.168464806477532}. 
114. Score 16358.87; {79.66225626987337, -47.17411620606855, 5.283525362280815, -16.869849881564257, -0.07824668535015666, -50.8758783941921, -22.867290693916388, -32.581057732544856, -36.84181456737811, -35.497981226298876, -280.9570242605799, -35.06098080860975, -29.560414745847623, -22.077133329136736, -59.121314879726825, -11.01329406256785}. 
115. Score 15690.42; {74.03873938353026, -43.00541002125665, 3.197998718264401, -14.358068486562704, -0.3534832894533393, -51.9734006420907, -27.807228276172108, -38.19191413398492, -38.77717204124703, -29.468917703036208, -257.40138032664726, -30.318808904999564, -36.85294167208869, -24.077760028078117, -44.40645052021607, -11.289599574705726}. 
116. Score 16605.59; {74.03873938353026, -43.00541002125665, 3.197998718264401, -14.358068486562704, -0.3534832894533393, -51.9734006420907, -27.807228276172108, -38.19191413398492, -38.77717204124703, -29.468917703036208, -257.40138032664726, -30.318808904999564, -36.85294167208869, -24.077760028078117, -44.40645052021607, -11.289599574705726}. 
117. Score 19347.99; {74.03873938353026, -43.00541002125665, 3.197998718264401, -14.358068486562704, -0.3534832894533393, -51.9734006420907, -27.807228276172108, -38.19191413398492, -38.77717204124703, -29.468917703036208, -257.40138032664726, -30.318808904999564, -36.85294167208869, -24.077760028078117, -44.40645052021607, -11.289599574705726}. 
118. Score 16129.53; {73.59259138956928, -46.2237765220259, 5.185478491370536, -12.586929654266587, -8.85341030414797, -63.645897887970605, -29.45301763963957, -36.302319524655374, -33.88671360874783, -40.366188260473756, -280.3537598600211, -30.72256817088583, -34.18572639711787, -22.76650249153014, -49.26342339340951, -14.643398190768558}. 
119. Score 18085.96; {70.40517769709224, -48.428951131204926, 1.8640796348862414, -6.582056345353787, -9.191002821531209, -53.86044329193983, -19.754040479583534, -30.479668327880724, -29.857087758555338, -28.74972369304313, -259.66502961935714, -36.71881058302839, -29.573508252988677, -18.47023175257568, -45.166943023194776, -6.307174625824896}. 
120. Score 15936.49; {74.03873938353026, -43.00541002125665, 3.197998718264401, -14.358068486562704, -0.3534832894533393, -51.9734006420907, -27.807228276172108, -38.19191413398492, -38.77717204124703, -29.468917703036208, -257.40138032664726, -30.318808904999564, -36.85294167208869, -24.077760028078117, -44.40645052021607, -11.289599574705726}. 
Average performance now of best params: 476451.57
121. Score 16433.0; {73.59259138956928, -46.2237765220259, 5.185478491370536, -12.586929654266587, -8.85341030414797, -63.645897887970605, -29.45301763963957, -36.302319524655374, -33.88671360874783, -40.366188260473756, -280.3537598600211, -30.72256817088583, -34.18572639711787, -22.76650249153014, -49.26342339340951, -14.643398190768558}. 
122. Score 17830.44; {74.03873938353026, -43.00541002125665, 3.197998718264401, -14.358068486562704, -0.3534832894533393, -51.9734006420907, -27.807228276172108, -38.19191413398492, -38.77717204124703, -29.468917703036208, -257.40138032664726, -30.318808904999564, -36.85294167208869, -24.077760028078117, -44.40645052021607, -11.289599574705726}. 
123. Score 16997.71; {73.59259138956928, -46.2237765220259, 5.185478491370536, -12.586929654266587, -8.85341030414797, -63.645897887970605, -29.45301763963957, -36.302319524655374, -33.88671360874783, -40.366188260473756, -280.3537598600211, -30.72256817088583, -34.18572639711787, -22.76650249153014, -49.26342339340951, -14.643398190768558}. 
124. Score 17733.4; {78.97458498227974, -46.163983201613945, 1.5034364722657159, -10.130813050722313, 2.7967923667252608, -56.79405453109972, -34.73121977897886, -41.7767380672844, -31.07817838996425, -29.0600234744375, -263.941084472747, -35.23613803290249, -27.070945614183067, -17.669665566251602, -46.73294997960342, -9.785404971763281}. 
125. Score 18594.57; {78.97458498227974, -46.163983201613945, 1.5034364722657159, -10.130813050722313, 2.7967923667252608, -56.79405453109972, -34.73121977897886, -41.7767380672844, -31.07817838996425, -29.0600234744375, -263.941084472747, -35.23613803290249, -27.070945614183067, -17.669665566251602, -46.73294997960342, -9.785404971763281}. 
126. Score 17440.81; {65.03433314001165, -48.919733250415064, 5.898126086536993, -6.696195333263599, -9.367645438013072, -61.02408890682247, -30.538635666268295, -28.218303217244205, -36.261211055111055, -40.24656743186206, -273.00300601793475, -29.29508894816182, -28.955023017143112, -15.543064442084813, -57.40712458746296, -4.922405243954664}. 
127. Score 16541.13; {74.54260838347533, -54.609050031108204, 6.374390198493824, -6.979550853319654, -6.383657479894192, -59.86314528382446, -22.051170994169624, -41.14314630153776, -38.10357450991932, -51.157423551975, -295.87356389534244, -31.87082435318464, -28.07314403118045, -15.74771941078021, -48.76156531019075, -10.745388139388334}. 
128. Score 20272.52; {74.54260838347533, -54.609050031108204, 6.374390198493824, -6.979550853319654, -6.383657479894192, -59.86314528382446, -22.051170994169624, -41.14314630153776, -38.10357450991932, -51.157423551975, -295.87356389534244, -31.87082435318464, -28.07314403118045, -15.74771941078021, -48.76156531019075, -10.745388139388334}. 
129. Score 20138.58; {73.59259138956928, -46.2237765220259, 5.185478491370536, -12.586929654266587, -8.85341030414797, -63.645897887970605, -29.45301763963957, -36.302319524655374, -33.88671360874783, -40.366188260473756, -280.3537598600211, -30.72256817088583, -34.18572639711787, -22.76650249153014, -49.26342339340951, -14.643398190768558}. 
130. Score 17999.4; {64.65298221485033, -42.31558298300824, -2.001367162068931, -15.265280675850871, -3.9630317553622207, -49.70166686619294, -26.89562906850901, -39.749649289438565, -35.10509005275538, -24.518027617068185, -283.9564922595437, -31.622551683985876, -32.61377817157113, -23.512677614145524, -45.58475327524932, -16.51223509080229}. 
131. Score 18456.09; {71.87317207730968, -43.21010716422237, 4.045136591066042, -12.75833253589694, -0.38327093104843124, -45.7882978305265, -17.039980003149076, -35.90541993526524, -30.258003648207822, -42.13121293912025, -259.3343974821817, -35.78931588935656, -31.518213648270013, -30.42091790754531, -38.52642173964967, -16.141912991105638}. 
132. Score 17321.83; {83.09381411321502, -37.49623397574655, 9.080138287368229, -9.38757823244802, 2.856877420452972, -57.45298957237375, -26.725101613437403, -45.31194977742609, -32.51319481961374, -44.7184448502741, -279.4082590070074, -46.56868545063866, -36.33846746748394, -18.08196598446419, -54.99775119009685, -20.134402143429543}. 
133. Score 17280.13; {78.52463193822346, -53.20189902896753, 0.5836754400487632, -5.069380690293026, -5.909389811064543, -63.075988655467285, -38.07981291346471, -39.927544482770415, -28.631343753819547, -47.0545501852994, -271.13220484226366, -34.034699552157406, -35.86707908676971, -19.750196184683507, -41.45388575267967, -6.90256969034199}. 
134. Score 19578.04; {73.59259138956928, -46.2237765220259, 5.185478491370536, -12.586929654266587, -8.85341030414797, -63.645897887970605, -29.45301763963957, -36.302319524655374, -33.88671360874783, -40.366188260473756, -280.3537598600211, -30.72256817088583, -34.18572639711787, -22.76650249153014, -49.26342339340951, -14.643398190768558}. 
135. Score 18124.92; {71.90740450060056, -58.691465746725534, 2.2948619808837845, -7.965914682227258, -6.29887133141229, -63.60436097772836, -36.41079188489162, -34.45731611366024, -43.08165656252905, -46.66349850889144, -284.64468749582113, -39.63344335192607, -35.188078027263145, -11.78725265594047, -54.787781018441635, -4.773398534463709}. 
136. Score 17081.24; {71.27672584691602, -31.284404408537824, 2.0242709039153968, -4.897809278281804, -4.112277368784884, -61.9444773536522, -29.467118133894154, -42.23353653733866, -43.5274820352563, -39.075321660651596, -275.60542208037134, -46.53530354834423, -29.566041630695786, -15.5363964697124, -48.47488661772463, -12.189416377607845}. 
137. Score 17937.63; {61.702113570511926, -42.41395703793671, 5.600948483498979, -8.666669907553155, -9.92733877592981, -56.47623935098355, -29.253176973766898, -41.70632497794656, -40.7205415890012, -49.87054244461097, -301.79891927403924, -33.04018311200837, -44.835560989763096, -19.637911556698135, -50.454001783164344, -11.878938848317441}. 
138. Score 18326.88; {74.7249896210013, -38.75174487230764, 5.91208380370894, -4.375987595848679, -3.6389739354189534, -67.8212950818563, -28.919667935793857, -46.898087141666885, -36.84421316652152, -42.74756507521056, -279.64842676020805, -47.03677215134207, -31.782885190013424, -15.68974501003389, -39.10156217868494, -10.186050204380468}. 
139. Score 22612.42; {75.86647938349738, -52.197964577094965, 6.203267611765225, -7.85663042231783, -12.477287379966006, -59.96799479094914, -30.00637384773498, -42.38887556682117, -39.12376198996485, -40.4237486547062, -304.9217791346986, -34.45579555241535, -39.229391861664645, -33.227390286661965, -54.66653593071903, -14.655647097348018}. 
140. Score 20250.86; {65.94764676981588, -39.99432001036687, 3.707965772331632, -9.862160190206017, 4.161739768535845, -71.68037227040831, -40.731916765686776, -59.57910359656108, -51.36449942200073, -48.931054170174775, -289.87739997018156, -31.016674827208625, -33.19790406679886, -10.129454631829544, -34.58555715486544, -13.909112125783423}. 
Average performance now of best params: 503022.73
141. Score 19254.04; {75.41336903649066, -51.40515392765485, -3.965911486229958, -1.8439937658648282, -12.815136606210435, -63.86309321903536, -25.65366899766682, -39.519468719480244, -32.50408092106298, -39.65847518606148, -294.5084609713781, -32.147832329708905, -33.09409260360668, -21.838921549112083, -49.22283911790966, -13.185999420936907}. 
142. Score 17628.46; {65.94764676981588, -39.99432001036687, 3.707965772331632, -9.862160190206017, 4.161739768535845, -71.68037227040831, -40.731916765686776, -59.57910359656108, -51.36449942200073, -48.931054170174775, -289.87739997018156, -31.016674827208625, -33.19790406679886, -10.129454631829544, -34.58555715486544, -13.909112125783423}. 
143. Score 18486.57; {65.94764676981588, -39.99432001036687, 3.707965772331632, -9.862160190206017, 4.161739768535845, -71.68037227040831, -40.731916765686776, -59.57910359656108, -51.36449942200073, -48.931054170174775, -289.87739997018156, -31.016674827208625, -33.19790406679886, -10.129454631829544, -34.58555715486544, -13.909112125783423}. 
144. Score 18295.89; {85.34922899043335, -46.35311284309872, -3.0093595229972965, -6.1103228351327115, -5.714886053658009, -60.71548316213846, -27.888422461177406, -35.82975147936734, -23.43939444624491, -35.12814499403085, -293.9931293356329, -44.24867298132228, -37.68049003761772, -22.95679837706031, -55.38616921487999, -8.777700090523581}. 
145. Score 17194.25; {85.34922899043335, -46.35311284309872, -3.0093595229972965, -6.1103228351327115, -5.714886053658009, -60.71548316213846, -27.888422461177406, -35.82975147936734, -23.43939444624491, -35.12814499403085, -293.9931293356329, -44.24867298132228, -37.68049003761772, -22.95679837706031, -55.38616921487999, -8.777700090523581}. 
146. Score 19465.31; {66.7654221550901, -37.91744130643691, 1.1148327260604791, -17.65919054983369, -3.5975486078804315, -75.6370239782521, -52.704615987573675, -59.56566866603177, -49.34996371255657, -50.782422223325455, -276.7932853695231, -30.910700002962102, -40.01897890832297, 5.327661639713586, -42.69656792325796, -8.1588557230736}. 
147. Score 20128.6; {73.10102781532837, -46.89970913939786, -4.199949374420753, -15.028409599691033, 2.0186528859376507, -64.43080843677234, -33.02083015451383, -47.874685166981614, -36.54376789613784, -41.547689770365565, -282.3517349567364, -42.798129244038655, -37.5266017695838, -12.038922057176283, -46.11271656983112, -12.634600635640087}. 
148. Score 18180.49; {66.7654221550901, -37.91744130643691, 1.1148327260604791, -17.65919054983369, -3.5975486078804315, -75.6370239782521, -52.704615987573675, -59.56566866603177, -49.34996371255657, -50.782422223325455, -276.7932853695231, -30.910700002962102, -40.01897890832297, 5.327661639713586, -42.69656792325796, -8.1588557230736}. 
149. Score 17851.08; {72.79207392027548, -40.183577870036316, 6.313369176347388, -7.069927994562017, -1.4076885075359395, -70.877551135416, -40.89629003590207, -52.72993197093507, -39.86031175372098, -47.65066083885643, -273.46591052285316, -44.55139329276297, -30.628598511911854, -4.691299176037489, -43.440923816835294, -17.14650510315185}. 
150. Score 18069.36; {66.7654221550901, -37.91744130643691, 1.1148327260604791, -17.65919054983369, -3.5975486078804315, -75.6370239782521, -52.704615987573675, -59.56566866603177, -49.34996371255657, -50.782422223325455, -276.7932853695231, -30.910700002962102, -40.01897890832297, 5.327661639713586, -42.69656792325796, -8.1588557230736}. 
151. Score 18959.73; {70.63133568021888, -47.77023349850589, -1.3427196517518958, -12.082082235622792, -1.5697277071044928, -66.92461277227966, -31.594572549464587, -41.76995415540622, -44.32090859790565, -32.29650077369948, -295.7679098330445, -29.630299264098774, -30.014724145901443, -14.977721480930853, -49.17919934016227, -3.9801961994218953}. 
152. Score 16747.86; {68.3923371692891, -40.074218052502275, 7.486839671730748, -11.588316276036387, 3.4205893114305597, -80.9867642584721, -36.82888280848394, -51.96272040101346, -43.86371203698957, -39.8711221581367, -287.8063320161811, -38.701584156330156, -22.5884735198022, -5.669967963794741, -42.254239052075775, -15.530050655324953}. 
153. Score 18879.41; {59.98726759622278, -40.09636485945269, 8.244903035521267, -14.477961344864191, -6.706060954360004, -69.27559253609623, -40.3470308288025, -60.69556830598868, -49.439314012012765, -60.087385792700715, -279.60109848088706, -24.30154277221422, -30.607495048362843, -4.275647077062313, -32.411523247156666, -9.270866253961028}. 
154. Score 20032.43; {59.594678573989135, -43.355223430443466, 6.768074153617997, -13.069308731374807, -7.6009015808969504, -69.5589199073214, -36.540330245904265, -43.51053014476539, -47.268083199329254, -35.11518535651993, -300.98931168827403, -23.888755653715968, -18.951547041119028, -9.183847335950725, -44.31444666909262, -8.682265040686945}. 
155. Score 19978.24; {59.98726759622278, -40.09636485945269, 8.244903035521267, -14.477961344864191, -6.706060954360004, -69.27559253609623, -40.3470308288025, -60.69556830598868, -49.439314012012765, -60.087385792700715, -279.60109848088706, -24.30154277221422, -30.607495048362843, -4.275647077062313, -32.411523247156666, -9.270866253961028}. 
156. Score 18674.48; {64.96733243912728, -44.53502932199435, -0.609753305620429, -9.837656533939139, -4.069243026180619, -65.47986505683534, -44.56435568875832, -49.56709177036083, -51.42537583981232, -60.13703277676361, -282.2102976225917, -30.720100573079463, -36.50197824829866, -4.941311441975818, -47.22522717240999, -7.703543271057802}. 
157. Score 19608.93; {64.96733243912728, -44.53502932199435, -0.609753305620429, -9.837656533939139, -4.069243026180619, -65.47986505683534, -44.56435568875832, -49.56709177036083, -51.42537583981232, -60.13703277676361, -282.2102976225917, -30.720100573079463, -36.50197824829866, -4.941311441975818, -47.22522717240999, -7.703543271057802}. 
158. Score 19562.02; {64.96733243912728, -44.53502932199435, -0.609753305620429, -9.837656533939139, -4.069243026180619, -65.47986505683534, -44.56435568875832, -49.56709177036083, -51.42537583981232, -60.13703277676361, -282.2102976225917, -30.720100573079463, -36.50197824829866, -4.941311441975818, -47.22522717240999, -7.703543271057802}. 
159. Score 20902.11; {64.96733243912728, -44.53502932199435, -0.609753305620429, -9.837656533939139, -4.069243026180619, -65.47986505683534, -44.56435568875832, -49.56709177036083, -51.42537583981232, -60.13703277676361, -282.2102976225917, -30.720100573079463, -36.50197824829866, -4.941311441975818, -47.22522717240999, -7.703543271057802}. 
160. Score 18439.87; {69.88070656008487, -46.41883807708929, -7.591094352674946, 2.745203918885186, -5.6944086790798, -72.62571363944002, -44.146020905222315, -44.0447550399485, -43.06154337258163, -50.3009037989096, -286.5113607156955, -32.619837933868084, -31.845048590915713, -4.640360715972156, -51.97806468468937, -11.957338757458096}. 
Average performance now of best params: 288552.44
161. Score 18220.26; {60.95838191931519, -44.6297969656375, -4.732588978827053, -10.233590076629596, -6.201900656186622, -62.0138730330051, -39.4774644659523, -55.428936403554076, -47.438838965034925, -46.96184647935894, -293.39837520430507, -15.122313378012121, -23.06079788950356, -7.912923445177446, -35.23493952769, -5.016195729771734}. 
162. Score 19690.58; {64.96733243912728, -44.53502932199435, -0.609753305620429, -9.837656533939139, -4.069243026180619, -65.47986505683534, -44.56435568875832, -49.56709177036083, -51.42537583981232, -60.13703277676361, -282.2102976225917, -30.720100573079463, -36.50197824829866, -4.941311441975818, -47.22522717240999, -7.703543271057802}. 
163. Score 19130.64; {64.96733243912728, -44.53502932199435, -0.609753305620429, -9.837656533939139, -4.069243026180619, -65.47986505683534, -44.56435568875832, -49.56709177036083, -51.42537583981232, -60.13703277676361, -282.2102976225917, -30.720100573079463, -36.50197824829866, -4.941311441975818, -47.22522717240999, -7.703543271057802}. 
164. Score 18959.58; {64.96733243912728, -44.53502932199435, -0.609753305620429, -9.837656533939139, -4.069243026180619, -65.47986505683534, -44.56435568875832, -49.56709177036083, -51.42537583981232, -60.13703277676361, -282.2102976225917, -30.720100573079463, -36.50197824829866, -4.941311441975818, -47.22522717240999, -7.703543271057802}. 
165. Score 21107.83; {64.96733243912728, -44.53502932199435, -0.609753305620429, -9.837656533939139, -4.069243026180619, -65.47986505683534, -44.56435568875832, -49.56709177036083, -51.42537583981232, -60.13703277676361, -282.2102976225917, -30.720100573079463, -36.50197824829866, -4.941311441975818, -47.22522717240999, -7.703543271057802}. 
166. Score 17918.57; {64.96733243912728, -44.53502932199435, -0.609753305620429, -9.837656533939139, -4.069243026180619, -65.47986505683534, -44.56435568875832, -49.56709177036083, -51.42537583981232, -60.13703277676361, -282.2102976225917, -30.720100573079463, -36.50197824829866, -4.941311441975818, -47.22522717240999, -7.703543271057802}. 
167. Score 20519.14; {64.96733243912728, -44.53502932199435, -0.609753305620429, -9.837656533939139, -4.069243026180619, -65.47986505683534, -44.56435568875832, -49.56709177036083, -51.42537583981232, -60.13703277676361, -282.2102976225917, -30.720100573079463, -36.50197824829866, -4.941311441975818, -47.22522717240999, -7.703543271057802}. 
168. Score 18114.24; {67.70561416559586, -40.38886175438531, 3.7149133313817146, -17.886541506139277, 0.9432667627546216, -73.90408150881177, -51.03312936574126, -54.85142930961249, -55.02190679984282, -54.38704615409882, -279.71869686812397, -31.71074989328137, -37.62591256455104, -1.126153042273864, -38.41145769172957, -11.57066436527505}. 
169. Score 18419.24; {71.76538573548153, -45.970012483953866, -3.0415833444098355, -2.551381337550011, -11.142373602274818, -74.49994243503384, -45.03301128994038, -58.44680967976274, -43.04862066640338, -57.74571857825546, -294.6991035693633, -41.14659268575545, -39.63396537905686, -2.065915103699899, -41.02238249625933, -9.126025358021943}. 
170. Score 20834.43; {71.76538573548153, -45.970012483953866, -3.0415833444098355, -2.551381337550011, -11.142373602274818, -74.49994243503384, -45.03301128994038, -58.44680967976274, -43.04862066640338, -57.74571857825546, -294.6991035693633, -41.14659268575545, -39.63396537905686, -2.065915103699899, -41.02238249625933, -9.126025358021943}. 
