
nSamples 100, nElitists 10, initialNoise 7.0, noiseStep -0.1, holes: 
48.33; [0.6169211223500916, -2.638678443110862, -4.158327649772177, 3.8941159206316516, -4.845995010008593, -22.358072491780433, 1.400200323375604, -0.24075261769146553, 2.5699413226272183, -16.241328592860732, -3.1175516963881695, -11.290055461321382, -4.077014075574321, -17.507648744198484, 1.8657932725348636, -14.65590906376211]. 
71.63; [6.596422154121662, 4.60578737516512, -2.550171893286791, 4.369806392373821, 7.458198781320532, -6.686742917242018, 2.1649896873856096, -3.4924036695057286, 1.3040512363857824, -4.633727556019649, -1.741560984215519, -13.710813700547916, -9.767007075193618, -13.697083091310494, 0.03831133686708821, -18.489254281448236]. 
150.74; [9.849245465373851, 1.1722998762913965, -4.870071768341627, -7.73182305247544, 2.6383472966207466, 8.41781619129212, -2.091301322248177, -3.9583155949840907, -2.5294171703710204, -5.0043792581339845, 3.288876823769278, -12.975997438786848, -12.83421876901534, -17.190670918396243, -3.7397353154445296, -22.236009221243037]. 
249.14; [9.632144491517476, -2.9237345303131854, -9.612827664610641, -1.5451258205649616, -0.34265920631810287, -2.9636221588917353, -5.522615893936896, -5.687528877892577, -2.3237427092962992, -9.535514098634177, -8.495238676092475, -16.97147266488866, -12.485414349094984, -14.710244738152078, -4.0194126121411555, -20.535380828861985]. 
465.28; [11.976236014679674, -2.9604772469032046, -7.744144784655972, -2.0829059594306423, -1.4912546170746979, 1.4634931476528807, -3.785977245886322, -9.417053626479731, 3.029712833262427, -8.637631859908975, -5.562729464590989, -9.284618664295998, -18.64327434556325, -11.5653359971252, -1.5843122314054647, -12.158863853528176]. 
577.6; [10.506315033360814, 2.829883352951562, -12.248879552273346, -3.11312731134006, 0.40351501465276673, -2.0210040277439827, -2.5118944224415793, -6.078882083281874, 1.1047312248991705, -1.844564306005636, -9.779825578883086, -7.568549191191762, -13.653434939303171, -11.91778784380198, -1.820002027095599, -9.660767123323636]. 
1130.88; [6.929963736065019, 1.8389316666902717, -7.889398327622202, 2.1663717363019446, -4.636986258066441, 1.8520082731155036, 0.12708089690084545, -3.5824714066241787, -1.6733725941583362, -0.9126932752669559, -12.768686325925248, -11.035698965852559, -16.014515169840873, -15.366372358864407, -2.01906272511982, -8.290453633154591]. 
1354.86; [16.739955547943307, -2.157998215234375, -5.311151250624032, 0.7182776507707301, -0.9950456651656743, 2.7063687412044417, -3.0233534044888883, -4.006773206681201, -5.103377559064073, -7.6889596255198285, -13.132327526994318, -20.655242772483483, -22.240255997947894, -16.091971735911244, 1.6401279349759013, -8.039091138225121]. 
4191.03; [7.33983808538633, 2.727329766453013, -8.00838295463315, -4.373843881150738, -2.865459236224906, 2.054898203787997, -6.424448448298166, -1.5725024895302746, -1.15833820523942, -0.4341847097965572, -18.964105910852826, -3.4944335891509857, -15.806684952192455, -11.588717935681807, 1.3854103478117041, -0.6918033978564821]. 
7471.25; [8.233651139290787, -7.555995111339522, -7.412428148658365, 4.060416224076549, -3.3001938169817393, 1.8335110823554972, -0.8296029520181833, -4.968643072458619, -6.872321893213839, -3.881168080084728, -13.772504066794427, -5.432200100257404, -20.17550462991058, -11.645559274429456, -6.520354259234744, -3.4199848157850665]. 
11167.17; [10.641183365618105, -5.883728890546957, -3.7497510778149907, -1.682314053387834, -2.0079593400346676, -1.9540064330091174, -1.5607231119243012, -1.6163338823148434, -2.696179248978635, -4.313997110898548, -14.943490622994577, -2.3978306544186623, -25.184177792991445, -18.11864108679704, -1.8552954724537116, -1.8698113982269442]. 
15561.48; [9.328033243725196, -6.130968829038191, -7.122068948057804, 2.4502197142230284, -0.6765995786915147, 2.3449539178241183, -2.6855636146242494, -4.301357072077507, -4.815005785158503, -5.972819616254862, -18.637593613752905, -1.2632652009803111, -20.783327412606152, -14.504095101276464, -2.4130581534997955, -2.1076790347697663]. 
15266.42; [9.328033243725196, -6.130968829038191, -7.122068948057804, 2.4502197142230284, -0.6765995786915147, 2.3449539178241183, -2.6855636146242494, -4.301357072077507, -4.815005785158503, -5.972819616254862, -18.637593613752905, -1.2632652009803111, -20.783327412606152, -14.504095101276464, -2.4130581534997955, -2.1076790347697663]. 
23438.78; [11.820417640531113, -8.971365669860734, -1.7087119230500991, 3.7504521337275696, -2.4193109486226136, -6.073151182515997, 1.8334731374233268, -3.200346800076568, -3.757071951043333, -4.9304519976535595, -21.170099383388518, -8.85143728330534, -19.62549686931947, -12.244703251111005, -8.175575140395303, -0.9386054096265406]. 
27480.92; [11.820417640531113, -8.971365669860734, -1.7087119230500991, 3.7504521337275696, -2.4193109486226136, -6.073151182515997, 1.8334731374233268, -3.200346800076568, -3.757071951043333, -4.9304519976535595, -21.170099383388518, -8.85143728330534, -19.62549686931947, -12.244703251111005, -8.175575140395303, -0.9386054096265406]. 
34983.64; [10.383020378976966, -8.18000668516597, -3.67124878953592, -0.016565096028527293, -3.8967475724396015, 1.5781565266061766, 2.9178771042988125, 0.3838698051299163, -0.16229225656587243, -1.4014845898315986, -18.61377583695159, -4.980925921099612, -20.647398519637697, -12.688302933452567, -12.410078077095037, -1.4804247136113742]. 
56233.35; [10.540806199282441, -6.466116271844328, 0.15967056570094362, -2.530753117243312, 2.0283049167977634, -3.1666844632257694, 4.822987389673674, -1.7046958853386933, 0.3563032092113929, -6.173645568504096, -26.778235750537082, -7.916787155468103, -22.660830476368215, -13.496557055762084, -11.634468702366785, -1.2960644713968716]. 
51482.47; [7.919711250513354, -5.820375089295115, -4.149015364588005, -0.28036993015056016, -4.432779995798861, -2.6320803688252727, -1.2442170466432705, -3.664396081047808, -0.8846092854599452, -4.204150182077355, -25.794681232883903, -8.272352767630675, -21.636387614518746, -13.248294537228977, -6.4762756724079775, -1.1550630737299898]. 
71636.72; [14.440647043421457, -9.220773676122054, -0.8999493044799429, -0.06695610071737451, 0.05282803561064653, -5.649088885463966, -0.28812872906634324, -7.664555939153579, -1.4647898560355874, -1.606665407737204, -32.93146405129509, -7.608175095714157, -24.89431820658161, -12.29478784314765, -13.03031547694886, -3.669801469558041]. 
85250.16; [9.314655208199692, -6.683667354243594, -5.501108971127984, -1.2407722699781667, -2.114043820340573, -6.472217680780249, 0.17815007004334982, -6.157093975807379, -0.8628924307908346, -5.599716111140748, -28.628311246530238, -7.598031815143278, -24.823248467422154, -11.378401077260195, -7.614272376476061, -1.1388301945249908]. 
77179.36; [14.440647043421457, -9.220773676122054, -0.8999493044799429, -0.06695610071737451, 0.05282803561064653, -5.649088885463966, -0.28812872906634324, -7.664555939153579, -1.4647898560355874, -1.606665407737204, -32.93146405129509, -7.608175095714157, -24.89431820658161, -12.29478784314765, -13.03031547694886, -3.669801469558041]. 
103703.52; [13.179934425709863, -7.610848184440615, -1.4001166925792559, -2.4632675975359968, -2.3528054496552797, -6.604672712416883, -4.098076130964486, -4.1287936230173345, -2.0554024417432686, -6.658053987577201, -32.52225043516371, -8.946041923943103, -24.140927554750252, -7.783617834299404, -13.180615850033021, -0.02375134045865268]. 
119878.07; [13.179934425709863, -7.610848184440615, -1.4001166925792559, -2.4632675975359968, -2.3528054496552797, -6.604672712416883, -4.098076130964486, -4.1287936230173345, -2.0554024417432686, -6.658053987577201, -32.52225043516371, -8.946041923943103, -24.140927554750252, -7.783617834299404, -13.180615850033021, -0.02375134045865268]. 
134723.05; [11.525051096453598, -6.203424478442133, 1.7149704031263937, -6.021536176573926, 0.7699818899706926, -5.709569002127717, 0.17586590346243292, -5.87623811113342, -6.385817655781041, -1.999393889509392, -29.80299111258915, -8.336013084914683, -20.958261138053505, -10.20243232265235, -9.04689308355693, -1.0426204467832347]. 
160358.44; [11.199456666682917, -6.942549277912544, 3.1552246584810106, -4.448969214547727, 0.13091081190708742, -4.959007259289431, 0.029116798014204637, -5.847659177207011, -4.260932435391638, -6.791510561253681, -30.019015542745407, -14.122584613869616, -16.66702043333495, -5.621146947118222, -10.525579555695407, -0.7490871104384338]. 
151259.12; [11.199456666682917, -6.942549277912544, 3.1552246584810106, -4.448969214547727, 0.13091081190708742, -4.959007259289431, 0.029116798014204637, -5.847659177207011, -4.260932435391638, -6.791510561253681, -30.019015542745407, -14.122584613869616, -16.66702043333495, -5.621146947118222, -10.525579555695407, -0.7490871104384338]. 
188106.96; [11.199456666682917, -6.942549277912544, 3.1552246584810106, -4.448969214547727, 0.13091081190708742, -4.959007259289431, 0.029116798014204637, -5.847659177207011, -4.260932435391638, -6.791510561253681, -30.019015542745407, -14.122584613869616, -16.66702043333495, -5.621146947118222, -10.525579555695407, -0.7490871104384338]. 
154081.25; [11.199456666682917, -6.942549277912544, 3.1552246584810106, -4.448969214547727, 0.13091081190708742, -4.959007259289431, 0.029116798014204637, -5.847659177207011, -4.260932435391638, -6.791510561253681, -30.019015542745407, -14.122584613869616, -16.66702043333495, -5.621146947118222, -10.525579555695407, -0.7490871104384338]. 
148962.69; [12.885143612529367, -9.261598190212299, 4.60350607336639, -2.5750988085681774, -0.43501251305974487, -5.862575518745417, 1.4495587453015544, -8.90003038706939, -1.7289127904907244, -5.296485444364077, -33.683313768443085, -13.860427715903128, -20.792539514891196, -11.60454691505646, -5.902103242561481, -1.387742979046899]. 
172393.03; [14.233706420807712, -6.751518611570955, 0.9789215389343169, -0.955743595658221, 1.5156640310333866, -3.554455815712233, 0.5586217319880218, -5.157544901226908, -2.8196177966871487, -4.435747932368299, -35.58563586249649, -11.87642705169784, -20.731663656125413, -12.622186762137474, -11.530827331869922, -1.0636443431049871]. 
252125.04; [16.681920622980844, -9.691498505017623, 2.209154564132169, -1.262685940559758, -0.6182961032038976, -8.339200072308428, 1.6138655697004511, -6.278637074502234, -1.5953682512343925, -6.177245810916494, -39.45703039318027, -12.32484148356857, -21.4958847567884, -10.85569267910327, -10.848935639739954, -0.7866595509514929]. 
243135.86; [16.681920622980844, -9.691498505017623, 2.209154564132169, -1.262685940559758, -0.6182961032038976, -8.339200072308428, 1.6138655697004511, -6.278637074502234, -1.5953682512343925, -6.177245810916494, -39.45703039318027, -12.32484148356857, -21.4958847567884, -10.85569267910327, -10.848935639739954, -0.7866595509514929]. 
246658.8; [16.681920622980844, -9.691498505017623, 2.209154564132169, -1.262685940559758, -0.6182961032038976, -8.339200072308428, 1.6138655697004511, -6.278637074502234, -1.5953682512343925, -6.177245810916494, -39.45703039318027, -12.32484148356857, -21.4958847567884, -10.85569267910327, -10.848935639739954, -0.7866595509514929]. 
274809.59; [13.971092298045988, -7.867967029788532, 2.651389451260058, -1.3412292155640597, -1.6031831807501, -7.173191774711211, -0.574318473651416, -5.303127679163247, -4.361546874100067, -5.653325336629084, -36.434617269616616, -13.960158258880641, -21.107622550048468, -8.998621052531957, -8.779320714014696, -2.444452202860279]. 
295051.18; [15.664148693576763, -8.181358253769814, 0.47651386453226463, 0.8199564393111731, -2.4164233090429237, -8.032434635964018, -2.5138546086482574, -7.963174269971821, -4.064838785602381, -6.7974159580214755, -39.89566834887278, -12.96211022575101, -21.90319777683557, -9.224989036645873, -8.42479427305986, -1.871037415919614]. 
282934.07; [16.681920622980844, -9.691498505017623, 2.209154564132169, -1.262685940559758, -0.6182961032038976, -8.339200072308428, 1.6138655697004511, -6.278637074502234, -1.5953682512343925, -6.177245810916494, -39.45703039318027, -12.32484148356857, -21.4958847567884, -10.85569267910327, -10.848935639739954, -0.7866595509514929]. 
318939.66; [16.869917068571496, -9.695381842894086, -1.0573583219498117, 1.172129460188748, -0.7559215129536426, -9.734614904276354, -2.295063172921676, -4.601906941740764, -3.823276956629087, -3.7495410818210293, -34.629663695760236, -12.599490898775276, -19.063010326869232, -7.849940450634005, -9.318264340489721, -0.6550589614032746]. 
313636.87; [15.607551088841442, -6.961534626559477, -1.2922421372619837, 0.13952659410620238, -1.1237399938982928, -7.75017999085185, -1.2118530878848062, -4.539149001617313, -1.8453828121492803, -5.067545287596518, -34.2716581897764, -13.557461464128199, -19.189547439968894, -8.479137017866154, -9.682334673577298, -0.6283803640525888]. 
333973.07; [15.627531425919786, -8.343384653532333, -0.7110948543763987, 0.5347548823204666, -0.09744085433197347, -9.021033580973807, -0.3669198051933118, -6.365162455266786, -2.9601140158117203, -5.965894585101928, -37.89189992327603, -12.903035680878622, -14.98405153254556, -7.679681813649815, -8.811908738126016, -1.5858023914506891]. 
295162.45; [15.627531425919786, -8.343384653532333, -0.7110948543763987, 0.5347548823204666, -0.09744085433197347, -9.021033580973807, -0.3669198051933118, -6.365162455266786, -2.9601140158117203, -5.965894585101928, -37.89189992327603, -12.903035680878622, -14.98405153254556, -7.679681813649815, -8.811908738126016, -1.5858023914506891]. 
332655.95; [16.869917068571496, -9.695381842894086, -1.0573583219498117, 1.172129460188748, -0.7559215129536426, -9.734614904276354, -2.295063172921676, -4.601906941740764, -3.823276956629087, -3.7495410818210293, -34.629663695760236, -12.599490898775276, -19.063010326869232, -7.849940450634005, -9.318264340489721, -0.6550589614032746]. 
304424.59; [15.941738216274324, -9.938541543510908, 0.21897275923885523, -1.606403734047139, -0.7412133610085855, -9.30889262797764, -1.1489030785740075, -2.189061229466719, -3.3750206494678148, -5.395916954868998, -36.32940098741916, -13.62287955621176, -20.42983577592525, -8.257262632697943, -10.754746845988976, -0.3360197256377564]. 
356878.29; [16.29957294951933, -8.363375205853375, -1.961965160990293, 1.4699936805145803, -1.8477949032316783, -8.312888025373075, -4.012561710559356, -6.4803836031037925, -2.8115175978858016, -8.898958021085589, -38.56346582651453, -11.647750881134886, -18.3588852545507, -8.67125540158864, -9.107865155383886, -1.50390555144942]. 
329605.66; [14.511830065145947, -9.253957398835222, -0.8485641716231603, 0.03748597370687734, 0.010237960695123283, -6.791818948943411, -0.4990313376362998, -4.548178772116408, -3.502311075602278, -7.601994758828029, -37.675986025084704, -12.748363794332153, -19.582881223107368, -10.136443482743148, -10.597954940999063, -0.9736631248844794]. 
358664.31; [14.511830065145947, -9.253957398835222, -0.8485641716231603, 0.03748597370687734, 0.010237960695123283, -6.791818948943411, -0.4990313376362998, -4.548178772116408, -3.502311075602278, -7.601994758828029, -37.675986025084704, -12.748363794332153, -19.582881223107368, -10.136443482743148, -10.597954940999063, -0.9736631248844794]. 
386524.64; [14.631804170436697, -11.84310213466432, 2.4466364730088452, -4.972681979819106, -0.819545375506298, -8.580986701536776, -1.8276268204633987, -8.317832730255688, -6.225971426268593, -6.081298393844227, -41.44716585402823, -13.876499089059719, -22.21693345621048, -9.323614348535678, -9.598068556729718, -0.07345120046400666]. 
