
nSamples 100, nElitists 10, initialNoise 18.0, noiseStep -0.1: 
39.8; [-7.8978373877635395, 5.981573607869199, -2.3244662534408858, -0.6161730479460887, -9.549513229469477, -0.07780240504331777, 5.201576535571912, -15.063942802538277, 3.6795497871501226, -7.940596952338263, 0.23647676162010794, -21.048863817713336, -10.782442698542035, -16.617325726255533, -3.9589248314662155, -11.534060696360502]. 
144.92; [-5.003730432401273, -7.459301676108048, -0.15880936715304733, -6.073879454060464, -11.722784711695418, -8.783964198423838, 0.5891108486726255, -0.8241853928160428, 4.6851262900813575, 0.4600054493987198, -3.636672608836909, -8.014711433111888, -20.93952834470649, -18.133141129656245, -0.2938686379208173, -19.134489837073595]. 
207.11; [1.039042894451466, -8.216226576001231, -2.7737642764279133, 2.676399095556703, -24.37117620082035, 2.0719455368002526, 6.640666322677187, -3.0907890178748336, -2.146176013269887, -6.775000726952636, -9.828941831335406, -11.286607644573506, -22.96380376603164, -28.380192405562983, 0.9033843440642491, -13.011389394564898]. 
263.0; [-2.036957692768316, -17.189456429101128, -8.988587714826185, -2.7901799021017935, -19.22470461557234, 0.9580491230893928, 8.698318302364218, -3.491530747701974, -9.926936162814552, -4.7188159937005745, -1.5436087978560993, -17.596851431189165, -26.834394157674147, -24.6114841287598, -5.456833881418894, -17.749187674734344]. 
306.82; [2.357625614166385, -10.133082298337786, -4.941922402354511, 0.676123129813353, -4.494889852850244, -6.448193203864066, 6.814512077484525, -1.3242571756942594, 7.6158614384696905, -4.803014322665047, -13.914904667657698, -11.913709785172708, -27.394364704682147, -23.033064941205364, -5.622325573192375, -21.89803240315191]. 
388.54; [9.188934964084732, -15.684092462665163, -2.1833307827569386, -13.237452801539915, -5.981582757157017, -7.715495676637781, 10.592171842689684, 5.6353025884028956, 4.626018558247924, 0.987521585089115, -8.241835968656776, -15.70853181741911, -31.361828420902217, -27.688048088993213, -13.393880649421114, -20.02112489742859]. 
1000.85; [5.003830921834984, -9.73384544355831, -8.525703501742989, -5.780232004090398, -8.317165291751113, -0.520656437319869, 3.1719467358387656, -5.324601538071647, -3.3028510090645575, -2.6629851950948127, -22.509656773777827, -4.531194071759986, -29.248345895825363, -26.59152409867438, -7.65641641658737, -9.042261883823489]. 
916.87; [10.164691585375406, -13.102331750632974, -9.009670288689138, 1.2645139329019917, -6.85390456763985, 3.7901427451315994, 9.586743487950221, 2.5523066139150297, 4.366726509798372, 6.74105790053448, -20.9030496789167, -0.8700380963107541, -18.213846428327948, -23.136932263151582, -5.7288115312618215, -8.017597474952533]. 
960.29; [3.6716128289786787, -16.230595985334304, -11.889255357632535, -4.475159476721393, -12.995278163686422, 2.1436287653814117, 7.36200973282234, 0.07482818168576211, -4.807382463887674, -9.462591486329385, -21.595748868641916, 3.959129844861633, -41.65362025709448, -26.866037540160416, -6.467690644992604, -4.573656093583855]. 
1497.24; [10.599520970534869, -10.538417089392443, -4.449524288573119, 1.4771063561987967, -7.740090566380086, -2.5460230173344365, 8.149679494833725, -10.302048208897336, -6.843630703032058, 3.5331561731003593, -26.04668025951115, -9.659819146325072, -40.790450241370145, -21.867630784337432, -13.622088473481465, -5.387889328842567]. 
1278.85; [11.478133148025218, -14.665100115438293, -3.3420915151469526, -0.5525297926309891, -5.44133762202892, -2.7101367791448308, 7.000161918105292, -8.854274475320063, -7.321932175604222, -17.35468509110624, -20.300231562874934, -9.574187704267247, -47.18381663356484, -27.072809965569416, -10.601573308147138, -12.221675190008597]. 
1766.35; [13.496224021840954, -12.571859224523374, -10.357606261893297, 0.465539980120415, 0.1297727934210018, 5.876847975189988, 2.9303353841696045, -2.559882129930997, -10.010322358401393, -9.752147625754569, -29.608035195363115, 0.48513177067948066, -35.50653527025596, -27.90228550546964, -8.669673290916686, -8.230350630517908]. 
2186.9; [16.326062945434863, -7.058165520004815, -4.456010213448568, -3.385003769599477, -0.005768304645155986, -1.8415744025096483, -0.22072183713017823, -8.132782793764546, -4.528614743572785, -8.147910968494052, -26.25634289335443, 2.577150531081177, -38.86716420738248, -24.91941062559562, -7.09644972966957, -7.0815926980457355]. 
2621.73; [15.990530642333137, -19.036099401987958, -8.843286588722034, 5.374930715372876, -6.493956789158001, -3.492665508152808, 8.502715086798805, -0.35690632213711115, 5.18946668775882, -1.6256959368635338, -42.20114844731066, -7.2216498998258984, -37.70203385420781, -26.104125536642563, -13.801203250765324, -0.8185970201450266]. 
2998.68; [16.449684919345312, -17.69642408458919, -5.138738479237009, 3.976463678488111, -2.666053127048969, 4.48889542298525, 11.2379543677949, 7.688291440685438, 4.3692570196919736, -4.618657795329839, -44.266774270383614, -11.355528719785521, -32.74219552333539, -35.23539456013102, -9.594976775355349, -1.6036458261503244]. 
3885.04; [21.016580694778607, -12.974943855048362, -3.505456649139386, -2.4010564195844424, -4.947503759325465, 7.215616390229555, 8.087875809453266, -0.9083533863162547, 0.8625904819370682, 3.1042523263597586, -44.03530460413427, -22.940511919579848, -39.04090764219021, -34.1806005163904, -11.791149234252595, -2.7831511281003554]. 
3678.26; [16.0095856203419, -15.14049317187638, -3.2065900455498113, -3.5737953179183535, -4.316492676013721, 2.0792573679359765, 7.163275159736343, 3.856721606098742, 0.3572586847015815, -4.352130679464596, -46.14368342955588, -16.098496155089453, -28.450049276563558, -27.218369494706266, -3.9274253508585666, -4.358073302180227]. 
3358.23; [16.0095856203419, -15.14049317187638, -3.2065900455498113, -3.5737953179183535, -4.316492676013721, 2.0792573679359765, 7.163275159736343, 3.856721606098742, 0.3572586847015815, -4.352130679464596, -46.14368342955588, -16.098496155089453, -28.450049276563558, -27.218369494706266, -3.9274253508585666, -4.358073302180227]. 
4658.3; [23.332238521776844, -16.903046592260484, -1.9532183535223893, -4.827869290214357, -0.269959607626407, 3.8075479725246155, 8.17547096277619, 4.4560743140463765, 1.345836343670707, 3.7670626444187243, -52.32167524471786, -18.413213696883357, -45.20939124399627, -37.955928362410575, -13.112877556227009, -6.927427951461411]. 
4009.68; [24.055280146598204, -15.92064919997318, 1.3940409421880902, 4.152008728710201, -1.670320212732836, -4.247932476941654, 5.586632829001925, 0.4864684102015102, -5.19033418833215, -8.75186064441714, -40.7955218721126, -11.853399740479395, -36.62117429272792, -25.99949869322885, -11.494673868387993, -5.007246867992574]. 
4660.5; [23.332238521776844, -16.903046592260484, -1.9532183535223893, -4.827869290214357, -0.269959607626407, 3.8075479725246155, 8.17547096277619, 4.4560743140463765, 1.345836343670707, 3.7670626444187243, -52.32167524471786, -18.413213696883357, -45.20939124399627, -37.955928362410575, -13.112877556227009, -6.927427951461411]. 
5533.91; [26.838424430263757, -15.414408974657476, 0.1259379893117718, -5.6617100396091296, -1.251494456132163, -1.2479077724947878, 7.0581276251358585, 2.997385801064705, 4.496283397108715, 1.6719227101800758, -48.985893680977625, -21.213994279867332, -41.56956990025595, -30.02544345474431, -19.261232168341046, -6.797970264948116]. 
5294.39; [26.838424430263757, -15.414408974657476, 0.1259379893117718, -5.6617100396091296, -1.251494456132163, -1.2479077724947878, 7.0581276251358585, 2.997385801064705, 4.496283397108715, 1.6719227101800758, -48.985893680977625, -21.213994279867332, -41.56956990025595, -30.02544345474431, -19.261232168341046, -6.797970264948116]. 
5350.64; [26.838424430263757, -15.414408974657476, 0.1259379893117718, -5.6617100396091296, -1.251494456132163, -1.2479077724947878, 7.0581276251358585, 2.997385801064705, 4.496283397108715, 1.6719227101800758, -48.985893680977625, -21.213994279867332, -41.56956990025595, -30.02544345474431, -19.261232168341046, -6.797970264948116]. 
5071.83; [26.838424430263757, -15.414408974657476, 0.1259379893117718, -5.6617100396091296, -1.251494456132163, -1.2479077724947878, 7.0581276251358585, 2.997385801064705, 4.496283397108715, 1.6719227101800758, -48.985893680977625, -21.213994279867332, -41.56956990025595, -30.02544345474431, -19.261232168341046, -6.797970264948116]. 
6159.4; [21.236926170066315, -11.215763485311157, -2.311292215840861, -1.116043672640782, -4.173757927549644, -0.0730927702829034, 5.422677317741308, -0.9707468846907696, 2.215844761800413, -1.3522600118488082, -47.75953055553737, -16.651200185901978, -27.691906476013976, -21.798023813083166, -14.76550624335229, -1.6333348124481422]. 
6085.04; [21.236926170066315, -11.215763485311157, -2.311292215840861, -1.116043672640782, -4.173757927549644, -0.0730927702829034, 5.422677317741308, -0.9707468846907696, 2.215844761800413, -1.3522600118488082, -47.75953055553737, -16.651200185901978, -27.691906476013976, -21.798023813083166, -14.76550624335229, -1.6333348124481422]. 
6502.71; [27.886657216340506, -15.327858632763139, -4.0781324501714895, -3.4718858951546787, 4.141653535242131, -5.525801582355938, 7.075693001327052, 0.9338454577211286, 0.6064293009032398, -0.40001524003443323, -62.494820124335284, -20.460752111627553, -42.20455006967592, -29.657458426052, -22.030024056350598, -5.782838417957724]. 
6797.73; [27.730154530181206, -15.432352117760711, 0.2497502669245426, -4.125879765095285, -0.784383959671845, -4.017096761027458, 5.617814078904322, 3.9028564004863604, 5.858334171257567, -0.29999416902975673, -56.857827632097816, -26.816708512799565, -38.95537213855128, -28.629269621785152, -25.07445793607284, -5.877883167392016]. 
6576.47; [21.236926170066315, -11.215763485311157, -2.311292215840861, -1.116043672640782, -4.173757927549644, -0.0730927702829034, 5.422677317741308, -0.9707468846907696, 2.215844761800413, -1.3522600118488082, -47.75953055553737, -16.651200185901978, -27.691906476013976, -21.798023813083166, -14.76550624335229, -1.6333348124481422]. 
7124.27; [31.281552170692493, -24.042030947358985, 2.7184190391982606, -4.303924499703158, -3.9703713613204386, -6.12072208103293, 7.113817871780343, -5.921025847078769, -0.4367845741176939, -2.5475211394994504, -77.88726675934653, -27.08381578593633, -39.93999835381366, -30.78201582689952, -24.822455376908252, -10.517204220608859]. 
7510.71; [28.088588028952113, -22.75711201801529, -3.711524857085146, 2.2441177719740812, -3.275541224041064, -8.135766333201019, 4.888789077290433, -8.5169718600172, -1.0714628108954303, -2.5118161165986335, -72.54676217413277, -24.458970989860767, -36.62967844273948, -28.979974760391734, -19.61914875848717, -1.2681865743031286]. 
6704.2; [28.088588028952113, -22.75711201801529, -3.711524857085146, 2.2441177719740812, -3.275541224041064, -8.135766333201019, 4.888789077290433, -8.5169718600172, -1.0714628108954303, -2.5118161165986335, -72.54676217413277, -24.458970989860767, -36.62967844273948, -28.979974760391734, -19.61914875848717, -1.2681865743031286]. 
8360.62; [37.42876721048456, -30.223057221762836, -4.432882273077782, -6.01639077172182, -2.280947185746509, -16.5782909245548, -2.0169458644119285, -4.966693864251454, -6.592454515755868, -7.537144688177097, -91.23604056208816, -24.519679029429668, -41.60476651953431, -29.225412479336345, -24.08075130541007, -6.155073699562653]. 
9253.99; [26.254913823537393, -11.640389947757056, -2.0767319445968964, -3.5672975601056947, 0.3130288812239359, -6.0459115618722885, 4.771173756910607, -6.8256204285247115, 4.901989090378564, -0.88537179693901, -72.74073209375447, -27.947355843722512, -26.88788171472829, -21.282555172308186, -16.302741232847712, -3.7760735310177966]. 
10199.81; [37.42876721048456, -30.223057221762836, -4.432882273077782, -6.01639077172182, -2.280947185746509, -16.5782909245548, -2.0169458644119285, -4.966693864251454, -6.592454515755868, -7.537144688177097, -91.23604056208816, -24.519679029429668, -41.60476651953431, -29.225412479336345, -24.08075130541007, -6.155073699562653]. 
10722.94; [38.35243347086578, -28.755903816383796, -1.370111296440694, -3.1241876420861847, -1.3107454188318473, -12.48870935905797, -1.1973267589553545, -0.39664580503499636, -5.534102700622242, -1.3442960884985995, -85.25637669866414, -26.829391083580422, -35.82990328616281, -23.307223955422536, -23.08079910707141, -4.290266424017885]. 
9384.36; [38.35243347086578, -28.755903816383796, -1.370111296440694, -3.1241876420861847, -1.3107454188318473, -12.48870935905797, -1.1973267589553545, -0.39664580503499636, -5.534102700622242, -1.3442960884985995, -85.25637669866414, -26.829391083580422, -35.82990328616281, -23.307223955422536, -23.08079910707141, -4.290266424017885]. 
10902.31; [38.35243347086578, -28.755903816383796, -1.370111296440694, -3.1241876420861847, -1.3107454188318473, -12.48870935905797, -1.1973267589553545, -0.39664580503499636, -5.534102700622242, -1.3442960884985995, -85.25637669866414, -26.829391083580422, -35.82990328616281, -23.307223955422536, -23.08079910707141, -4.290266424017885]. 
9328.53; [31.073406932539555, -21.85635864809592, -2.9028827484396835, 0.3725723718081613, -1.306246397905067, -10.322038585661115, 0.2475967041494449, -3.83471999344587, 2.5312064966001326, -6.563665373270024, -90.67116826729432, -10.005334499702215, -26.633202180090407, -27.707169947235386, -21.883539087551974, -6.5618781553856165]. 
10475.94; [39.52664530850147, -29.456392642436136, -1.7897187575309599, -3.819503835086244, -1.4835308716867128, -12.054301399904972, -0.6878829311940347, -9.537508330974006, -4.988220964780141, -3.0171144578633133, -95.46150051157315, -18.75008981221666, -35.21001940663451, -27.824958213861127, -23.37364778323466, -5.283547980476525]. 
9356.53; [39.52664530850147, -29.456392642436136, -1.7897187575309599, -3.819503835086244, -1.4835308716867128, -12.054301399904972, -0.6878829311940347, -9.537508330974006, -4.988220964780141, -3.0171144578633133, -95.46150051157315, -18.75008981221666, -35.21001940663451, -27.824958213861127, -23.37364778323466, -5.283547980476525]. 
10507.15; [27.1237926733065, -18.799285186059265, -1.6143429210868696, 2.267531055406707, -0.8642147401949622, -8.128743333501916, -1.9183291415603045, -1.1405526310478855, -0.8284638153212295, -6.650259210096468, -91.66279177365867, -17.535947628863045, -26.1760709081896, -25.41316461697416, -22.391093775493548, -1.7415007563746885]. 
10664.55; [34.10603708478292, -28.323356763975724, 2.0713078703129058, -1.035161171386679, -2.101493631540018, -9.266048115772303, -0.09048467477637256, -2.90518049004524, 2.9337450677285135, -4.438478072132312, -96.87864854794216, -22.764742436529716, -29.10372512129686, -29.1278857451065, -16.028996788398114, -0.6947731567823814]. 
9941.67; [30.283156559743635, -13.344672422494682, 1.5694448589776728, 5.252226592142068, -3.4839989487427903, -13.282816335288826, 0.29548433586420764, -1.6738297484056468, -3.562827419231479, -7.443230518262393, -95.69077711253027, -19.05404139352302, -22.22109645734728, -26.32622405676266, -17.458064602026965, -8.706488556963105]. 
9995.85; [34.73971770962968, -23.099341916058055, -1.2959912609825779, -0.7487909307162661, 1.4673482952075538, -12.21028019645559, -3.9268524304017065, -1.6473494191887323, 0.5247964206287318, -3.081101567144696, -105.42849870445261, -23.619355152447508, -24.673490083871698, -28.108611936322394, -19.570100757034822, -7.2332503766792735]. 
11385.41; [33.80781695143252, -23.78861441869991, 3.1513977247175293, -9.887345078115636, 1.7324704848645776, -12.468151977192736, 2.5933265361988127, -5.596551311234907, -6.233387993072009, -1.9295181195663202, -90.76425650825776, -19.40489766169899, -27.416598905276388, -22.255312494952545, -24.505846787302307, -9.197987948088098]. 
11730.41; [41.54062336137372, -24.53813084561724, 7.080744258590717, -7.1602465858314, 6.671350384205903, -12.19532803908486, -0.6822326574180853, -7.728745983269713, -7.946269196995718, -2.0512865784586722, -111.1039725713135, -22.638250683038027, -30.60121514605516, -27.352791502108783, -24.806295389001047, -8.814242630032455]. 
10374.81; [35.5784137862158, -24.9162983485141, 3.343911608251319, -5.909411841882186, -0.9421616404324309, -15.292599247241526, -2.8054106089932347, -8.809280829872542, -1.418156998768863, -8.41300966620774, -102.60744508738848, -9.559111621930064, -23.217116224751905, -29.02210784381966, -17.119020929661737, -9.178042969747906]. 
10734.35; [39.39346436688471, -29.011498849528174, -0.6137453789005061, -3.6109206810486265, -1.0079248451129619, -7.699083279137218, -0.682160005866443, -5.143303407088387, -3.993549779309581, -1.8083339367030313, -107.37524442165022, -26.504275980112343, -35.893108129678666, -29.77340762370204, -20.49425619165456, -6.914147600342248]. 
11044.69; [46.455272500901145, -30.487561272864177, 4.434786675181138, -4.698238783357226, 0.5715284873368152, -15.706339365221949, -9.052244022970124, -6.630615483017438, -14.763068880717412, -12.196024053427795, -119.74785640048492, -28.210189918139804, -33.46683502735333, -26.3837104368756, -25.015824235522228, -5.625057189961555]. 
13393.31; [39.67067829090632, -27.418208329108207, -1.5785734654884622, -1.4619853751814715, 0.6833049922774865, -13.142986804990905, -2.7473435636042858, -5.667642064614571, -7.900782278655811, -7.192991069594543, -114.1813533425658, -22.612375042575536, -34.68878839324093, -29.5613343074942, -25.84487720083281, -5.8871605012792205]. 
13644.34; [40.03591386131419, -27.44757618049231, -4.207916633530024, -4.973950835964478, -3.452004040484796, -18.02736411211019, -9.400902936778344, -13.327733008429082, -7.721733879027031, -3.4807489875232314, -124.110667263195, -29.17685599021295, -27.406435356658676, -20.14861373021229, -23.951121007743872, -4.397065686331617]. 
14883.36; [37.57484078768842, -23.82371149384871, 1.690059262382155, -2.333674912948181, 0.5369383786268112, -19.409816831066095, -13.3068549316674, -13.41255290317404, -15.899558044813489, -16.690071084000593, -134.46713654469931, -21.449808347931466, -25.993827781894005, -17.732162478027217, -25.96413359446424, -5.850983747569267]. 
13550.18; [42.402918733956646, -27.695367914612962, -1.3474250106259853, -1.480577688495361, -2.5615493865910195, -23.59617568056312, -5.10116972135998, -16.44117441919355, -10.568618716498342, -13.187487719477545, -124.89533521580076, -25.295987525441458, -33.73686460363713, -23.220626849919427, -19.01907488484666, -6.113283058890825]. 
16676.98; [40.792705146269945, -30.308969322144687, -1.398422942707302, 1.2191447727026263, -6.289498841140835, -24.010455346570534, -9.357634241851718, -13.829480132409511, -14.034754878724243, -21.898698450979943, -146.9525517865156, -23.21056628047359, -16.360957235098986, -17.546822432863127, -19.3802706094543, -5.551481241743113]. 
13933.17; [39.0235494180103, -32.69832660350939, -2.416901266963457, -8.212591728615694, -4.303121655639918, -23.086162089531562, -2.9148482651820773, -14.823215213481554, -9.987317082909636, -13.601294524544844, -129.63361897556976, -21.167273461742123, -36.29156166849552, -22.708134713504634, -26.95241090390486, -4.722734266812438]. 
16414.68; [39.49015642611954, -29.188028652103597, 2.689075801145364, -0.9460637391548095, -3.2793601346640093, -19.1241488982951, -7.358729698113258, -11.730542902886272, -11.631974919773109, -19.39008848242611, -139.6886181208635, -14.678698508667654, -22.851056172009656, -22.312497696740046, -29.236531484196767, -6.508368915221645]. 
17385.79; [35.60465196482751, -25.755449911921012, -4.576651580316182, -0.6458536269265345, -2.694045065918371, -17.227019267707206, -7.438818777522102, -9.368997836921448, -8.364853867419448, -19.702438864584376, -133.71635520295175, -18.61343947193835, -24.382104059107927, -25.092277827280206, -23.824833761067232, -1.7108483610822631]. 
16689.82; [38.46449181600568, -28.64365313796712, 0.6602653596163361, -7.418795299524609, -1.8173468562370194, -22.762971987614286, -5.028840387725459, -13.04966320366436, -5.871415774906053, -20.36238081089718, -146.2601831207062, -20.006483733038877, -20.29036850640304, -23.308281615069493, -22.88726865132362, -5.418483114924755]. 
14408.71; [44.822238975711215, -24.24698790389892, 1.721485406581312, -3.8477082573723087, 1.2030686770057306, -22.988662930049536, -10.924165167382164, -14.084580492999505, -11.873952684536725, -11.312162341467525, -143.36468075247936, -26.086679614269787, -23.579621673099147, -21.74895939277323, -23.509390649329887, -2.4239092793801897]. 
14531.4; [38.46449181600568, -28.64365313796712, 0.6602653596163361, -7.418795299524609, -1.8173468562370194, -22.762971987614286, -5.028840387725459, -13.04966320366436, -5.871415774906053, -20.36238081089718, -146.2601831207062, -20.006483733038877, -20.29036850640304, -23.308281615069493, -22.88726865132362, -5.418483114924755]. 
15629.6; [39.97267568948114, -25.434123603584634, 5.805624550992112, -10.089813998217208, -1.4096566538373114, -22.514452219458832, -8.97228389077569, -13.620151416940173, -12.428615241799276, -10.397859841995345, -143.15496764571168, -28.58957522052086, -26.72489487693329, -23.430261080051732, -32.058962406794365, -4.114405548552055]. 
15039.2; [42.5813520946436, -25.744680699019966, -0.9999561267704771, -1.0776234834994591, -1.6546330604125106, -25.024233412298745, -9.829158430982934, -11.136179761867297, -9.782835625281354, -14.759237036162428, -149.3957430195595, -24.06894261037273, -26.230379038121825, -22.909968016197457, -25.67198593412255, -5.245777813146114]. 
14099.41; [45.52877537745122, -28.015579244429542, 0.10526118025678333, -0.24025000750296144, 1.224974166515918, -23.64171178647588, -8.464197788581874, -13.360489079290613, -11.797271790822617, -10.323429402015943, -138.508331436221, -22.321168076515015, -21.392064080486946, -20.873312392495865, -30.624257391412264, -6.968858982194039]. 
17903.32; [45.52877537745122, -28.015579244429542, 0.10526118025678333, -0.24025000750296144, 1.224974166515918, -23.64171178647588, -8.464197788581874, -13.360489079290613, -11.797271790822617, -10.323429402015943, -138.508331436221, -22.321168076515015, -21.392064080486946, -20.873312392495865, -30.624257391412264, -6.968858982194039]. 
20105.89; [42.5867408213046, -28.461929316900513, -0.7681152846589641, -2.842527359395899, -5.1307855138493075, -22.53582670955645, -7.175996920295059, -15.10758847671167, -8.175323233630156, -16.732331463387634, -154.26656773822938, -19.46245789977518, -23.173438097403913, -24.15220814491096, -29.172912211753964, -4.392505847659576]. 
18090.96; [42.5867408213046, -28.461929316900513, -0.7681152846589641, -2.842527359395899, -5.1307855138493075, -22.53582670955645, -7.175996920295059, -15.10758847671167, -8.175323233630156, -16.732331463387634, -154.26656773822938, -19.46245789977518, -23.173438097403913, -24.15220814491096, -29.172912211753964, -4.392505847659576]. 
15418.13; [42.5867408213046, -28.461929316900513, -0.7681152846589641, -2.842527359395899, -5.1307855138493075, -22.53582670955645, -7.175996920295059, -15.10758847671167, -8.175323233630156, -16.732331463387634, -154.26656773822938, -19.46245789977518, -23.173438097403913, -24.15220814491096, -29.172912211753964, -4.392505847659576]. 
15080.14; [44.26596254260285, -34.68785424149671, -5.555084802247397, -8.915755781619616, -1.9786605457420463, -26.73012358938847, -7.389872237243154, -14.750037044176159, -15.440126262594365, -18.23794053278588, -158.13636873255632, -16.1858262006595, -27.558324108526914, -29.050089852137813, -30.38545858071713, -5.154975191697935]. 
16542.57; [46.61653217798614, -32.66194741673139, -0.8929682720606718, -5.663618482283546, 1.3723079483916876, -29.322705639720713, -6.39197382874357, -16.194485035066187, -14.040323838914222, -12.518809953512068, -166.93359977379714, -26.211175214682232, -26.487194139565982, -22.81532874848059, -25.8431549666914, -5.883181624239707]. 
15857.48; [46.794523854598125, -32.72531073287657, 0.8482927658629102, -8.963324122345963, -1.4198024133626537, -29.55061493023059, -9.709723183830974, -19.341269516474892, -11.038311115040019, -9.216730513677597, -165.16841969272724, -21.674693132072015, -24.389525155571334, -26.900540254562216, -23.91651208702605, -7.165409874026787]. 
16477.01; [41.77496315096568, -23.926310067421433, 2.8287126052902285, -5.1328670327395916, 0.7891069883282442, -25.394169112389637, -9.8153034477559, -15.35189272582413, -8.412620466940252, -7.118612641666571, -162.42909332554726, -26.65236001839428, -15.880343520904695, -19.8781260696143, -29.651094734817253, -6.424051117337872]. 
17917.46; [41.77496315096568, -23.926310067421433, 2.8287126052902285, -5.1328670327395916, 0.7891069883282442, -25.394169112389637, -9.8153034477559, -15.35189272582413, -8.412620466940252, -7.118612641666571, -162.42909332554726, -26.65236001839428, -15.880343520904695, -19.8781260696143, -29.651094734817253, -6.424051117337872]. 
18241.2; [46.50896917562935, -29.983898927002286, 1.7187047202633694, -6.444755492210675, -2.4189786571040925, -27.797990792995424, -6.4181572265263815, -14.913726265286641, -10.326202978438216, -17.945025336152497, -172.8879082147574, -25.71834054262985, -27.08948420432263, -28.314559629794225, -30.2641620592031, -8.477345115265111]. 
17607.3; [44.252221426608756, -28.385717590592623, -1.1283828340501996, -4.355350228504163, -1.4816311817277557, -26.449145809496457, -7.377972104204951, -18.638941050191097, -12.409558561710938, -17.113212735447963, -163.1454890335722, -24.394447617295647, -24.894064621556915, -23.068712439455062, -32.13242128071894, -7.570702844181008]. 
18912.11; [45.52503622899624, -29.295121382831425, -1.398662345069847, -9.57075692246017, 3.1959694642045973, -23.7922835014038, -5.271608973129652, -18.42416300528738, -12.664918644837048, -7.026551719925271, -166.90410726066295, -21.721809847321502, -18.415427524516954, -23.93380871127136, -27.703824266587024, -9.776589754861138]. 
19771.12; [45.94698008531239, -29.725659428523947, -1.2412273241922842, -2.9833457472174234, -1.842456094634701, -28.51686593733106, -10.472005591755853, -19.487552179454795, -17.569940717854593, -17.261676374432774, -168.09000115314316, -22.616775087352757, -24.110370427500392, -23.637864879405935, -31.166189884237312, -7.0440061175805235]. 
19317.88; [42.98031433661629, -27.34880251803133, 2.639127355091023, -5.38940083292694, 1.1286466613829202, -24.00516559227918, -7.6385131076567605, -15.334092864922072, -13.106189462074674, -8.659710796777674, -162.91145375658806, -22.210133421023194, -13.975588826138196, -22.991038305861007, -30.0485063624933, -6.470184032055061]. 
17676.97; [44.67420193142771, -27.616915485327098, -0.44597174235604875, -9.11504701493083, 0.4361968163017304, -27.512317526685425, -3.6401546194992624, -15.200727439823135, -10.586265077539439, -9.376539585549011, -167.23769337180508, -24.564473769291368, -18.112719167531615, -25.35314630857206, -31.690789029531615, -9.248961614284983]. 
18112.48; [45.94698008531239, -29.725659428523947, -1.2412273241922842, -2.9833457472174234, -1.842456094634701, -28.51686593733106, -10.472005591755853, -19.487552179454795, -17.569940717854593, -17.261676374432774, -168.09000115314316, -22.616775087352757, -24.110370427500392, -23.637864879405935, -31.166189884237312, -7.0440061175805235]. 
19629.54; [42.98031433661629, -27.34880251803133, 2.639127355091023, -5.38940083292694, 1.1286466613829202, -24.00516559227918, -7.6385131076567605, -15.334092864922072, -13.106189462074674, -8.659710796777674, -162.91145375658806, -22.210133421023194, -13.975588826138196, -22.991038305861007, -30.0485063624933, -6.470184032055061]. 
16391.91; [42.98031433661629, -27.34880251803133, 2.639127355091023, -5.38940083292694, 1.1286466613829202, -24.00516559227918, -7.6385131076567605, -15.334092864922072, -13.106189462074674, -8.659710796777674, -162.91145375658806, -22.210133421023194, -13.975588826138196, -22.991038305861007, -30.0485063624933, -6.470184032055061]. 
18314.24; [43.006940629399736, -27.658676946584063, 4.151129557828778, -9.038242891998358, -1.0510392607073933, -24.294040769105706, -9.821055397957984, -18.53394688779527, -14.101494323133645, -14.712215261382973, -161.65936085274814, -20.047677653574425, -19.956277697474576, -21.345950520008422, -35.519594681029126, -7.91984896302402]. 
18199.12; [45.38234651556379, -28.608960162236972, 1.7537871699697836, -6.608651256536972, -0.9981311187746167, -25.65322961737988, -7.200172699781451, -15.890225573049493, -9.655548845761299, -19.967047190827234, -157.90506669153035, -20.75872149878864, -18.246914340307168, -24.224737609829976, -28.737226244643615, -6.497613452894154]. 
18343.26; [45.38234651556379, -28.608960162236972, 1.7537871699697836, -6.608651256536972, -0.9981311187746167, -25.65322961737988, -7.200172699781451, -15.890225573049493, -9.655548845761299, -19.967047190827234, -157.90506669153035, -20.75872149878864, -18.246914340307168, -24.224737609829976, -28.737226244643615, -6.497613452894154]. 
18585.15; [41.214618790044966, -27.832005420698092, 0.18114212585007627, -8.438762696247474, -1.1114210209885684, -25.511819467595103, -4.780854245769865, -13.493119890747659, -9.048184990678099, -10.392634115697229, -152.89122632497157, -16.744152223881333, -17.672104211952455, -18.36638729656746, -28.51502269624689, -2.8594353858536836]. 
