TETRIS-H20-W10. Noise: (50.0, -0.1)
Generation 1: 20.0 --- {12.544868783553895, -11.06012919314578, -12.182757367379388, 0.6306351892042537, -23.01650709333743, 1.6778826904730537, -4.409946498028733, 10.475312595485368, -10.228045629782493, 1.1920525907898558, -14.225479346220585, -5.023013352782399, -6.351491866907231, -4.136732822985518, -5.437090645711036}
Generation 2: 59.9 --- {-19.588458611863736, -0.3563541277907998, -8.707310552061253, -13.717895684932566, -1.7594773689886267, -13.585850598985992, 6.636610644884745, -5.69034484930491, -12.00029123364277, 4.303737003530984, -16.884697131824943, 8.73474480188943, -4.747683713089886, -16.103361320511706, 5.9609344351748135}
Generation 3: 345.1 --- {6.232718245798599, -8.099607964918498, -2.796501844201964, -24.335479962936418, -8.510636181902093, -9.369494303752415, -2.953806220068677, -4.855497752241666, 5.093496482327115, -1.5263492482939747, -15.75405931525073, -23.416410024229936, -28.9578011054271, -18.778901410374964, -22.002198673456917}
Generation 4: 678.2 --- {-9.039458994779114, -14.2778187674101, -13.60074424413856, -7.35580192154774, -20.441747950261, 10.223711276065929, 9.48905083287028, -2.5093186328114783, -2.745695831508217, -2.746224283049785, -32.12039884122814, -8.556514216812012, -23.944807178950427, -23.48184768962814, -21.411387874246536}
Generation 5: 1358.3 --- {-9.039458994779114, -14.2778187674101, -13.60074424413856, -7.35580192154774, -20.441747950261, 10.223711276065929, 9.48905083287028, -2.5093186328114783, -2.745695831508217, -2.746224283049785, -32.12039884122814, -8.556514216812012, -23.944807178950427, -23.48184768962814, -21.411387874246536}
Generation 6: 5626.1 --- {7.124110474513695, -15.993246075953042, -4.500290744516281, -6.04901076832203, -9.995837173728004, 8.862531630955813, 5.0951287121652085, 9.629700610131088, -8.50435872199674, 1.3302504305643075, -35.93460348923286, -14.333838566855786, -22.532639209621493, -22.47595728638163, -14.686081629136389}
Generation 7: 7965.9 --- {12.219498205198573, -26.702025918669477, 7.932808736606033, 1.968283605156234, -5.273117094857078, -3.854414158185093, 2.7840848028616962, -4.114616482209733, -2.5502831339260816, 2.82654569249394, -40.96146182562172, -24.16736550910808, -42.880138835831886, -29.734350758347766, -14.730614328049251}
Generation 8: 9182.1 --- {5.936566376276959, -17.790621388632175, -6.000715252552469, -7.2148777433919555, -9.551508548815027, 4.023882251419755, 5.3208962891013964, -6.549960968214006, 3.6874355151491005, 3.902887291795863, -32.657056238338704, -2.626147448676665, -25.817901451256834, -23.48546126750616, -3.4405441519307924}
Generation 9: 18691.5 --- {14.867904113487697, -8.904378838759348, 13.85680413353903, -8.675258654862514, -7.69621352385497, -3.111287926550287, 6.777275404870031, -11.867267983484956, -4.422309857662141, -14.493518902152335, -38.03377393356971, -10.658160710131076, -45.46795022353258, -24.44844065574439, -3.0775463717764957}
AVG PERF OVER 50 TRIALS: 28398.42
Generation 10: 55081.1 --- {17.155899882345224, -16.021986546477226, -2.4201891879635857, -10.633717549954493, -7.895344302505513, 12.6461616562171, 18.280511274817666, 5.678552183324036, 3.384063241016232, -11.542415921562144, -61.34231159873329, -17.354789280951383, -48.264582315758396, -49.059318497181394, -18.225663167412517}
Generation 11: 27607.7 --- {17.155899882345224, -16.021986546477226, -2.4201891879635857, -10.633717549954493, -7.895344302505513, 12.6461616562171, 18.280511274817666, 5.678552183324036, 3.384063241016232, -11.542415921562144, -61.34231159873329, -17.354789280951383, -48.264582315758396, -49.059318497181394, -18.225663167412517}
Generation 12: 36960.9 --- {25.10429053068772, -19.125799111526742, 10.047659843719476, 10.471459582375207, -11.281405078985408, -4.973427854787238, -10.09175415878293, -10.79679662405956, -16.15907111057959, -11.627268597312526, -66.15420628787959, -15.10220319556753, -44.35192193957955, -21.011132255958714, -15.73069442314715}
Generation 13: 71893.2 --- {26.200302648565213, -22.785029424615345, -4.424972190058401, -6.428685950112769, -7.928827217435236, -4.455459181777719, -6.361261981470754, -5.313764143639313, -17.96849916400392, -13.466894571217539, -74.47290116531217, -13.805905962504255, -48.76580757672139, -36.445012253722446, -8.663577874161081}
Generation 14: 61892.1 --- {26.30369901889216, -20.018337366116675, 4.920830640499289, -18.95136001190591, -4.973783121983255, -14.894168840017015, -5.512515283198253, -23.12661634596755, -17.569066141552643, -23.255621511570013, -82.8000878960702, -6.750215374068485, -60.933552414374965, -24.118230931327446, -21.20455177324906}
Generation 15: 96347.0 --- {24.05046348284545, -21.308470920822124, 2.5258835276127103, -17.727193579179513, 0.9269497160984814, -18.631627545256503, -11.100419020993332, -19.322556398526324, -19.51225919200394, -11.942553206774107, -84.62386082416027, -22.33042161389958, -49.80389835048758, -25.92973675919894, -11.816666663216848}
Generation 16: 106091.8 --- {21.03137157085272, -30.037113741299507, -14.208544472372584, -6.141897203134376, -2.7000502998504543, -13.827842873491862, 4.633506345418525, -18.261061785739003, -4.087568686608436, -8.272722797114497, -97.85333048765997, -18.535459490010844, -55.03907066227176, -29.545664400299234, -29.62108411803546}
Generation 17: 200116.8 --- {24.27671433441083, -28.484693684932754, -4.633785131706558, -3.0168847331314534, -12.788642112384133, -6.216150727387646, 4.685956398838414, -8.045042393050027, -4.489437377621632, -17.740314363209308, -87.35388571886202, -12.396685739254384, -44.422817424338156, -35.69054867872459, -20.36692513228099}
