TETRIS-H20-W10. Noise: (50.0, -0.1)
Generation 1: 64.3 --- {10.639851942130532, -4.904188279028697, -3.0465952279907467, 2.551244587329762, 1.1064500842069331, 1.3232661534953816, -3.2704318578458174, 10.359648140928826, 12.170921808183232, 2.6759153127257385, -6.212676623823578, -12.74764767067024, -17.299015156971286, -12.71557819651482, -8.466204434843622}
Generation 2: 88.5 --- {12.63585398130071, -0.369421513775249, -21.478067990030144, -1.1227411919413077, 0.1038230970089078, 1.983017123467239, -10.968191666749373, -1.6245820242219273, -4.565657892695585E-4, 4.459697886466874, -4.8078641961148545, -10.560003073941104, -6.654607798858582, -9.751865168319185, 1.4986103526067458}
Generation 3: 256.3 --- {19.191647659542788, -25.330845410342846, 6.698330120319956, -10.822277817534086, -1.7123817097227958, 13.094672755075951, -1.3256975167818996, -1.5545716889089385, -5.335252084580661, -3.7544729215564887, -21.636315735494968, -20.987295161850867, -15.277097191264048, -11.915520314808852, -14.230854029450004}
Generation 4: 456.6 --- {-2.327594538758718, -6.906157838068664, -2.426062323559773, -8.014047714749067, -0.838728880705534, 0.07233261827247084, -9.783723968432568, -12.604556233394783, -9.831209157205226, -9.74335592921036, -26.511975642438056, -28.57398125133748, -26.731882753293768, -13.025789916676393, -9.87230318362613}
Generation 5: 1401.5 --- {1.4349062957136454, -9.607691051604117, -9.168716677831437, -17.89321578153887, -9.382409393842963, 8.317568926158982, -1.3250882463977627, -13.329751510261836, -1.3429205813723515, 1.4799805806153374, -32.806629362680674, -18.51119139803049, -26.471697185329354, -26.48854909298456, 1.005593526322862}
Generation 6: 3177.4 --- {14.988020558959684, -9.693687289314937, -2.233188798606255, 6.798601942186641, -0.3878297979427209, 2.77448831415684, -4.411566237660761, -14.258124762122206, -0.4310578118450483, -14.522332044956201, -30.30558173427525, -16.709798326929402, -22.54386219514788, -10.934227954365817, -13.372136171590622}
Generation 7: 7066.1 --- {-1.2904320036184007, -2.4706922762626675, -6.649021891135084, -10.814923015388116, -1.9907867149714156, -12.165535479332666, -5.837588479468661, -0.09904966062586507, -23.81125014937153, -10.882679567158352, -59.92474870334106, -15.630010308998905, -43.826114926951135, -27.368591228084775, -12.074316615932123}
Generation 8: 20279.2 --- {16.12358443793132, -7.093217387300325, 4.195532102033021, -7.948716678042012, 5.831624978692542, -15.578353408276357, -4.725069918079331, -8.134748573455326, -5.785003168967596, 1.5043628204214323, -53.65880371632077, -17.849936764992627, -36.99730258498809, -22.96239921596998, -0.4323293261951324}
Generation 9: 15969.5 --- {23.349340238343437, -20.147510047242214, -4.7321233145705675, 3.473560819268526, 3.0298337523478516, -11.597283736862465, -0.7195550881791983, -10.027913035052546, 4.0297570114514585, -0.7577391194092957, -45.519815456982414, -16.345668866563788, -35.10030502493265, -29.92574282085866, -5.072291253710998}
AVG PERF OVER 50 TRIALS: 35431.3
Generation 10: 41781.8 --- {23.269244875548893, -10.804773840229895, 0.08923326331027148, -9.88076832762085, -5.977975384690967, -11.856445540211082, -7.105221008083917, -3.305417469800887, -10.998517844110479, -0.8634727379160774, -63.655278794901065, -28.144227062153192, -47.60239204398739, -28.844943121480146, -6.485811846638655}
Generation 11: 91038.2 --- {18.659020980534727, -29.670289321301905, 4.377379062170428, -8.27393143443472, -6.867218074688887, -15.13095135859759, -1.8750395495415173, -8.898826592687048, -4.527719318692949, -12.697867616907331, -58.522010024846914, -16.656040085023225, -40.83637839318835, -23.408593724305618, -12.360154303461053}
Generation 12: 68771.1 --- {18.659020980534727, -29.670289321301905, 4.377379062170428, -8.27393143443472, -6.867218074688887, -15.13095135859759, -1.8750395495415173, -8.898826592687048, -4.527719318692949, -12.697867616907331, -58.522010024846914, -16.656040085023225, -40.83637839318835, -23.408593724305618, -12.360154303461053}
Generation 13: 81037.2 --- {22.695018531859468, -22.16540972439322, 14.8447999461895, -11.50569824528344, -6.268187093191985, -18.531509016365366, -2.627634117486865, -13.486831525930423, -3.8525538387765934, -7.649967440335271, -72.64115641803795, -19.089865003346635, -33.34333152100029, -13.26113966625135, -24.149583774158238}
Generation 14: 98406.8 --- {30.5307218219927, -25.56349815377704, -3.617464832670947, -4.982385898351897, 1.9657702955570393, -10.453352879156514, 6.384284910108189, -10.084472252260989, -11.616078190292498, -11.770138008616902, -70.3816116917044, -19.08592056421588, -57.99734776419122, -23.522552496444185, -28.096325711548545}
Generation 15: 91089.6 --- {30.80999253403836, -20.587241255445413, -1.9032095596544703, -13.142994132231555, 14.406361231962947, -9.627798129921292, -1.030790163128727, -11.2545307630482, -20.08738530827374, -2.6579004180674435, -88.84834877278416, -21.24847278861057, -43.83976346039303, -27.001515275254622, -9.626693169003383}
Generation 16: 74652.2 --- {30.172731009064155, -21.410116938376966, -0.7348601048475123, -18.37054957616242, 5.384019405696867, -24.666626459795218, -6.415094288829355, -15.405399336948536, -11.125862522889948, -11.620553423444841, -99.82794298103096, -16.139770363612467, -43.503196029240456, -13.714225743927386, -29.09769176477229}
Generation 17: 106269.6 --- {30.28293851585846, -22.84680782436022, -0.46407470274803586, -13.153056643447512, 9.162265045831465, -9.803751210224881, 1.4020283931024728, -9.82136348175937, -19.847342987847792, -0.6605433592727632, -90.92511123610714, -18.854492546569148, -55.57608773830258, -29.698545731939284, -27.67745533894388}
Generation 18: 133810.1 --- {30.172731009064155, -21.410116938376966, -0.7348601048475123, -18.37054957616242, 5.384019405696867, -24.666626459795218, -6.415094288829355, -15.405399336948536, -11.125862522889948, -11.620553423444841, -99.82794298103096, -16.139770363612467, -43.503196029240456, -13.714225743927386, -29.09769176477229}
Generation 19: 162265.2 --- {32.739861750587174, -22.135402807548026, -4.496531363033315, -8.397569143352047, 4.85788366996824, -12.945619575530554, 0.8779802598769946, 0.8360751422109214, -8.44974139499639, -1.1693252257702955, -103.57408776243551, -19.537675225831638, -52.844494841286476, -29.428303640982186, -32.94693280321827}
