
nSamples 1000, nElitists 1000, initialNoise 50.0, noiseStep -0.1, height 20, nFeatures = 15, nTrials 1: 
1. Score 150.0; {-21.474277986408296, -1.0969180974342476, -15.231350512875244, -0.3799451009458641, -5.859474042570898, -15.592490842429605, 1.416017811139513, -4.121660713421108, 6.438196038567655, 6.68272786931119, -13.365556411555948, -8.03906267371682, -9.647714164849383, -19.89282878090088, 2.2690613390152303}. 
2. Score 623.0; {-0.4060745167669255, -19.002077671438926, -4.915374733754085, 0.43345894813062946, -7.577449303809745, -15.32575423418305, 4.156015108595137, 4.422527279886063, 3.906344624773158, -3.254579129172928, -30.337598825259207, 6.767149252672121, -16.87165831241846, -25.69537383260579, 6.460069138928942}. 
3. Score 1689.0; {-28.596839458147855, -8.397525493029573, -35.24565467077295, -25.848975801126084, -14.061422037871393, -17.692849585204574, -1.634569313595911, -10.23791182160726, -5.010104713169595, 8.981551180649635, -41.94321572473517, -34.62493236321296, -58.4641359683491, -60.112986554355636, 0.567679152598199}. 
4. Score 4722.0; {-15.662374593163273, -25.17253193123619, -28.182763069443393, -12.34856300905929, -22.8397774183147, 5.955821486566908, 27.51281578176928, -10.388809915227512, -3.254924445185885, -29.52124928298135, -28.614758979613434, -12.064650521026454, -69.6507888406274, -58.66402100420923, 1.607429201823006}. 
5. Score 11829.0; {0.9187407945294304, -7.4210596321048605, -34.74636597856836, -6.925529449954212, -9.322959653674907, -0.6359355555350685, 11.271923593730513, -0.5312014830894247, 15.824920268282575, 28.740964946768095, -87.12143924423549, -22.884228975175546, -36.46253152660628, -41.55698415059449, -29.812719558782835}. 
6. Score 11948.0; {9.444714438100613, -33.317417542997006, -26.709414292575538, -13.38962628362894, -18.692916452715593, -10.453563820063117, 1.3692983591028134, -10.02792270110961, -23.797550200616847, -19.872412900452257, -81.85699136061194, -23.02696154413585, -79.8797409619672, -51.80840214818597, -30.725867724430884}. 
7. Score 21839.0; {9.186299890749499, -18.06461964879858, -28.480313302805797, -5.473206440719329, -30.84405138137354, -25.719929825571334, 23.99587512392321, 6.105212632051498, 18.19913289158826, 0.39793773684458156, -107.08459637295886, -31.459577146931803, -102.08328666612272, -61.741156459200056, -44.69596599382626}. 
8. Score 77374.0; {21.410855897058955, -31.609746110173752, -14.504639968904158, -20.425440136567232, 4.179665489368485, 9.770035348366388, 22.51327462432682, -19.599014955429162, -12.90302514688302, -9.43577121404657, -109.33623316046874, -18.91903652396016, -72.3766222796576, -68.14326808303171, -34.210362497976696}. 
9. Score 65549.0; {41.34177495867216, -52.58639977686973, -15.988030074713492, 2.840876844055572, -6.849361982664991, -16.796300039805452, -1.0780889843176684, -20.645605418242567, -26.095311411763937, -18.213515809141004, -153.65362213996954, -37.61448284577471, -131.75790710173993, -101.36714447144784, -44.243679290590805}. 
10. Score 119342.0; {68.3308708055984, -80.22117802781811, -8.508359549131235, -10.872795397248886, -6.744593417460539, 1.1884217366410148, 19.135021609315615, -1.016040709893912, -8.233381369251894, -21.632211631612275, -164.8148527748802, -50.09318132477503, -178.1866902379802, -101.94877980501781, -74.28722598874452}. 
11. Score 130269.0; {28.094677279406163, -41.196326178872546, -14.173041359214775, -30.551092343648463, -6.4045929804586095, -7.96094642654635, 16.569006782305866, -2.831247633686135, -19.52848320314731, -20.687676555065536, -130.00411131416746, -33.55115643758651, -118.23206229902786, -89.25646913480409, -26.5114350076704}. 
12. Score 296387.0; {51.07189115048398, -48.09459228427394, -3.113750430687798, -4.050790532213121, -4.131706872606937, -11.615238934272995, 1.3025795732904477, -5.297911692937693, 10.101010454818153, -22.168628025863764, -152.88776504927796, -43.61196722584989, -104.80960342944785, -74.68635132017167, -40.316841450568354}. 
13. Score 432652.0; {58.163917823378334, -45.23398927179132, -11.730413302051485, -6.365718662475573, -0.8111889580662712, 3.5695615635598017, 35.59454293842983, -16.919893953883925, 5.475645064546694, -31.532339830156562, -183.20843320818176, -36.894216775808104, -139.5398197797164, -125.53473308278674, -31.6981569638259}. 
14. Score 340613.0; {69.2475780699112, -60.736360079452915, -3.3188477343965523, -14.721407526049635, -10.419689744896292, -5.990774824762148, 25.340685303965394, -6.174752627009478, 11.781943128815497, 8.523861951425133, -173.915808124737, -57.788698042794785, -163.34096734935207, -101.11658282717819, -69.97120378185267}. 
15. Score 307310.0; {87.50041451545883, -80.40051907643115, -16.83462675333757, -21.58645913001275, -35.709053209374474, 4.939962498091211, 25.36720445175851, -23.073628413393884, 12.017991510020915, -24.626730734269962, -234.08475167947063, -54.76126846723159, -162.5260166158607, -122.32619455182407, -68.77424634181679}. 
16. Score 340127.0; {90.4078524628165, -69.41526580187548, 17.41820263668558, -21.157680746286374, -9.762036171555149, -10.211685737646002, 16.704471748535113, -2.2879774427163913, 12.994359978532376, -36.38723908860882, -196.94914037565542, -62.648181009276286, -134.00997851212043, -92.09460378391947, -66.19028771157862}. 
17. Score 469209.0; {74.55163396161362, -66.99573220682086, -36.53649261693066, -12.26816057879107, -4.708846668708775, -10.066171276489355, 24.747334618814747, -7.723383995271588, -5.093666559163307, -41.79818785270001, -232.99901347848885, -69.76588104099733, -156.15869056978454, -93.56309428797033, -80.49916919628231}. 
18. Score 705918.0; {77.75265115863701, -66.09548496879883, -5.553396552024893, -12.70141877930145, -0.4271336891739175, -4.860874661397213, 18.077316721935812, 2.07386907988581, 7.580712317236198, -25.13639956184446, -217.1018383297436, -76.20347304697606, -157.421883137588, -89.40773745179685, -98.70061120887216}. 
19. Score 882796.0; {81.95578597467967, -60.105228969095386, -25.411402946154926, -2.8901637878570785, -9.342922492886856, -27.695332499067813, 18.935493185391767, -25.41073236260444, -2.8028667134747427, -52.49207591046172, -242.53311769194127, -80.85380029571523, -174.93660846922273, -117.72059804672541, -58.09762624207756}. 
20. Score 794014.0; {90.71113339295054, -59.56736346804302, 8.858517355000611, -2.536862795475507, -8.85484859657868, -16.542789230069907, 14.81833241888987, -33.96141580789925, -34.07388562606147, -20.293986061047, -217.0644155570134, -83.50585252207827, -137.37195259176377, -91.64278136028493, -51.43077358089621}. 
21. Score 956374.0; {80.28495105712265, -80.08743752931018, -3.135709520432483, -9.71025441692658, -24.38323114437133, -8.90676323109587, 14.50859918447135, -16.172383549806533, 2.4277810606314647, -26.367275553631835, -254.22248149447404, -69.3073546988908, -165.92479727224747, -113.41373367118405, -60.838778971649276}. 
22. Score 500298.0; {61.197790737842325, -57.45204997207066, 1.6447433546781767, -9.470150140279474, -25.961298796984213, 6.207065349389017, 23.9797800098412, 8.17263400046157, 7.271303862730073, -22.613105442755934, -160.11214452459342, -50.92523499854413, -125.3142970974137, -91.5513862143503, -58.2960356468473}. 
23. Score 646316.0; {75.31978498432571, -64.01839553979474, -4.940941133988683, -43.457848246924065, -17.64919089677111, -37.06984828522013, 33.9018212121542, -10.049976245651688, -11.021641933188702, -12.461801747650917, -255.4624904682683, -72.49466357835034, -176.04539966085775, -101.17268103293543, -78.06391302283559}. 
24. Score 683448.0; {88.85548424452139, -71.2876612235143, 7.0418357217643965, -33.698631333834776, -3.7731262676823754, -51.295148545894754, -26.20199504551659, -44.90325821803397, -39.3783211861492, -38.206245268950084, -232.77850015311137, -59.27594478064904, -175.19626506782018, -55.15089562310633, -54.95895917961671}. 
25. Score 1318572.0; {67.54994930103092, -66.19934810823366, 15.710129760916107, -30.061504389239076, -2.6191639546349545, -25.351524438386086, 12.696163591213516, -7.469190600673798, -15.331183542002414, -15.313123921996874, -263.9835769142959, -70.31154541796624, -124.46727247178052, -84.85811264274774, -77.88914214294367}. 
26. Score 959753.0; {91.17764339857791, -69.97661707659685, -11.19214012239295, 6.148064025117591, -18.52042864159801, -59.85998053731976, -17.19655834153164, -29.712218797515874, -22.730811348474766, -41.53375602898635, -258.3831967663557, -77.65541976748635, -146.20823303843608, -77.70085769782125, -72.36710452490429}. 
27. Score 819689.0; {91.73215671562903, -71.64322755223354, 4.84091741623297, -20.326220012563983, -19.06738575277777, -45.717426118171346, -4.258226320414618, 0.7536882074960722, -11.163025770854356, -29.940529046743887, -244.42076633500625, -89.26905249749917, -129.3122341532384, -76.68355419695853, -51.05568840973774}. 
28. Score 668131.0; {64.99240141215003, -59.78741342447239, 7.459536569893173, -15.45755474023754, -22.162654911772556, -4.245432536739827, 32.55530743377821, -19.476983419410775, -0.7874734163298651, -4.65490391690733, -228.37072965663702, -55.44761876114565, -123.92867789008498, -105.50759846644684, -54.064056860957486}. 
29. Score 707395.0; {84.48926469414012, -77.86750662315971, -10.630513521779191, -36.795691483206234, -15.92126450082835, -25.553716464027985, 2.5036927703167606, -10.62296528958425, -9.54070469459029, -50.36116673325823, -225.85560923037997, -58.34155733271101, -144.99514149147103, -85.79388270731093, -53.42070374629953}. 
30. Score 741244.0; {112.6442079002014, -84.03444063215471, -18.576669939222867, -15.885663333731413, -7.518470064263925, -63.787102621668865, 11.891780421176225, -29.120750848329834, -39.54284069304276, -34.29366012973734, -308.0803576075118, -97.2153777334389, -193.5516759640246, -106.9581748937223, -67.7064017571635}. 
31. Score 1119241.0; {95.19483193036194, -81.63382069427747, -1.6380297652512574, -3.8483991694542876, -20.15834616600106, -67.77984967712456, -28.507775766069848, -35.86130171191487, -38.51294273989569, -61.08836611942161, -254.8767698884939, -89.88717448171458, -165.72300613249297, -53.313511745016626, -72.90859404695688}. 
32. Score 1542517.0; {110.07155720614546, -93.01127813715769, 12.794401179809398, -23.867224093715354, -14.838251261440917, -28.88518010678635, 15.954151662260124, -15.425574358153439, -17.409544252767706, -73.74202488879601, -328.73931888370134, -83.4399228829315, -154.31978192037838, -129.44680190940244, -50.777685849903804}. 
33. Score 1873126.0; {92.98471647749801, -87.9195750097998, -2.5779353097821676, -13.893291954348456, -4.047240725081018, -49.913462006837136, -18.330195077941458, -27.04822562709336, -15.9138881622892, -26.782570235274928, -270.01941067819615, -58.285466521801425, -115.95618868761525, -56.076008990562705, -67.92631341693848}. 
34. Score 932439.0; {110.18642339274957, -86.58690425337583, -8.887103885088761, -27.006058686290682, -14.334571620485981, -46.452942019347105, -0.3548737658151646, -43.573413804366524, -28.406397418933672, -36.4736706767905, -303.62586176978, -82.28502193636048, -184.2807341016521, -77.85090049199692, -81.1151312994175}. 
35. Score 1211595.0; {118.14730702490994, -82.95646149852895, 10.010214983181767, -10.847188693444636, -22.812532642967362, -42.134387592743835, -15.938985754999907, -30.919475839165788, -37.31018189974544, -49.08758197187679, -269.1268516354013, -80.72162971699593, -166.92634256790151, -70.54800345410894, -87.51136988493546}. 
36. Score 1603523.0; {114.18290673281226, -90.5042797924252, -0.9745153660315282, -6.448498165910717, -25.422286366681327, -57.051902514195035, -9.60832681698922, -38.582456893855706, -20.16459493572209, -55.12064838200462, -285.10322733990796, -125.84856472110016, -159.52850070469802, -56.839736598053825, -69.38647894074784}. 
37. Score 972338.0; {107.96588244814885, -79.55151018496304, -17.3800427818617, 16.890891749851264, -24.679771766492244, -38.94928210445164, -11.34959578372314, -50.47487593272169, -37.31843261214523, -47.08725269778734, -341.83730050231924, -90.6306063182704, -124.24866095982833, -74.1543948444306, -74.86415162938515}. 
38. Score 1495299.0; {99.68241577635904, -70.88493058979965, 11.736769120728544, -16.316348139137304, -23.839993779274344, -65.94424487032065, -29.8609957872199, -21.572629268527585, -23.408991221297704, -31.226634798534732, -321.2153955441616, -102.72324698199398, -111.29971332459925, -51.86170793614423, -64.08083232896819}. 
39. Score 1361683.0; {108.73602418955178, -78.32681963860576, -1.5116563348842722, -7.719772273152296, -27.069625272633726, -61.61139050007421, -19.522137408512783, -57.699918737400196, -22.402823418264415, -58.4133959796649, -318.8729762573134, -115.88361496299187, -157.6185101497416, -62.91873985462637, -73.84012554253013}. 
40. Score 1705062.0; {84.7366468189631, -64.51662579989345, -2.019275405521759, -6.532201636780998, -0.30308405649301484, -58.49907198169679, -14.737629415030577, -31.635233752386178, -43.017688258609965, -51.65719915355717, -259.54959294036223, -69.75899151888267, -114.71152503338729, -54.185506218188266, -65.24192329638291}. 
41. Score 2017842.0; {102.98425283957867, -69.67405696509024, -7.801856213514593, -19.219773591592343, -9.594454368650174, -66.37649490942887, -6.482254199420659, -46.08491407694762, -36.2756293900385, -64.85857156732102, -333.4343525378496, -82.34788114062286, -145.0444333416135, -70.62689536061741, -98.50774260316481}. 
42. Score 1701348.0; {99.35816957911673, -74.28414694561405, -15.584355468664581, -11.635605897885949, -11.791815376258667, -72.0353083400532, -1.1074425277514335, -49.69875687287605, -21.75202686661418, -45.10447139093399, -320.6464824506322, -77.81056300891743, -103.79842842874777, -69.7844805074755, -68.4432435803541}. 
43. Score 1478775.0; {121.29283805562773, -95.72306887194182, 7.973233771022516, 1.2197969992992554, -9.834601105480155, -60.715341049714326, -0.9161156790785192, -29.594892976992575, -27.100799178704325, -39.62967466440267, -322.6737226248379, -104.22013232721545, -169.04829560119254, -80.24308378095404, -100.82562430620047}. 
44. Score 1748200.0; {95.3479936072194, -82.77059937458341, -4.787289602351348, 17.57816189955933, -16.093535541801238, -43.781529569055834, -2.6661903099300277, -42.933315382936456, -42.33091542680644, -39.66774550401913, -320.5401923119108, -79.7446126082359, -93.21014797541929, -77.090991773253, -56.98023796864527}. 
45. Score 1457339.0; {112.0108344430143, -106.37845626221056, 8.12691101663665, -36.76625030879176, -10.054925301496562, -59.88031262695223, -7.04079968757368, -32.98576900824247, -41.58573279347401, -28.940712627252317, -322.843561099375, -88.88724360910962, -159.68363363168214, -88.15773175498705, -61.387926034848796}. 
46. Score 1897436.0; {113.6809882242191, -80.42971641700558, 17.303122733106758, -40.47650639081537, -5.386729361446906, -40.26051461978553, -19.927557092351144, -51.80809458144493, -37.01851991717246, -56.12389109801923, -313.5602270293873, -92.64532691118237, -144.14926291402486, -67.65136579302974, -63.45112159753137}. 
47. Score 1647947.0; {122.33694350119052, -77.15838737001866, -15.301136596784842, -11.828183546910413, -18.54726608447529, -89.79298697611483, -26.989693782149555, -60.97193910119181, -44.03041296527458, -55.90747110015719, -388.35951546296377, -105.47431382714014, -188.92952298175697, -61.219525092757436, -84.38305919280813}. 
48. Score 1400047.0; {112.2952767230907, -108.4734560599622, 1.989158640456084, -10.833599574605966, -40.18051512017743, -89.3746768157097, 0.4363837972390687, -58.00902812050849, -29.69211275448804, -60.41326056979352, -389.9595954607319, -123.80090371735643, -199.0283960290283, -89.5892627807165, -94.49488875991713}. 
49. Score 1615164.0; {126.47567608149126, -81.7327006187307, 3.5716101946230263, -9.84868162743881, -0.6295533500441959, -68.44325257493277, -13.91560259012128, -37.48205519549682, -54.69275275446965, -24.30464674985936, -349.29197338573084, -104.81466600268718, -149.83136984500797, -57.71243642783651, -82.036354177542}. 
50. Score 1858944.0; {95.65216011797534, -70.84646570667402, 8.71932966011956, -42.206508717072225, -12.202943463914524, -61.31915029385311, -2.5998234146669574, -41.97063864937416, -49.613513680544095, -30.591785626101135, -330.3782345423018, -70.74518443922662, -119.45984709966525, -63.84239258802539, -73.93874863782743}. 
51. Score 1285183.0; {109.07890147657194, -132.8712845211961, -14.157183866329477, -19.266396516489646, -20.7506416291357, -84.13374751370071, -28.660373443567003, -51.213533266482884, -39.40459455062462, -54.97077529484088, -382.43597207484856, -61.539251996545374, -141.99603528892763, -63.56386150837355, -101.57986148215664}. 
52. Score 1879345.0; {104.89967038934545, -93.36761486937854, -2.66804713266554, -25.085025028881496, -26.215492840713672, -84.94818149606309, -26.323439747040993, -47.250404680669284, -63.857758019854266, -50.61243981934901, -333.04244883571255, -73.02478948738793, -153.6092122622828, -56.52942330200708, -100.45248708190537}. 
53. Score 1719453.0; {98.93889229577235, -74.65735993285855, -7.686304506051783, -17.515688256501427, -9.063192499103781, -79.48103008214126, -12.430399673364697, -34.8252097337802, -44.66006251477836, -57.38780003971746, -344.7085939123103, -80.81636585920252, -113.615290521674, -60.434476378204295, -63.72759656100299}. 
54. Score 2412178.0; {119.07349574067152, -73.44682872698236, 14.502687621720112, -30.614254465959107, 4.635434590237388, -68.43160088872965, -26.14100784517707, -59.81129564653378, -42.35080245372886, -41.991226043677884, -391.70721974786426, -94.09235330492673, -151.59793027796565, -78.70195744120107, -93.54690531203627}. 
55. Score 2001152.0; {108.20557039129237, -91.81156091615611, 2.2178350918348917, -42.737104214602354, -1.7501460456288989, -95.3076838419696, -31.15774315729952, -63.185024961266876, -57.60082198011419, -54.815123826406335, -392.64156509084086, -76.60524776592335, -126.28670112336472, -50.33384022087544, -95.51880844603971}. 
56. Score 2210737.0; {100.04939739002117, -68.5334766558997, -7.118259596740787, -17.01397671397997, 0.8116947257434592, -34.374286792951736, 15.572431246755514, -12.858628372802094, -11.253723535059649, 1.8653964877184634, -299.02796057998506, -50.42979397328332, -94.12809427716311, -90.201203340214, -81.66334944889664}. 
57. Score 1561115.0; {118.58591870957851, -86.59969311951089, -16.297709922683776, -26.49607281794001, -24.657457785891054, -78.35079788064026, -36.65306553272097, -58.416759200954274, -41.9152053323292, -76.37089166175458, -387.5668695333197, -75.5853828539255, -155.39454575291688, -59.05889000830167, -84.32437432590527}. 
58. Score 1861026.0; {135.15561528560767, -91.20232239537181, 0.6705634153343069, -22.12840281176955, -7.0404512703188695, -87.96718174729915, -31.025861292185713, -73.17572578231687, -89.97399787889594, -52.30248503211599, -381.50603383865473, -107.58390994502365, -187.70510028829645, -67.7839526158583, -88.61661801911715}. 
59. Score 1808224.0; {122.44748826023164, -107.8883733137587, 10.960329643694735, -8.776844960057877, -15.779045861913238, -54.79708363183454, -33.86893216636335, -19.953348825733784, -65.90128079987494, -35.3453450021541, -354.02404467322674, -93.91625518829743, -149.52462053412674, -77.47358312337474, -89.67742469632216}. 
60. Score 2550486.0; {114.3341238200899, -81.67106967081124, 35.79392068064287, -21.56486898195447, -10.167923547666518, -42.343995824900105, -5.22947198957176, -49.1614509908598, -27.45122163888528, -17.642631541487237, -327.8677931250033, -114.02323495475117, -156.3614606906489, -88.10028225608366, -71.30884386507492}. 
61. Score 1637445.0; {121.27639977804276, -84.33040699978356, 12.544354367530927, -23.154755821262768, -11.074194052627067, -64.97800963892986, -23.426378919316384, -41.82249970429062, -48.69119439747578, -44.81544420721413, -357.05586223286184, -82.659175453167, -126.3120492274184, -44.98859643288658, -91.20595615274947}. 
62. Score 1917273.0; {151.2107929069702, -101.93446282306678, 0.26204309859645725, -3.535214271721589, -24.36492911384334, -117.55773826197598, -47.33854284169256, -81.92877759478189, -70.87972982099734, -64.7112765830661, -410.03340142925805, -136.03946785329717, -217.19240621406948, -40.81305350174591, -101.63951540918089}. 
63. Score 1988694.0; {131.80453285385147, -91.99928433313745, 12.763223494060083, -20.535818899746484, -8.94185545145631, -88.75063744182586, -23.492942926365757, -75.66904002128788, -54.02301695493264, -61.20830955776211, -439.06530416332896, -114.56455025268873, -172.9449424729528, -80.02366722342845, -94.50576500378068}. 
64. Score 1621908.0; {119.84846647530307, -93.11081755280202, 1.7974368770781766, -0.4896123768805829, -35.874064908767664, -68.23308349611976, -39.50185196589689, -54.47079212468382, -47.29009296587466, -79.51498791140808, -345.2817791328458, -99.71730742513495, -208.8152059788024, -60.75066313335781, -90.48389807256413}. 
65. Score 2133402.0; {136.48201739215, -89.85760010779623, 9.47228038325542, -29.690022166870538, -21.81997294017712, -92.45603547219318, -34.44963816010726, -62.580712060936854, -44.717243736696815, -64.72038162416415, -417.3445853091511, -131.21556465675422, -192.61312220707936, -67.57289306758688, -91.56631143421748}. 
66. Score 1666820.0; {83.46357740310371, -92.1937002240122, 7.944158215687346, -13.71375538027512, -40.81666169563358, -65.83405694187823, -13.120886063371193, -39.46886246218939, -35.27252025839934, -35.40665026892703, -324.1931759184489, -63.89132024357476, -112.19063543047261, -79.60934214855297, -70.06368406712615}. 
67. Score 1893742.0; {124.33885272266393, -95.60425367004419, 22.57599797308568, -43.96757328075104, -20.52612593505691, -93.58604218795077, -30.80654502408465, -61.37132043610958, -58.922623432049576, -44.75249949174909, -394.00387816128784, -110.44926955115453, -142.408038582683, -47.240396820338326, -90.3377112321727}. 
68. Score 2365374.0; {143.28511001590374, -101.40113293153254, -1.2765756553934393, -25.91012242293487, -6.202764511804682, -89.7801777250148, -18.48841226295519, -67.21758275822776, -29.429336728649027, -64.27331672252585, -384.41866254370177, -127.904471616345, -199.99794625905363, -68.15579912646814, -93.15302558739549}. 
69. Score 2280642.0; {135.32667639199775, -116.99664550057058, 8.864699484317626, -28.895604940630047, -16.51498037044274, -87.27804882547817, -28.225891674274965, -49.00060166609502, -55.86218539445853, -80.57534890531117, -445.0907545759987, -148.26069621308096, -204.7966109527177, -69.71947179480993, -121.4225203194316}. 
70. Score 2582507.0; {149.11617327332107, -110.15356228697846, 0.29531529433564563, -0.5057089732934941, -20.177127669744955, -81.91776513912346, -27.15479082052226, -63.771155041956355, -41.0855369138079, -61.84183147649616, -419.8355898832564, -121.45173014706369, -172.17013698691767, -58.994165509455726, -98.68023481993289}. 
71. Score 2185332.0; {143.15635471715515, -115.60687650390663, 4.251009433561441, -34.873001588007966, -12.092789043150654, -99.34896165000691, -8.495619389356513, -44.110777185621714, -55.26827983456758, -83.96761441035983, -409.89790450525965, -90.6349671803776, -188.96316532927366, -75.53911148099951, -125.36773719807721}. 
72. Score 1942707.0; {126.41517122627731, -119.23133603405336, 8.369572005975638, -27.49625689295442, -24.609650642948317, -103.73369855618675, -39.89147947664769, -52.44941594987481, -60.66366755491099, -91.10772483281028, -443.3780391497022, -100.9456440969106, -193.1884854194769, -57.541133575631285, -106.90470956503884}. 
73. Score 1901222.0; {131.38520641290643, -108.35120852741092, -4.461296224752607, -17.27029317427635, -11.509422402563906, -112.46113355670995, -43.33211337360568, -43.17075615267741, -53.00093801851569, -70.75454391012467, -454.29692619825744, -81.30900892873098, -135.34569664184627, -52.41740494275349, -106.5334792283599}. 
74. Score 2229062.0; {140.53108244456692, -93.42333616106353, 14.718055318550073, -59.40228193161588, 6.041634484391288, -118.89455251815666, -13.433375601588327, -60.24657656689836, -66.02227170820879, -56.26242295071165, -467.224086746688, -109.96396744923003, -182.1434940112557, -81.62012329305868, -87.39116363938774}. 
75. Score 2238388.0; {102.62684108744048, -89.30374700699177, -27.721702577603562, 7.913003746468071, -40.569043542957814, -58.6448524367817, -22.945488174296457, -42.013929835525644, -52.60653985067127, -50.622000909942145, -348.12076423759004, -86.71302994430357, -148.11449439102012, -73.04841790162072, -86.87203066503601}. 
76. Score 2486202.0; {142.1674925423107, -108.0820686812837, -14.32635682459018, -26.421864685937514, 8.277589285439912, -121.79772237717545, -44.09584358802307, -94.75607847182289, -89.09292473003318, -79.69459559577969, -435.8339949850316, -100.99233854411273, -187.59912023554435, -61.82235969403395, -90.13757468273516}. 
77. Score 2546056.0; {162.51089600209494, -129.686265281468, -7.607764283610479, -7.127552392705695, -7.464625930985842, -68.82196279293564, -33.508009768462394, -64.24013387088247, -64.31462046389849, -58.2898749064652, -448.23678227535265, -119.00292463782773, -179.28131318828247, -101.32460619467614, -108.9580505181461}. 
78. Score 2012863.0; {145.716641829723, -104.15778342474759, 8.384207353171792, -29.77171869909252, -2.4317218162494587, -123.34165832509447, -46.14899682292973, -132.488200231944, -117.27315490277073, -78.67638139329878, -481.5663533370635, -112.96214184412005, -214.34971658635877, -54.738789935878714, -103.61728587465336}. 
79. Score 2633636.0; {133.64984001662495, -96.79443441659836, 9.347322267672169, -27.762396725767367, -10.353176304612576, -80.99950361032, -24.168937127237125, -58.57894069650747, -54.835952123921366, -59.083772592517676, -427.21121124823014, -101.75152350781117, -152.23073620115838, -74.31961490796823, -91.20318846175532}. 
80. Score 2131534.0; {129.47018243544386, -91.29098351679036, -39.882945365530105, -0.45181165676810053, -28.70601791644511, -96.22631756415888, -33.70129042857292, -65.49383043271736, -25.20952166798724, -85.91677476863889, -453.43194983914333, -112.25270303331956, -138.48129598511494, -56.97464645222567, -93.07191041318454}. 
81. Score 1930219.0; {125.81592884946625, -93.89403063605465, -10.7792803900658, -6.874504068771344, -14.651440893864002, -98.32624723666537, -17.2940357802529, -57.027203810255614, -46.13237444885158, -59.311025142543855, -427.8412780527035, -93.74205306120473, -156.95980855572665, -68.2833550380311, -86.02623133802848}. 
82. Score 2196427.0; {133.2940502765281, -78.80882012729941, 27.91720484411831, -38.33474170664648, -13.292903291626839, -77.60089558179732, -14.359560610145294, -61.64393666435985, -48.21246545406057, -68.25871896219215, -380.8934030065543, -129.10741988390902, -207.27104391330582, -86.69327701491332, -90.65342230843534}. 
83. Score 3071813.0; {128.04653955211546, -88.06464799603594, 1.1272047736878066, -12.74529598385708, -16.693587217383826, -68.8329938721599, -17.609298859352247, -26.717474127616583, -44.709825438080166, -31.377343237713426, -409.97131239345777, -100.78469273967782, -118.4711340566211, -66.19381285204689, -121.06386388448021}. 
84. Score 2512750.0; {128.20006537808655, -94.27236295698772, -12.93246351310388, -17.808124247057112, -19.692237091862246, -92.655161823962, -21.81684098092841, -28.123030895674553, -23.145317044820608, -57.0547091276345, -404.47858189222563, -127.05262417649001, -166.19988649346416, -67.60235775226583, -106.76885784626909}. 
85. Score 1967730.0; {167.5805340954548, -120.24503452472632, 5.273301066725803, -25.06066095577685, -16.65339086256502, -141.0635377040802, -61.601553349653635, -94.08550339996634, -72.16327229770845, -116.47614652656593, -491.9684704038308, -140.44567226128527, -184.18896458592457, -47.113237797113044, -105.71874806472599}. 
86. Score 3093210.0; {138.59899437854529, -100.77314462510297, -1.1815450709131976, -23.21035993326697, -4.113105505337121, -134.34252567456713, -51.726888610733, -91.97882465130542, -93.20383472611337, -58.62027750682729, -489.99211397512596, -104.19349087290698, -175.3224019802657, -50.97125061750075, -77.47000508247557}. 
87. Score 2722661.0; {142.30377508283564, -81.96087336618335, -3.9413758108559787, -31.2873638266637, 7.344168848701004, -95.11655603456188, -15.526582417564782, -80.86656886833853, -49.55725082099225, -61.63157418294789, -476.81705715793726, -131.54836296236516, -150.541211971775, -73.50076328621554, -107.26491233560643}. 
88. Score 3150295.0; {143.32729355291838, -105.80616382371103, -4.487387606756332, -43.34926482353057, -4.916853227010697, -103.65015763576203, -26.04018429850774, -76.74753353821411, -58.833122472238315, -65.37213054443576, -459.0455809680609, -92.91486386461925, -181.49218982282025, -74.2510947255656, -87.99426970158318}. 
89. Score 1895220.0; {138.59142627105368, -104.31780944934536, 10.284174779667643, -15.760763020987977, -15.732492277641684, -115.98500856155661, -45.3614770503329, -80.52403593115804, -75.7777228178836, -68.62001518674782, -433.6919525240134, -115.52855712703665, -141.908143140379, -31.287819494710433, -81.25970815053242}. 
90. Score 2074202.0; {157.19177544534, -97.69737709529674, -9.444434200243336, -27.878300234749204, -3.380136221971826, -133.34592722622259, -65.09106190257421, -109.656901327681, -93.63107486244454, -79.86007319188926, -455.4775139940705, -122.57149167636732, -174.26127687516882, -23.061823529458948, -90.3220924183093}. 
91. Score 2401984.0; {147.45679086101163, -106.0055417265782, 11.112583577345712, -11.700439032175833, -20.174123321598508, -134.4155411606053, -59.90007413353536, -68.78926706844278, -56.567002576476796, -54.579526818869226, -466.50424638054136, -90.5754304422004, -121.95147814463982, -34.2634638360071, -110.22063556928137}. 
92. Score 3273010.0; {144.36452262644843, -106.67187446656003, -7.544103005548782, -15.605658278861991, -13.330513497960062, -116.08335584099399, -14.3954664921093, -70.82286241156552, -51.23927388946484, -34.414954935624074, -471.54531967416676, -119.13221955873982, -178.11754152265132, -65.74976919241978, -116.37982338140904}. 
93. Score 2215282.0; {153.8601262851653, -110.6231292791009, 5.64530901150111, -31.841555910016304, -4.0842402665653665, -132.00683716851438, -49.1129804590541, -76.28388985400223, -54.97991173555522, -69.31797506083134, -501.09876101404734, -116.74374896629459, -186.18404755901247, -52.68542267871617, -158.69708889522286}. 
94. Score 2315401.0; {142.17450169842803, -96.04824564630474, 24.012661857696283, 0.7736106954644448, -14.119148179631159, -122.8955335796913, -77.8261541054166, -75.68897569158955, -59.66305147236627, -75.36263427158853, -486.6098579517115, -128.1622680622846, -185.5379574169134, -58.6100732471803, -94.90354025739059}. 
95. Score 2603543.0; {143.39127395496874, -96.93530288191032, -2.7414035274197275, -29.682728632239776, -1.7209752062780783, -123.87808396027602, -67.02046344639159, -84.81794578122621, -87.41794021908319, -76.84141346517178, -498.0627189503564, -87.33130807093583, -148.7823321549656, -29.238334571007943, -110.0253330810095}. 
96. Score 2443322.0; {154.95280150943123, -91.54939517007706, -5.40024111997586, -29.17967845479481, -13.12599143690774, -120.27102075313631, -41.38588314100031, -93.06477183272273, -70.10826200416545, -110.41210344049723, -466.762675536489, -127.86829049986767, -186.8224531855336, -54.00484890011356, -93.64027848411699}. 
97. Score 2957072.0; {139.2084929233763, -105.60883932503846, -0.2701353497036918, -31.034657382333243, -10.973486335326081, -92.25331179354842, -46.49601209980554, -80.66628065982701, -67.2440210465734, -72.26885113337416, -475.7901791841578, -106.77597571268814, -134.47564160082354, -55.18022426205529, -95.1603364297099}. 
98. Score 2148724.0; {148.74700339030164, -121.78981103054168, 12.040076279745708, -30.818293750632474, -12.359206039099442, -132.33831583516783, -49.338070100468904, -109.64105426364156, -96.8458576103175, -75.02626845503436, -534.4730020909988, -113.62178149894082, -201.0256495829615, -78.22506381504834, -82.81162989241146}. 
99. Score 3014809.0; {130.27986785465865, -98.2276465831067, 8.752894091199098, -36.569304446181434, -6.356143229382418, -124.33883529911479, -72.87105738582557, -116.13872413919304, -103.6476436749045, -115.16467200875113, -503.0749044524253, -111.45392836460908, -195.15555740111907, -32.454032729633816, -92.56148518537039}. 
100. Score 2119843.0; {132.44236134038786, -93.44776798047704, 11.566410284940318, -49.68905877375761, -10.173735847534358, -151.32089156912144, -80.69759902379597, -115.78564518661003, -88.11819763584236, -98.40798693563937, -491.9867228650952, -76.06659274408673, -160.67061365955738, -37.00133598154726, -83.26102913080503}. 
101. Score 2806278.0; {152.76215949673428, -134.9638012190805, -5.404297295176995, -47.930254058372455, 8.117706048359821, -156.86641950297042, -74.19459413894023, -113.78099490283546, -94.8470856761507, -118.75811315353408, -541.4111574912893, -98.39020820895317, -178.2545811145536, -26.393405864372838, -102.12735426524671}. 
102. Score 2401814.0; {141.29189232187824, -97.92886124136088, 0.9898467968298119, -28.224937929199122, -8.900594877562572, -125.68794334608594, -67.09689334024449, -95.68812759146576, -101.1082661154285, -111.70788913050941, -504.09859430024505, -106.34089008173265, -167.02214175744925, -26.42753649005841, -109.32589646394578}. 
103. Score 2849741.0; {165.925594801415, -117.71401445347233, 9.859400481635994, -24.9360067656676, 15.199321270945552, -96.5692423797378, -53.20735260292303, -79.0560917597809, -71.97963321465978, -99.32593148476448, -482.17132827436797, -133.67518464705336, -190.93669751045277, -59.04661700390058, -131.94639258374988}. 
104. Score 2913295.0; {145.61594383342668, -118.52569883478206, 34.62336654936993, -54.23235671414565, -4.792373288645934, -104.55093104556462, -61.39937992024747, -81.50457712798315, -76.27195011701775, -93.4137158388009, -549.6103088312847, -98.63412584296654, -134.18335331144777, -72.83958449439956, -92.35363402685455}. 
105. Score 2341230.0; {158.89592900334173, -127.55722142711885, 4.704183624457899, -25.91382104014923, -29.122246315790928, -137.31889574563084, -63.40058042098585, -109.97780277765293, -106.60309688968897, -122.08730632717052, -534.7599766965003, -122.9639068563915, -208.83631075671246, -73.28046465563855, -79.05271346087234}. 
106. Score 2925601.0; {140.40880207258343, -89.37019298729402, 0.18022938541589184, -25.288243382317738, -4.513268390602643, -160.28632921061399, -69.0185159225987, -115.21020022970417, -105.57723289923271, -140.77015031779737, -472.6883671606406, -112.18727529384387, -175.00452792254944, -11.29697529257782, -85.01545376298262}. 
107. Score 2777198.0; {152.1112699878129, -92.79887098929814, 15.979027693923427, -31.98219614441524, -24.45856367150205, -123.61583743881535, -39.63830800871234, -93.75119345998006, -81.96667190073752, -59.794051344088714, -490.6265813938912, -111.51154352399195, -143.5682886967469, -46.299186763927075, -88.82027918152681}. 
108. Score 3069924.0; {141.01735383172016, -99.14251964544971, 2.017939537009275, -25.064614943311728, -12.549623085112838, -119.98468064352858, -77.32322451168898, -93.98649666210444, -92.23665645453504, -90.4054209214455, -495.7584888402417, -77.28784316113388, -150.4229198141754, -46.081264452697965, -112.24924918439211}. 
109. Score 2330414.0; {152.59274747466242, -95.8406415691225, 19.90404985383768, -36.680719243070584, 6.546693167698924, -150.60515704046503, -86.47812685365756, -118.5517908656025, -119.21020885266839, -117.11793303478026, -526.1834450619829, -119.35897885836107, -186.32156782244502, -29.396574514681944, -80.85760463100965}. 
110. Score 2370673.0; {126.61316051084695, -106.5625768230822, -3.2668997710988243, -25.080694752007794, -19.148240336647905, -157.15625136595662, -83.40235312457688, -121.58408833364625, -124.42980160699273, -137.89186572787136, -546.2411653115437, -80.87473417504908, -146.67532654043032, -13.198682027754508, -73.0449567009373}. 
111. Score 2215236.0; {131.6304617782694, -129.7468766449939, 9.93557231648553, -6.210828446224145, -21.139822141899593, -136.87965383481014, -99.12048243602213, -102.36169834554924, -83.88389154619823, -104.48251568085524, -510.17305959556927, -93.29916228549985, -179.18807703976097, -20.556163816634424, -88.51321476841679}. 
112. Score 3116817.0; {161.95311682343475, -92.8121616685888, 10.542559764787878, -19.712163027144694, 0.8868197527669448, -130.52051028774764, -77.12247933499691, -102.11009794850625, -107.63551464733845, -84.04144543839342, -544.5926444645148, -145.56157131868054, -162.40089665737696, -49.14774558029547, -92.23357431672092}. 
113. Score 2532830.0; {152.979563266107, -90.15006003400886, 20.67181278430381, -3.6741703086238786, -10.607534932023771, -102.40578660800983, -41.17522380860321, -69.63425668779664, -41.310447877305926, -75.74613428462331, -464.50083051644793, -118.74492919341111, -158.95704561357795, -69.13266540839633, -92.43683893447039}. 
114. Score 3295681.0; {153.87735146251254, -127.45793215076462, -11.180751060890618, -23.730511511740367, -19.045841213935603, -130.65673416874642, -73.63355458111693, -72.88550997217163, -77.95871495239398, -134.27508293474932, -515.6337472282029, -95.62524300829887, -163.89428006878128, -56.34899943641582, -103.35199486636085}. 
115. Score 2816071.0; {150.64673779355687, -113.22519581324154, -12.614979515802636, -10.468964722898619, -18.640574276427667, -153.6827793317029, -74.83345626882172, -109.9003774810337, -83.79545928336555, -129.60231495875584, -549.8334925870295, -82.25774465515421, -164.2669060880075, -60.999943110303334, -88.37571888263813}. 
116. Score 2554999.0; {150.96575015016697, -123.54692291325325, -3.0297813928794124, -9.673959920950445, -34.56715647724583, -88.26651289113886, -43.2716606063389, -71.0107149905464, -90.00124042538013, -81.59363100706682, -526.1369608630881, -104.75797439848469, -165.28230828901707, -76.09799320173906, -124.0900420216183}. 
117. Score 4775945.0; {139.07685474959442, -124.31787809236857, -0.24106797715209405, -35.91980367301591, -18.312311390847142, -161.0746585548034, -91.0735555170825, -107.13452976534178, -112.27285115420756, -133.83906969860647, -520.5837492413552, -90.70485859867703, -174.60486497777308, 6.610835295398665, -92.5803305654072}. 
118. Score 2218451.0; {147.35314597158126, -158.01306735684298, -1.0226890734271201, -46.046351077883386, -18.576905359277983, -135.15973710313148, -60.49591402760667, -89.40679261572083, -103.05917900532353, -109.18416766324184, -577.5430764568507, -114.07881965019916, -183.0158977052649, -66.08779741752807, -100.52902150404812}. 
119. Score 3022481.0; {159.54661064895592, -99.86382853833966, -11.646331142709403, -14.103576217535348, -1.404155694658904, -141.49467077954557, -59.385239055143195, -120.65412009784092, -98.28440712471131, -131.6560293300487, -548.0193377739438, -112.16799131552789, -141.8032453403382, -15.78813165043086, -110.69939197665856}. 
120. Score 2534520.0; {188.7755915357212, -128.74828516473022, 17.52692079710307, -31.534959005855793, -4.271013120763966, -132.67332327362192, -67.43415868950127, -91.66683070467987, -79.02044931106636, -80.8296214563965, -569.187397180888, -117.35749603097983, -151.1076212690736, -49.69517263832091, -105.05196139940696}. 
121. Score 2246769.0; {156.38360827596176, -82.68672245001258, 17.937752750227585, -19.10198031378449, 2.322285927517731, -154.73308558377582, -64.05248235710917, -96.04344278830135, -85.00112623439082, -130.15324542590844, -515.6386733804461, -107.13579995613931, -162.93026691449143, -46.81567212733814, -88.35493138979294}. 
122. Score 2398337.0; {153.87507041927302, -120.7630971588527, 28.42442933463061, -18.725246770637906, -18.681870081776005, -124.61945690249084, -82.88996245840714, -104.07483704568602, -95.16800079185113, -102.34667029741027, -537.8342954293811, -91.84971906194822, -146.1980309273059, -28.16732957903239, -82.8319532343559}. 
123. Score 2931155.0; {176.39140291692664, -114.25971744295464, -0.27226928722105326, -27.52974673378137, -11.083156918946566, -123.11675678944775, -40.41801186977026, -99.49295731568836, -76.03568311601397, -91.5746706266538, -559.2656034080344, -125.6157864581924, -158.21384443989083, -48.73273738781039, -117.69964322233358}. 
124. Score 2085170.0; {134.28344107992805, -84.83487608508958, -4.620403946643762, -42.21575148170031, 6.624494888751453, -129.57301093656764, -34.78692306405214, -84.26256864251053, -96.10320605475843, -41.14782881939688, -514.5367944850337, -132.89228885211222, -136.55906791935303, -47.873396712940114, -84.0393092579012}. 
125. Score 2159905.0; {154.34979501098155, -131.62036070687256, 27.50292280788986, -37.189539147123234, -21.360806372647115, -144.77594135624676, -70.0688494441992, -113.57710316559226, -112.58398191295304, -100.32516997840796, -552.2672602620896, -96.90842858795911, -175.93313165117704, -37.109066342127655, -100.9312726569821}. 
126. Score 4563962.0; {142.34636904224223, -120.88572890940958, 0.5033343020331897, -38.2420510654224, -11.53418027150375, -137.43860657324362, -76.57629506578961, -118.34416815286437, -105.66343647145635, -105.22779860468086, -489.2573399161793, -82.21060254882084, -190.66372598964898, -21.73439583543228, -94.58538634098673}. 
127. Score 2863128.0; {163.7912878087052, -114.3077920058274, 11.842889554289448, -46.871975840911546, 3.8503829058696706, -174.20145260014462, -88.98828842964194, -117.49837203459887, -122.96569030037904, -94.56493748645495, -534.5049858555631, -126.87189351707741, -176.99657004166312, -10.456761273747627, -109.25495911631663}. 
128. Score 3377419.0; {154.37574520712604, -107.99668108957675, 1.1512495847759219, -39.90439861742253, -21.537510884476283, -148.1135413839637, -56.95317819182848, -137.81985447332707, -87.36487736557783, -125.81392230563863, -537.3241062896657, -115.34088277575857, -182.37583682280084, -34.679806155150494, -98.6982432217072}. 
129. Score 2331688.0; {153.0369534347471, -110.37631494684781, -2.141925914424082, -36.2286424496974, -1.2611499157021768, -142.48335179065873, -75.2628742846581, -103.73426450480328, -89.9623486470028, -104.32180982550213, -552.8886033108976, -120.75542656437489, -175.67395363617135, -46.7907919508575, -96.95128611286776}. 
130. Score 2567868.0; {150.25677594532016, -125.19659001601761, 12.725903537850023, -43.886057688879944, -25.35692285972423, -112.55531279780232, -64.10522874466416, -79.03251146999446, -89.12201100947671, -88.72063760242537, -547.6425330040006, -114.46407399566826, -180.29103182326503, -63.623463147818875, -104.87601844925743}. 
131. Score 2508321.0; {156.6745910591626, -92.72427185693914, 14.494751179449478, -4.757000835451443, -18.206621217665678, -118.06555781066407, -77.93237037918836, -82.08842787178914, -88.58501829580703, -93.39096545779555, -510.61707682221845, -104.8800242694508, -162.94337633441717, -45.2771371803517, -90.2863929528998}. 
132. Score 2399628.0; {133.43142082362897, -121.53514267854487, -19.256712712227653, -7.905475905467945, -10.480057011956134, -148.3898982951848, -93.9078423994309, -110.2748661022256, -99.9031099123391, -118.60180361984328, -558.8871949464204, -113.53669472248647, -148.45461334287148, -15.370525487088482, -99.96621664984815}. 
133. Score 2560213.0; {123.45677344631514, -127.84064074924623, 13.654365634897022, -28.82388485263865, -32.19256053400145, -159.93795568258122, -75.13405652635703, -102.09075779413328, -88.04927413343296, -110.35187473687294, -542.1928582087952, -86.42829078670492, -158.8331149300327, -55.74205611730336, -110.79753406951953}. 
134. Score 2797004.0; {144.11215675732518, -107.0132552291031, 1.1039983414889765, -9.341244343450853, -12.491571507431326, -145.15792999378263, -64.50027407432782, -120.04492636321017, -85.12656944790962, -102.81827815741484, -507.6531731730089, -114.00512635853408, -171.63408270848063, -20.068715098196908, -117.20964140405985}. 
135. Score 2624321.0; {155.76511327319972, -147.6693902342885, -10.243731613954631, -25.26188584999345, -21.37885422347678, -182.6470176946342, -90.5236903998972, -136.44829098283878, -122.9588694031394, -146.59675050345882, -565.0074201471683, -96.42270913329688, -201.31941189873203, 5.046272070507754, -101.24685182607963}. 
136. Score 2484012.0; {125.28196173993788, -110.74206581291398, 9.577586392132478, -47.26592816474853, -22.98919175454929, -165.53776423454076, -60.790728633841205, -110.49843085167024, -95.9673391684463, -111.60013490117615, -560.5999378595883, -109.81154347575607, -160.58147337505304, -20.259837955387624, -103.54403918484275}. 
137. Score 3211761.0; {164.67158188270517, -149.84201188328754, 5.790769996109674, -18.932801316433164, -13.118333922216708, -179.4720460770859, -111.27419697158496, -132.9164673215539, -110.47685687622636, -111.58513746694713, -588.0804494528273, -104.83738340952027, -188.618909727125, -20.744108314333516, -101.89942877693873}. 
138. Score 3524154.0; {149.12863683608833, -152.26377639373925, 2.325837253870634, -15.24393713683054, -32.07093754487511, -158.1379548333873, -89.14360082421047, -126.19979067918614, -106.08805597215341, -102.96522881594522, -588.5098572497986, -97.48225959724556, -181.4261888060489, -34.47296922937982, -106.8299441216985}. 
139. Score 2785002.0; {144.625773526736, -157.39215998401878, 11.743897743743162, -47.523617505475755, -23.657112046234218, -179.724516262515, -102.27633685659245, -119.05523358740804, -150.54619901926168, -146.19426819879328, -637.2262233733225, -102.00291154551596, -207.29016269032928, -23.544610623133202, -108.72512529699891}. 
140. Score 2983243.0; {163.2470767238424, -134.48075969054412, 27.586334921827635, -29.56790382951248, -13.084941713321678, -166.78274525752119, -86.65088038755938, -110.45898365565213, -86.73512691235165, -125.95161786097009, -515.8803575813629, -108.32220646707604, -179.755409124885, -15.686666518823525, -85.069144434355}. 
141. Score 2991551.0; {165.0104992509318, -152.71759066188224, 7.287575719226336, -43.89766297942893, -23.51129155535332, -182.09597627683547, -83.40023664843844, -123.0125307035758, -141.04500446937482, -131.29265728223197, -581.2559249864626, -87.21162026008652, -194.0218202258315, -17.223147524131015, -111.39641797748725}. 
142. Score 2380278.0; {167.51259593670522, -130.61476545386108, 6.070210231681281, -39.579831792429765, -23.17514119133308, -186.12554521507747, -90.35498544309739, -124.5461530902329, -110.72229554021959, -122.07847587712357, -606.6450480868368, -118.60784964787989, -142.57407256280604, -16.95058059147402, -114.05285967299278}. 
143. Score 2983406.0; {152.23723996027616, -136.71793616865085, 12.504050233849178, -28.129075785856376, -10.832041597173461, -179.62557572810124, -106.37584173397568, -146.83462625357214, -142.69308196434895, -160.44923573180776, -659.1295676331766, -89.13101150235413, -155.21068463183116, -35.277119322266444, -97.39664921746555}. 
144. Score 2625017.0; {178.9271282722587, -113.19759543194701, 7.444784363359119, -18.47089422353593, 0.4048769136317638, -186.6132081023203, -93.84995836857787, -115.24096382361267, -115.50316701074937, -109.48117988550607, -589.0288678736313, -125.55354364511011, -194.2634422728539, -32.652717814303074, -89.28173422547056}. 
145. Score 4263396.0; {190.68790307532552, -142.71300537882453, 8.730644081326805, -35.17181795916012, -1.6269773033274255, -155.93934544708927, -78.69331171459416, -114.35042453407007, -99.54649237762183, -141.85854357275772, -564.4456392640981, -122.68823417533098, -203.83353673980665, -50.06550812543158, -98.24855626070911}. 
146. Score 2724049.0; {171.28938232945384, -113.5865757457521, -6.066033952224454, -4.823803184270233, -30.350703773591782, -152.8934810208716, -70.77121146359845, -131.92576188206073, -102.52020640578068, -103.49266874179278, -578.3057822267887, -133.7592324368989, -213.2705604296732, -55.65528166281578, -128.70800723454832}. 
147. Score 2284208.0; {175.9226929589504, -155.6642293273717, -6.4373202372071505, -34.72889689727074, -2.0001957422850882, -153.07244158595483, -63.73217708159172, -114.20095286263796, -89.21804256784543, -101.71516726306743, -588.4477187689489, -115.88332970912865, -211.28901834249615, -51.732790289933554, -110.48397590475766}. 
148. Score 2998682.0; {150.08911203355137, -94.3459850363027, -13.259191305151191, -10.909574904357466, -6.223481647049502, -163.99302581953052, -60.359813674265325, -127.97648131659024, -95.04587950956865, -136.00085483543768, -552.9519936239459, -140.13216450591906, -208.32359521590107, -51.17685281391141, -100.11215658297772}. 
149. Score 2979354.0; {190.12166429832013, -152.0252395005951, -12.979066354503011, -31.378494116675864, -23.045098578502813, -150.18864857963052, -92.72994472953516, -109.68611212263112, -125.53331846334073, -115.62242032736602, -633.2229490593736, -98.10119310851046, -184.05845377304803, -59.94118815101619, -108.61969311681904}. 
150. Score 2916881.0; {190.7584141570896, -127.7283198152204, 15.285213914218794, -41.00495829180629, 2.2025019729620183, -144.18967708793042, -64.12562825858785, -110.92108713749637, -111.4343613949284, -96.0564887531744, -581.9482987563356, -130.97697753631633, -192.4676268889272, -57.4591135252989, -117.59940701544784}. 
151. Score 3593393.0; {175.60760597646484, -110.2729977001082, 14.742293612550776, -7.646314643683091, -25.21912152014974, -175.8638223873706, -66.40656159144748, -114.561616723092, -87.39697924698163, -124.2376364033829, -578.4575535272917, -126.65443482137721, -180.8443363403468, -50.30924466551522, -95.19083278843942}. 
152. Score 3541358.0; {184.97496451760145, -169.4608009346798, -1.7836220454282303, -46.70375398744956, -5.8347333382170525, -161.96417163635405, -72.60352005683164, -131.41126098314905, -117.32629650922408, -133.17490951238557, -622.4040191943843, -108.17644759255911, -216.4761342904072, -57.79763163051514, -120.86576388073254}. 
153. Score 3818524.0; {170.5219050086621, -116.97221897403277, 12.906902739668809, -28.780225776595092, -7.592204995000801, -183.48083103920135, -56.12269014540598, -88.10031737690323, -79.1132147534381, -109.8848114279593, -615.1881905159441, -123.76006087062977, -186.2144737427413, -58.83091647447716, -129.3832226678372}. 
154. Score 3502478.0; {167.09887561521782, -143.333483844299, 10.866481849240762, -25.285437560067194, -30.560349266890903, -155.50125920121553, -69.97002250395248, -125.98317186919034, -88.6275454503706, -96.26187365731964, -614.0878803342512, -117.31436267096989, -172.36426866791396, -36.95081878214686, -110.8595084607086}. 
155. Score 3196473.0; {171.62084499329302, -130.25906532935096, 13.387842550623152, -31.72411917296004, -28.9315671995544, -132.0695890505569, -26.880102673364178, -87.49965392599016, -86.45608828624765, -70.98145571284931, -550.6987131570452, -142.03617585562992, -190.02993068342235, -74.67239146941841, -112.10619550356458}. 
156. Score 3167314.0; {196.07569267291396, -116.63807195991741, 13.328015509528022, -29.316631919641143, -10.99890113683216, -159.67890076246024, -78.99018408340048, -148.1247909277634, -93.95815534630692, -142.0028771889537, -614.2819995038237, -140.95527415606898, -204.3222358631853, -33.58622909724982, -113.4745613133094}. 
157. Score 4097949.0; {165.55452495281747, -141.96034723128867, -14.617784023736757, -45.278073760422984, -25.430257342693587, -160.67925775404194, -68.709537586039, -106.71203720330698, -111.10615347502585, -102.37788229336111, -604.398890514614, -127.4364085646633, -200.64709683697274, -44.353381153698834, -143.31951706287558}. 
158. Score 3275382.0; {187.72660518310028, -152.1931232445928, 9.139181629650686, -31.429261969207335, -20.681616593537157, -191.68148125109892, -105.8786374969846, -108.73733749600729, -138.16858772805614, -134.93764888213707, -605.5131536964241, -117.72589902150736, -225.90894552517688, -11.323584991816336, -118.65648294112893}. 
159. Score 3140835.0; {156.1736783025444, -111.56448127140746, -1.3191504502331117, -24.905601595919073, -33.18408808859347, -155.80958382060325, -80.59667209301875, -126.98208465476664, -100.51533046791305, -137.69770740969574, -637.2973484172513, -119.33490513983442, -211.09617597966022, -75.7715520913996, -132.59747213215465}. 
160. Score 4239480.0; {195.42318416223304, -143.3193638508838, 23.72892221729626, -40.345900320333556, -28.35711775694812, -211.17150974774427, -92.88088954303787, -160.51580021281939, -138.77809432858334, -134.83363094326825, -703.1466735307569, -136.30946804070393, -207.345402551988, -36.26709597475534, -109.76185718787501}. 
161. Score 3230249.0; {141.9515600720824, -87.26148828239076, 21.411794632416846, -37.03816043718588, -11.882942979930247, -131.17677331444912, -80.9454930085425, -127.14893550994847, -107.69873383466353, -134.73322794621515, -610.6926056893558, -114.40790961764851, -167.93910254306903, -50.41497583123511, -92.28601798404534}. 
162. Score 3017727.0; {166.0704949928316, -117.14141223374403, -5.777982771506361, -58.01577347993522, -26.41194264012822, -171.623683148723, -105.59650348574066, -136.59896434390868, -103.04962181557482, -138.7773687966173, -640.3288823349611, -105.45447498529253, -195.74365721433043, -41.74444600075564, -109.44759253394656}. 
163. Score 2245312.0; {174.493017037754, -137.03084244061694, 11.575575342385957, -28.373058545344474, -16.58986486852815, -151.62589961111857, -73.22103058557043, -112.0675735006616, -112.12284748775758, -110.18661855707835, -607.4969984541133, -108.51199043256561, -168.58174627886984, -27.613979162324085, -156.2206250680242}. 
164. Score 3358393.0; {158.96191186902976, -146.90540398821932, -0.7815755381788807, -45.321224415137735, -29.19083866175685, -174.44698133074948, -54.89294120902653, -101.52791680082247, -101.98032454222289, -136.83532995458606, -606.6678514877738, -114.63582314224715, -197.29847181268372, -60.44544706215753, -86.51221986405022}. 
165. Score 2495036.0; {173.27691249790485, -119.05118045374866, 15.90281114625201, -29.96287660045715, -18.17270423804703, -192.36537143635942, -92.36593707095862, -124.18343483027022, -142.55088768825365, -112.38894114505868, -640.774432346065, -139.85418004701438, -189.85880490142443, -47.540057458533845, -83.8948513325026}. 
166. Score 3856626.0; {184.8031973488919, -178.39782259810505, 6.284956322742541, -19.83702877144247, -25.493098983328245, -172.47624297538732, -88.66586465395343, -119.40097038682984, -136.90963354499112, -148.97929115645098, -659.1568135845807, -111.39982795735813, -176.84609589788573, -32.93031989552094, -118.5032238873872}. 
167. Score 3176671.0; {188.4306739393898, -135.1721574076864, 7.238117611359042, -20.669815057995706, -8.176858739188022, -206.62048463623935, -96.82843404661797, -134.35483162713533, -118.06539023088149, -123.73354788810502, -596.7740714043807, -130.15724345062085, -200.72775108702996, -38.18084496486298, -118.20207354251664}. 
168. Score 2984152.0; {204.27626144358268, -146.71538610933197, -3.5315047911144473, -43.26345178981721, -17.46536944543268, -180.14062182402296, -71.75367469349804, -127.41950380843215, -114.78675000301433, -98.64270354611888, -636.7287572030336, -121.13843219155675, -225.1912909194758, -64.54457179815172, -115.61765313610015}. 
169. Score 3221906.0; {190.62643739738024, -139.6774598457819, -0.6610629077934735, -9.751391109722874, -28.921131843110878, -174.4220334539162, -92.08911304077223, -117.50645238541576, -125.16042747930354, -123.02518552659134, -638.1163283825824, -113.55084222049025, -193.528574256662, -29.24180112512068, -115.04925463392833}. 
170. Score 3009990.0; {164.0114649638469, -137.26247005417315, 13.289172891528223, -1.7742978386420987, -37.843587845246866, -166.39870177739922, -87.15557106597355, -109.32481935851523, -116.92260273157741, -138.2701136405614, -632.7717147290383, -126.47750219805229, -154.63036694824928, -16.64719143807993, -125.20469990485287}. 
171. Score 2236056.0; {150.23725015457234, -124.08814296820562, 20.226393956327982, -31.449124512260447, -9.225697875377815, -161.12592245342245, -92.31934958281978, -127.10185975815403, -137.22904481369756, -102.87931924268453, -628.9532657176537, -125.7524593445072, -183.8141194608057, -41.98560399985149, -104.87211663564264}. 
172. Score 2884432.0; {134.11571872145188, -110.59958314535055, 2.8893481367510745, -22.875184778408865, -3.4736192209397796, -173.61361524069463, -100.0314099954273, -153.01680745881362, -136.29798425469855, -134.6640859431409, -593.5825186369526, -97.75407188889115, -182.69850574726368, 3.04040277308043, -109.07265901570044}. 
173. Score 4672892.0; {172.61273087632574, -144.7768555594259, -6.493562623855899, -35.46844603254291, -14.68973408389259, -158.67844359065262, -62.2204047398485, -73.57295231984327, -85.57070652748021, -98.03990511132588, -577.3516624685045, -111.54140257265769, -186.34970818513798, -50.98327360931232, -142.24648364874815}. 
174. Score 2808514.0; {168.54484419220097, -132.84876158906894, -1.6395681754356746, -11.606107535801815, -15.777923089149015, -172.06242575138833, -74.00478979040105, -98.94533214274794, -90.74771658221864, -86.13672726817933, -608.5520132993122, -124.08080392029953, -162.57781897052755, -50.39097307051786, -107.71666936949019}. 
175. Score 2690913.0; {159.25028226939827, -122.44595339537267, 11.603526611472862, -41.15615582376554, -5.907816961201067, -158.2392458279558, -60.251355654418646, -123.62327938440609, -102.45181490627209, -109.20902865687427, -611.568377049716, -121.40733309506265, -204.91353983713438, -48.10304910889351, -108.74457576255898}. 
176. Score 3601819.0; {174.543102708909, -108.35080560914786, -1.6420175732632134, -25.167248453738654, -13.536067050474184, -195.72526314723794, -116.30478042854, -148.27854604761987, -128.00128455297198, -142.97729651995928, -562.5517539947123, -105.05594346868554, -207.044842537072, 3.7195609969690224, -99.13427229212908}. 
177. Score 3975618.0; {187.39681355363692, -132.92469209207684, 37.08028801565265, -48.69800830473039, 0.6929177882581481, -201.5831126834209, -75.37608326282341, -151.972736769419, -110.78083622787287, -114.39485286013002, -653.001726073549, -120.80053103746886, -192.99509311089474, -45.650350041611155, -76.9822636340584}. 
178. Score 2782009.0; {160.4098734760487, -131.92037121640243, 8.720415622227835, -27.20615326287306, -2.4077492715555806, -144.93832870491605, -76.27206857108517, -116.98345541351631, -102.32122793386557, -129.42909572650785, -646.9837055384069, -136.10207458446826, -173.18055000355955, -40.23176995959905, -152.74996278335828}. 
179. Score 3111921.0; {184.98216872905326, -148.12958800258664, 13.8815437436575, -56.38683611191345, 4.591796172276691, -178.75239301628193, -104.34212678636737, -126.64607700941544, -130.5690497969695, -127.85443738917445, -637.928868330774, -136.3047947169597, -181.3711994661914, -15.547726321539631, -99.68837891577951}. 
180. Score 2420687.0; {171.7611913838992, -129.8834766337762, -0.845102231021071, -39.628377640123404, -4.403567562561693, -167.0768856404343, -97.63711123902301, -131.93007035123912, -117.02758019817516, -133.47279379787912, -563.4434992973149, -125.73863522068606, -216.28411817498386, -29.17301508864759, -79.25299824645036}. 
181. Score 3095819.0; {183.31967308697511, -149.72912252598894, 34.804542121478555, -60.93665114313008, -6.57390244287309, -204.2799065112045, -130.5276336735107, -150.58108342336004, -145.038811786866, -137.8382204718028, -631.938095364767, -133.83966490420886, -189.4115102520742, 4.669850268790647, -104.29276677325346}. 
182. Score 2817472.0; {167.28764223476006, -129.6989506872093, 38.155570078997, -39.35237746814072, -7.428841299868028, -207.6949841934989, -100.20222591218766, -157.42173473592575, -128.7897625595075, -157.83502790866922, -636.2425475505707, -118.93952223608025, -184.67447918876192, -3.288850711457812, -94.53511704641852}. 
183. Score 3935312.0; {155.51752517344426, -113.1496361531594, 19.894099285506982, -50.36843534310266, -12.705238439641123, -201.96874247379543, -113.34674821536997, -178.9255256579275, -145.04084383547064, -162.9082211312756, -671.6381349542992, -119.73312167455197, -188.4054265666059, 19.357681595660367, -119.44398028268678}. 
184. Score 4005447.0; {174.61429006152807, -131.6455217613232, -6.591371456461932, -43.698898078766625, -21.82658379255988, -190.18305459129903, -76.67366882264321, -129.15756605899804, -138.0134884172415, -118.97322935267317, -602.5742680197478, -103.31821058491693, -200.44822670006965, -25.179477660659934, -116.5174078650364}. 
185. Score 3008067.0; {154.58301876943037, -127.87139002645382, 16.933022527418178, -46.4947097460713, -4.68645069527318, -184.89613880420663, -78.93040896785465, -155.39148664475377, -116.37200494454156, -158.02375489998548, -588.4271330489792, -98.85123523531126, -177.2951654652709, -23.66497758959021, -68.19663309190565}. 
186. Score 2447691.0; {172.84071682531334, -130.68335929893024, 14.982061615097738, -36.316391559142275, -2.4102933956134223, -144.40525064137398, -58.858964896509946, -114.36599677883584, -116.85913205926478, -107.87679235360557, -660.3960912489723, -161.84700222134182, -247.0256924957233, -92.08011647381716, -138.37516199774834}. 
187. Score 2926673.0; {191.77841528840167, -162.0870331581416, -15.629672777301277, -5.595926099913889, -25.419041073585376, -172.66466858073548, -119.06931920142252, -115.1554827038677, -116.43187416802114, -122.62591882110726, -647.7489857598454, -135.56052301154307, -179.5977753350011, -15.4691928640327, -149.36816731653926}. 
188. Score 3012459.0; {167.24536052732236, -125.52044448922732, 8.203627430344469, -18.616372582294474, -14.628356810548235, -186.3810655269482, -70.21960005920019, -150.37554965907094, -115.91892002291415, -131.94141900596057, -647.8018941880969, -124.08054711396812, -188.91609922204267, -48.71377034097564, -107.06367309057181}. 
189. Score 2768899.0; {148.57405310553995, -102.29790652263901, 23.184721828318313, -25.81458905451603, -25.98456786764938, -173.6736759438408, -101.7248905469473, -132.51401019887882, -128.57250327329305, -150.4486651526256, -626.3402691972469, -104.40346027577147, -195.7822622080304, -30.879196898863025, -117.25782649187447}. 
190. Score 3192078.0; {159.74014970938612, -118.1591105504686, 4.274920513971189, -8.798789714670423, -11.559902116841943, -174.62148063325017, -96.26687020779362, -164.9123666198069, -116.16716201312576, -178.41266115011342, -549.6060848254954, -103.84028405250709, -180.14921057515534, 6.064729168059429, -76.90899445518849}. 
191. Score 3535686.0; {183.56601248744187, -125.47414155795525, -8.26514668194557, -36.35010492357696, -6.64650072887956, -165.34075447694212, -89.2710964459565, -141.8956015400796, -115.96986765514121, -145.1863234342015, -697.6913562242465, -129.19325229810048, -144.23871733826402, -9.51891386965228, -128.19045474919932}. 
192. Score 3112944.0; {180.81692425871492, -146.02631513844412, 1.1686042579821172, -62.98105218804608, 3.417697139486137, -162.92587275663735, -71.41560482695317, -119.25781837948648, -105.76100753388147, -117.53298811083563, -643.6933122858098, -118.3751513670676, -188.7576134634213, -52.81628768078217, -117.20364382672426}. 
193. Score 3700337.0; {173.93319535448177, -139.09664325398327, -5.717233775013957, -40.24937976328622, -28.639652258335047, -210.38936956738053, -122.47306772103906, -143.73082731504743, -129.8481678234196, -161.71770951401302, -698.7323197479805, -116.85960106391916, -146.90358075379913, 10.751737320025455, -117.5606726799959}. 
194. Score 2844182.0; {202.0813205108489, -131.42610350265514, -5.0458524912288985, -57.702697285359875, -12.679154799490254, -183.13602293669453, -134.24178750567688, -146.96397512630546, -147.48732933175316, -151.13400274490584, -664.5507782874743, -137.74740968171724, -211.71663353632567, -10.516006008491022, -118.06848900501038}. 
