
nSamples 100, nElitists 100, initialNoise 30.0, noiseStep -0.1, height 14: 
1. Score 9.31; [6.575587507989573, -3.8498002983634843, -10.265229828339672, -1.2337061925596031, -11.266385741099064, 6.740084646360415, -11.828496154535221, -3.283505962234459, -7.736860382844744, -14.82900442674789, 3.5771378757099437, -5.024874288511153, 0.7361617214260391, -12.433508150921275, 2.413815021805495]. 
2. Score 32.69; [-15.292084087807005, -13.371948341390056, -11.85743119970026, -25.51085017256724, -16.374572699087736, -15.791900273108954, 13.132235307995836, 6.8986689504878065, -5.148293940702265, -14.355083625248133, -12.388304659053391, -16.80375779057419, 3.1352881112310613, -24.523013565506556, -6.650233995455867]. 
3. Score 100.78; [-25.113492444760006, -16.69180201496049, -10.944552760994704, -14.250601904725695, -17.208586359693758, -20.64912345099343, 23.165753266373752, 4.448603137528548, 4.567350317320916, 2.4128912248956134, -20.554740762229997, -8.987871083442055, -24.60289911948027, -42.78499741414247, -9.07101399308782]. 
4. Score 90.96; [-25.113492444760006, -16.69180201496049, -10.944552760994704, -14.250601904725695, -17.208586359693758, -20.64912345099343, 23.165753266373752, 4.448603137528548, 4.567350317320916, 2.4128912248956134, -20.554740762229997, -8.987871083442055, -24.60289911948027, -42.78499741414247, -9.07101399308782]. 
5. Score 94.84; [-30.62165319555309, -23.29831240903957, -31.926386568250667, -43.39186065628337, -23.389671081441538, -23.341470327046757, 21.39387332264099, 2.830151757428945, -11.603551226566717, -32.82425765593172, -34.37957860484317, -2.5830378109696257, -30.60656289671379, -59.59510311369081, -19.655063486814562]. 
6. Score 171.13; [-3.2093304673850067, -19.081670581952494, -26.58075493189174, -24.915557969774508, 0.05326579511182672, -27.487817033189344, -14.253434392132046, -12.880256847131038, -13.420271097843692, -10.410278541493309, -33.04262879036989, 10.362691757333275, -36.55487569910334, -30.776173450569903, 9.360255939558773]. 
7. Score 336.04; [5.602026390141779, -5.646893513513106, -21.370784684285496, -9.341416455235578, -6.189179980788007, -3.9282102596647546, -14.980879667557579, -18.968823518826923, -17.751205614966523, -6.2833520315488265, -22.975005728422623, 8.135343292515612, -57.66353371829793, -38.72023474905036, -3.4844932524739916]. 
8. Score 274.26; [-19.245043445476256, -16.739654016641325, -20.255742597310395, -11.877386189388883, -13.955699090428752, -3.57470195304493, 11.627920060807863, 4.267972854625453, -8.946816270721772, -17.635225168926397, -38.01868299653772, -4.762906611476687, -45.359777488176164, -48.034699481333554, -25.923765788616237]. 
9. Score 363.44; [-10.214575336976127, -29.00954971535704, -11.663312469244113, -31.755151851752572, -9.403569605147537, -10.756601875723385, -6.568223826428953, -8.92938413454677, -29.177061588219757, -4.976053439313654, -30.639133879707177, 9.685279340445664, -71.6637646366809, -43.17484180823532, -3.26710506081462]. 
10. Score 424.55; [5.572917909389208, -10.507472748806387, -5.0188938163392685, -16.190447521801865, -6.410713366345713, -29.05807733611927, -3.543106089483074, -9.333300683768528, -11.260466285864089, -1.2347359555909296, -35.31688361310178, 5.009663976876089, -52.59482907167902, -30.722319975924382, -6.030119267784891]. 
11. Score 485.65; [5.572917909389208, -10.507472748806387, -5.0188938163392685, -16.190447521801865, -6.410713366345713, -29.05807733611927, -3.543106089483074, -9.333300683768528, -11.260466285864089, -1.2347359555909296, -35.31688361310178, 5.009663976876089, -52.59482907167902, -30.722319975924382, -6.030119267784891]. 
12. Score 496.74; [5.572917909389208, -10.507472748806387, -5.0188938163392685, -16.190447521801865, -6.410713366345713, -29.05807733611927, -3.543106089483074, -9.333300683768528, -11.260466285864089, -1.2347359555909296, -35.31688361310178, 5.009663976876089, -52.59482907167902, -30.722319975924382, -6.030119267784891]. 
13. Score 582.19; [-0.5571407440758769, -29.602925403061548, -29.084946651062875, -22.18906253939297, -15.325374396783378, -10.610224635165448, -15.223760904850693, -10.918579731868666, -12.974898749270695, -25.330054188446816, -39.79554018232261, 20.22482945311257, -61.98905829480943, -36.82508652904589, -3.3953422819829098]. 
14. Score 475.68; [-0.5571407440758769, -29.602925403061548, -29.084946651062875, -22.18906253939297, -15.325374396783378, -10.610224635165448, -15.223760904850693, -10.918579731868666, -12.974898749270695, -25.330054188446816, -39.79554018232261, 20.22482945311257, -61.98905829480943, -36.82508652904589, -3.3953422819829098]. 
15. Score 667.8; [-0.5571407440758769, -29.602925403061548, -29.084946651062875, -22.18906253939297, -15.325374396783378, -10.610224635165448, -15.223760904850693, -10.918579731868666, -12.974898749270695, -25.330054188446816, -39.79554018232261, 20.22482945311257, -61.98905829480943, -36.82508652904589, -3.3953422819829098]. 
16. Score 508.1; [-2.153849641497188, -41.25103173308506, -25.69842401836608, -8.018060511008027, -13.582573183114443, -14.976151194399279, -9.287011578655385, -26.43617781766544, -20.991678990635158, -10.799118124806565, -57.80847336664591, 15.461275397815829, -51.42105298855678, -44.25924788665512, 3.507677208722105]. 
17. Score 963.46; [13.097714454705049, -29.936471166141025, -14.789316963169519, -8.578658876422416, -11.105254176437628, -3.735687998692577, 3.8962853963736004, -5.246050579032301, 8.729826814544511, -4.879391344038255, -30.797728206523903, -14.294191587971028, -57.717768825196856, -31.98581495756789, -17.608774370889666]. 
18. Score 1093.39; [6.450465200388273, -33.95478770120455, -11.48302179257184, -24.22648118710976, -11.429460315743896, -8.736916588688237, 3.335149706237498, -11.229685494353458, -3.1299422002625246, -4.191965714386381, -43.98697427179691, -12.047342243283289, -47.17048175784391, -33.28473061076137, 3.695528468055163]. 
19. Score 1178.37; [13.097714454705049, -29.936471166141025, -14.789316963169519, -8.578658876422416, -11.105254176437628, -3.735687998692577, 3.8962853963736004, -5.246050579032301, 8.729826814544511, -4.879391344038255, -30.797728206523903, -14.294191587971028, -57.717768825196856, -31.98581495756789, -17.608774370889666]. 
20. Score 1013.75; [13.097714454705049, -29.936471166141025, -14.789316963169519, -8.578658876422416, -11.105254176437628, -3.735687998692577, 3.8962853963736004, -5.246050579032301, 8.729826814544511, -4.879391344038255, -30.797728206523903, -14.294191587971028, -57.717768825196856, -31.98581495756789, -17.608774370889666]. 
21. Score 1075.86; [16.04187746298226, -27.671982467456463, -21.902883982543862, -20.65065213256037, -16.793549032675894, -16.118756764027957, -12.006355176807276, -0.46452184461699364, -2.785613542432893, 2.6120813162038345, -54.765963914281514, -17.30007976237141, -86.32855109813657, -51.560756634874856, 2.2072998970106363]. 
22. Score 1170.07; [20.52046075370476, -13.999559653837455, -12.467379470537061, -3.5557323823376645, 1.3834812539787453, 7.104083652361982, 0.6447821935660714, -8.678293858272074, -0.7947669041784202, -7.993776820692024, -65.70502629176575, 3.7810045722142416, -58.905810774537585, -58.38415678048127, -9.868106379601105]. 
23. Score 1251.95; [20.52046075370476, -13.999559653837455, -12.467379470537061, -3.5557323823376645, 1.3834812539787453, 7.104083652361982, 0.6447821935660714, -8.678293858272074, -0.7947669041784202, -7.993776820692024, -65.70502629176575, 3.7810045722142416, -58.905810774537585, -58.38415678048127, -9.868106379601105]. 
24. Score 1718.78; [17.11042893827384, -19.082304851648203, -12.345491222680145, -8.994199397803554, -4.544144635136714, -10.667486886595384, 3.8562735667178307, 7.15726705428379, 6.969643168414718, -17.713732426613692, -81.7307824285983, 10.058312307944455, -63.16037169400059, -51.87505937187293, -14.855069982959842]. 
25. Score 1660.81; [20.66302192604371, -30.782372121366542, -10.246235616489423, -21.878670481350014, -13.364821950182089, -6.912965065259126, 7.072534945308764, -6.331752428040474, -9.933551019552525, -5.133961483782512, -71.29040883849838, 8.626404753940866, -62.60979191359232, -47.731314462982795, -5.991601352687807]. 
26. Score 1660.73; [20.66302192604371, -30.782372121366542, -10.246235616489423, -21.878670481350014, -13.364821950182089, -6.912965065259126, 7.072534945308764, -6.331752428040474, -9.933551019552525, -5.133961483782512, -71.29040883849838, 8.626404753940866, -62.60979191359232, -47.731314462982795, -5.991601352687807]. 
27. Score 1647.63; [28.79671709434377, -43.53224219880114, -6.161017433115899, -10.714448336514193, -13.93249768302963, 6.039890968712065, 14.932306268146851, -4.641202750845546, 16.293195143454103, 0.48195358785653575, -61.785800756136034, -7.629756696393748, -52.150227334866024, -56.19721911190257, -11.274818622677596]. 
28. Score 1803.48; [19.704836581594765, -20.652934606534632, -9.306112083944331, -14.727189133102314, -5.283625104243555, -3.562127889828684, -4.159029020663839, -4.467055644707737, 10.643086278037924, -21.284522121142764, -78.41904464348055, -9.053633732207938, -60.382307029346606, -38.4666017475832, -13.47196345007097]. 
29. Score 1932.49; [14.89666151227476, -33.056585834905405, -13.531244228211207, -15.9796689669601, -13.067999963977911, 11.75097225367275, 14.295212444599581, -0.5980864118727596, -7.125323331834181, -6.0699474324296006, -73.06384562078578, -1.9804633903405269, -60.06610836599677, -55.65153004479882, -26.78657387781844]. 
30. Score 2377.65; [15.978783923420732, -25.745139568320837, -2.8153340424182858, -29.380832081398864, -1.093603702645833, -11.781852198160095, 7.0420164514086725, -15.841060359752234, -16.61988865910766, -16.648127393495326, -67.05047935792182, 4.7068438644118675, -78.1281195212502, -44.85951655969936, -9.154958595093262]. 
31. Score 2378.74; [14.89666151227476, -33.056585834905405, -13.531244228211207, -15.9796689669601, -13.067999963977911, 11.75097225367275, 14.295212444599581, -0.5980864118727596, -7.125323331834181, -6.0699474324296006, -73.06384562078578, -1.9804633903405269, -60.06610836599677, -55.65153004479882, -26.78657387781844]. 
32. Score 2507.62; [6.442506146423927, -31.036918089933142, -5.16076911456383, -13.40015889954828, -9.66873803263443, 0.24826958965307888, 10.910300369062803, -6.149529977968165, 5.48568495995372, -9.64156808365751, -98.16703406467991, 4.791670766720839, -57.88275844146738, -52.1004781282855, -16.709534363143355]. 
33. Score 2776.84; [18.492155545203364, -23.565216354802583, -8.646204222982204, -12.19453500762266, -10.657496829072123, 4.074336216053626, 8.049701546893477, 1.7878391964729627, -0.4635208048715338, -8.961465693789663, -48.8828662542078, -15.7934251666012, -68.70410356523763, -46.0459846608876, -13.89037431461168]. 
34. Score 2800.55; [17.727377576920635, -25.32844219109664, -9.940118334417727, -3.902625361991692, -5.356601686485089, 16.42260596199509, 14.944515560802376, 2.40125566740758, 4.69852884513117, -2.94414804967146, -78.32685855783386, -11.6961366369211, -59.91160087723245, -63.90745403261978, -17.10998212381428]. 
35. Score 2421.22; [19.867590390191776, -31.927116945755504, -5.122892547598319, -2.35183750014333, 1.4942543394526044, -4.314258749197551, 11.592372633414172, -5.259216857417314, -3.645108022016896, -9.518592657658548, -83.16687288892672, -1.3812783564285578, -46.329960848742566, -45.82148206062434, 1.7431553566105045]. 
36. Score 3034.1; [33.691085379968925, -26.12856713673613, -12.337497877483766, -15.156626882046329, -4.280998895557994, -7.617726092254397, 17.805455596010717, -5.120671345456184, 14.355982849956629, 3.4346951949246454, -97.41061710260652, -7.5016498188849665, -65.61829149087, -59.87560632986533, -17.68253522686811]. 
37. Score 2986.23; [17.727377576920635, -25.32844219109664, -9.940118334417727, -3.902625361991692, -5.356601686485089, 16.42260596199509, 14.944515560802376, 2.40125566740758, 4.69852884513117, -2.94414804967146, -78.32685855783386, -11.6961366369211, -59.91160087723245, -63.90745403261978, -17.10998212381428]. 
38. Score 3644.1; [30.0152682061521, -26.190385545329825, -2.2484819236611013, 0.5008405075113167, -12.07734852538256, -6.723567331217413, 16.694895124665145, 6.37548601650474, 5.631185676290962, -14.357739462713457, -97.94695627092243, -13.111827350842603, -48.892749881064155, -47.883607925730544, -8.82656074667901]. 
39. Score 3695.02; [26.4421017434328, -28.71199737640579, -17.02931410674098, -2.013273305075928, -7.068769497861682, 4.083372276297001, 11.62089136601292, -4.115348461688414, 18.052961331841882, -0.013186392304153749, -90.45332824757638, -11.50814696680261, -55.32948747476742, -53.92892266318058, -11.7811878943135]. 
40. Score 4098.23; [25.804926371578908, -21.073101928300215, -11.889368811907627, -6.288858677007337, -9.664676197735671, -12.356096505092703, 15.036779382924934, 0.1844189232120066, 11.651714067064514, 3.1673945381585535, -94.77020583719568, -15.902798008632946, -55.82997568736502, -51.825554413209154, -20.53410077664416]. 
41. Score 4082.56; [19.77255261971913, -29.844828139231137, -11.402078877133762, -5.9867292207529506, -2.096395444223475, 7.366832866015249, 21.52468669553008, 9.747852520903887, 15.063612909010862, 4.4749197560188225, -92.72743103122129, -20.211131834292072, -38.77229340530742, -46.564621507649186, -21.81389956184936]. 
42. Score 3785.18; [25.804926371578908, -21.073101928300215, -11.889368811907627, -6.288858677007337, -9.664676197735671, -12.356096505092703, 15.036779382924934, 0.1844189232120066, 11.651714067064514, 3.1673945381585535, -94.77020583719568, -15.902798008632946, -55.82997568736502, -51.825554413209154, -20.53410077664416]. 
43. Score 4551.42; [29.016347862482313, -21.415160845459425, -4.501951098571677, -2.2955812598463217, 5.519268936567899, -1.6556213472823265, 16.360192498125578, 2.7610565255325987, 14.303786884784241, 0.7780086332967908, -98.41984843036298, -19.688630188668498, -35.89534314651708, -48.10650304036392, -13.680237698579806]. 
44. Score 3989.42; [29.016347862482313, -21.415160845459425, -4.501951098571677, -2.2955812598463217, 5.519268936567899, -1.6556213472823265, 16.360192498125578, 2.7610565255325987, 14.303786884784241, 0.7780086332967908, -98.41984843036298, -19.688630188668498, -35.89534314651708, -48.10650304036392, -13.680237698579806]. 
45. Score 4239.39; [35.46272347871447, -19.62834545074638, -12.890926731944674, -5.344974214955544, -3.7128413423947224, 1.7987579185418054, 10.736122366456332, 2.1351167170666994, 17.240568416039856, -3.9833706196552914, -107.04901381247254, -18.074068014813392, -50.53456346792241, -48.148871474798746, -22.6862682033984]. 
46. Score 4386.1; [24.937891106789053, -27.704842629563437, 3.965293798775326, -9.36885837161857, -6.027453386084881, -11.871928089886477, 5.78912919824137, 6.2121112089150365, -4.9327706813553105, -2.163225340281902, -72.65196280969923, -21.410690033408777, -59.017596958105514, -37.445372811674915, -17.55407256497075]. 
47. Score 5356.23; [25.596352514725943, -26.043485368484717, -2.6685324769712757, -6.0502741083104175, -4.100915766607222, 2.541417515770339, 9.759361555776918, -6.0375413677621275, -3.262395653205421, -3.908944980177659, -85.5928559302437, -13.292765970470477, -53.21720582341784, -48.3176575538685, -23.980755651018114]. 
48. Score 5055.93; [25.596352514725943, -26.043485368484717, -2.6685324769712757, -6.0502741083104175, -4.100915766607222, 2.541417515770339, 9.759361555776918, -6.0375413677621275, -3.262395653205421, -3.908944980177659, -85.5928559302437, -13.292765970470477, -53.21720582341784, -48.3176575538685, -23.980755651018114]. 
49. Score 4765.78; [35.46272347871447, -19.62834545074638, -12.890926731944674, -5.344974214955544, -3.7128413423947224, 1.7987579185418054, 10.736122366456332, 2.1351167170666994, 17.240568416039856, -3.9833706196552914, -107.04901381247254, -18.074068014813392, -50.53456346792241, -48.148871474798746, -22.6862682033984]. 
50. Score 5005.7; [26.119071723346416, -26.790940692036443, 1.2157617412402804, -4.236983869726435, -10.22544695641724, -8.63510195159955, -10.667741461867038, -16.06621352749656, -14.321266186231611, -8.91027036585209, -95.01626497909317, -27.005156081585223, -51.65042010768144, -24.60340598083405, -26.800545843215666]. 
51. Score 5411.92; [29.037206476306977, -19.291068297231575, -10.426643126790104, -5.012529981473745, -4.9565789933624655, 1.890142527502031, 14.416325364285735, -4.043856474431039, 3.1594292986940165, 1.758867621108883, -98.21629542472581, -29.388988532450064, -59.005196694298924, -54.49050552263062, -25.61528579872159]. 
52. Score 4880.55; [34.745859636988506, -35.20922227569663, -11.5853043383463, -1.6827344053823428, -19.233377103176064, -2.1495188257371014, 21.19930131005639, 2.548950898136134, 13.812149870609673, 1.7506801521850175, -119.74114527191897, -17.756023751217416, -47.98423196351401, -58.04148572802826, -14.174933472024652]. 
53. Score 5697.49; [39.44214001116922, -23.018448116415847, -0.2322580504509837, -1.8790925466696575, -7.723059811369582, 0.8221474594034746, 4.077447326945409, 6.294449559535232, 2.252188977165317, 4.446911894085717, -97.25621424131172, -23.66734147420722, -48.83186281979593, -43.37322439369299, -27.486123472974647]. 
54. Score 5318.61; [38.8712266423173, -28.221699582875907, -12.701933931178651, 0.653818787902666, -3.581105223591882, -8.308856022395345, 11.46159462845384, 4.648754481299148, 13.662617799253812, -0.2932895430074325, -102.26223096681157, -23.687749518357194, -54.08939569097757, -50.86578449733772, -15.964765979689968]. 
55. Score 5690.01; [39.44214001116922, -23.018448116415847, -0.2322580504509837, -1.8790925466696575, -7.723059811369582, 0.8221474594034746, 4.077447326945409, 6.294449559535232, 2.252188977165317, 4.446911894085717, -97.25621424131172, -23.66734147420722, -48.83186281979593, -43.37322439369299, -27.486123472974647]. 
56. Score 5346.91; [43.823236485225124, -40.51443400777552, 8.339270969772107, -6.586312900616045, -3.7528545325569245, -2.4507524155755975, 13.456584321116342, -1.7442206412204746, 2.648773411458476, 10.625329881492075, -124.56240138088783, -20.489593978723537, -54.262580006887454, -58.6800888693131, -33.53597208988302]. 
57. Score 5723.14; [29.112590253830504, -29.501171896984083, -7.118921913920867, -7.972083961253425, -6.430757452056267, -1.704912121160607, 12.702370811507437, 6.012471184606674, 13.074401962676621, -9.362886405628423, -88.81899718626585, -27.554945062698476, -54.77959741575411, -46.89113337469592, -21.508527152666723]. 
58. Score 5680.28; [39.44214001116922, -23.018448116415847, -0.2322580504509837, -1.8790925466696575, -7.723059811369582, 0.8221474594034746, 4.077447326945409, 6.294449559535232, 2.252188977165317, 4.446911894085717, -97.25621424131172, -23.66734147420722, -48.83186281979593, -43.37322439369299, -27.486123472974647]. 
59. Score 5329.88; [35.71298767117412, -28.64103917594111, 0.8055456420686493, -7.265088841486433, -3.605388465481174, 6.769339219452183, 19.909869029822975, 16.395217248748903, 13.612499512447041, 14.7290720786418, -96.75646168988195, -26.369817028952205, -36.77149832095536, -54.72682172979398, -41.213282911141405]. 
60. Score 6705.64; [47.57585291843116, -32.40250486348309, -2.9121341773178813, -6.404540960374927, -0.28388098102854986, -14.152172443304819, -4.72437517125028, -17.073132868928784, -3.10104142890201, -19.88252018553971, -126.14981939025215, -35.757937107387804, -55.4556205728089, -41.34004883820648, -21.2307253477183]. 
61. Score 7429.24; [47.57585291843116, -32.40250486348309, -2.9121341773178813, -6.404540960374927, -0.28388098102854986, -14.152172443304819, -4.72437517125028, -17.073132868928784, -3.10104142890201, -19.88252018553971, -126.14981939025215, -35.757937107387804, -55.4556205728089, -41.34004883820648, -21.2307253477183]. 
62. Score 7145.93; [47.57585291843116, -32.40250486348309, -2.9121341773178813, -6.404540960374927, -0.28388098102854986, -14.152172443304819, -4.72437517125028, -17.073132868928784, -3.10104142890201, -19.88252018553971, -126.14981939025215, -35.757937107387804, -55.4556205728089, -41.34004883820648, -21.2307253477183]. 
63. Score 6666.64; [47.57585291843116, -32.40250486348309, -2.9121341773178813, -6.404540960374927, -0.28388098102854986, -14.152172443304819, -4.72437517125028, -17.073132868928784, -3.10104142890201, -19.88252018553971, -126.14981939025215, -35.757937107387804, -55.4556205728089, -41.34004883820648, -21.2307253477183]. 
64. Score 7709.57; [47.57585291843116, -32.40250486348309, -2.9121341773178813, -6.404540960374927, -0.28388098102854986, -14.152172443304819, -4.72437517125028, -17.073132868928784, -3.10104142890201, -19.88252018553971, -126.14981939025215, -35.757937107387804, -55.4556205728089, -41.34004883820648, -21.2307253477183]. 
65. Score 6778.73; [39.949717743203216, -26.491274778079323, -1.3455890127278494, -0.3399077389156995, -4.418731325350294, -6.877729906904772, 6.408877422681028, 2.7803020523189286, 3.2850596883499774, -17.546346993187484, -105.11251557421987, -44.44448052386389, -54.20425266340882, -41.21040542640633, -27.96397137417347]. 
66. Score 7069.7; [47.57585291843116, -32.40250486348309, -2.9121341773178813, -6.404540960374927, -0.28388098102854986, -14.152172443304819, -4.72437517125028, -17.073132868928784, -3.10104142890201, -19.88252018553971, -126.14981939025215, -35.757937107387804, -55.4556205728089, -41.34004883820648, -21.2307253477183]. 
67. Score 7772.64; [47.57585291843116, -32.40250486348309, -2.9121341773178813, -6.404540960374927, -0.28388098102854986, -14.152172443304819, -4.72437517125028, -17.073132868928784, -3.10104142890201, -19.88252018553971, -126.14981939025215, -35.757937107387804, -55.4556205728089, -41.34004883820648, -21.2307253477183]. 
68. Score 7929.17; [47.57585291843116, -32.40250486348309, -2.9121341773178813, -6.404540960374927, -0.28388098102854986, -14.152172443304819, -4.72437517125028, -17.073132868928784, -3.10104142890201, -19.88252018553971, -126.14981939025215, -35.757937107387804, -55.4556205728089, -41.34004883820648, -21.2307253477183]. 
69. Score 7672.21; [47.57585291843116, -32.40250486348309, -2.9121341773178813, -6.404540960374927, -0.28388098102854986, -14.152172443304819, -4.72437517125028, -17.073132868928784, -3.10104142890201, -19.88252018553971, -126.14981939025215, -35.757937107387804, -55.4556205728089, -41.34004883820648, -21.2307253477183]. 
70. Score 7297.62; [47.57585291843116, -32.40250486348309, -2.9121341773178813, -6.404540960374927, -0.28388098102854986, -14.152172443304819, -4.72437517125028, -17.073132868928784, -3.10104142890201, -19.88252018553971, -126.14981939025215, -35.757937107387804, -55.4556205728089, -41.34004883820648, -21.2307253477183]. 
71. Score 7123.05; [52.17769819777109, -43.91304293236466, -12.355066595259977, 4.389470428607938, -4.213111796256183, -22.286006675066766, 4.510687963680436, -6.15617606322146, -7.304207121772462, -6.764841216461857, -156.77920459161368, -37.0452411567206, -54.25278320688416, -41.44943535716813, -24.876326581120118]. 
72. Score 7061.97; [47.57585291843116, -32.40250486348309, -2.9121341773178813, -6.404540960374927, -0.28388098102854986, -14.152172443304819, -4.72437517125028, -17.073132868928784, -3.10104142890201, -19.88252018553971, -126.14981939025215, -35.757937107387804, -55.4556205728089, -41.34004883820648, -21.2307253477183]. 
73. Score 8164.47; [38.075808569577745, -27.311830111320337, 2.8523421976322227, -10.30382332463062, 0.8403665656411285, -3.9390944012619276, 1.6440932584859365, -8.131526340669495, -3.088087597675557, -0.9513107344420115, -134.51096053659293, -39.95440655633382, -42.72127457406238, -36.74645730732789, -30.694759555858063]. 
74. Score 8900.59; [38.075808569577745, -27.311830111320337, 2.8523421976322227, -10.30382332463062, 0.8403665656411285, -3.9390944012619276, 1.6440932584859365, -8.131526340669495, -3.088087597675557, -0.9513107344420115, -134.51096053659293, -39.95440655633382, -42.72127457406238, -36.74645730732789, -30.694759555858063]. 
75. Score 9709.69; [38.075808569577745, -27.311830111320337, 2.8523421976322227, -10.30382332463062, 0.8403665656411285, -3.9390944012619276, 1.6440932584859365, -8.131526340669495, -3.088087597675557, -0.9513107344420115, -134.51096053659293, -39.95440655633382, -42.72127457406238, -36.74645730732789, -30.694759555858063]. 
76. Score 9368.01; [43.86229925831392, -34.91184867253774, -5.728400871051415, -6.304811285586104, 1.043913077462845, -9.540258499866933, 5.4781141624308045, -0.5691045507697572, -1.3510956956574793, -8.07379960715673, -145.17811387671483, -20.744560481449426, -43.31209382166123, -51.99982667250898, -20.017421865117214]. 
77. Score 8753.46; [48.36391046994389, -41.41361731449378, -10.33952567782387, -6.1878708874076676, -5.946186458080927, -17.769196571149514, 8.05882282536615, 4.436730579272708, -2.9753989058837504, -3.6071564746052216, -157.07091427939798, -37.50964516623452, -56.48398687721983, -52.09673404124654, -43.06304568026067]. 
78. Score 10358.79; [47.35809861343999, -39.57058459126984, -2.0003090377018022, -9.4411896293784, -5.325775851696469, -33.98413282013834, 0.6246662883275835, -22.274051451198133, -19.715032009453942, -9.279793428564304, -157.4671590419536, -38.27850513886491, -72.98230479324835, -36.22403287005833, -24.56274563139418]. 
79. Score 9007.15; [33.99926520832091, -26.48035007049566, 7.876536275560977, -17.59819416596911, -6.166409797895692, -10.124109596782198, 7.011638550374552, -9.627684844461692, -3.272586311454886, 0.8853147069320784, -155.775588742189, -29.02921265399403, -40.8324182430236, -35.62954843365113, -33.60300464758513]. 
80. Score 8893.05; [46.047126719714065, -27.844068559046548, -0.3476492274673134, -13.998963846084116, 0.7111875113286019, -16.454234548657016, -3.585975823355036, -15.12450755324236, -17.627833386317707, -11.069679046125465, -154.2195072117417, -23.562288811719544, -38.340556115857716, -36.890827647484, -23.89083006996993]. 
81. Score 10358.6; [42.27358126411128, -31.167202008501963, 0.8541231717940787, -9.674502103806873, -1.173762333202743, -15.231863881017233, 2.86406225463728, -2.3832115395738027, 6.573079122256242, -11.684014141320647, -163.47667294331114, -45.08413489745981, -35.06761745140069, -41.680236181351475, -36.62683894891969]. 
82. Score 9652.66; [38.075808569577745, -27.311830111320337, 2.8523421976322227, -10.30382332463062, 0.8403665656411285, -3.9390944012619276, 1.6440932584859365, -8.131526340669495, -3.088087597675557, -0.9513107344420115, -134.51096053659293, -39.95440655633382, -42.72127457406238, -36.74645730732789, -30.694759555858063]. 
83. Score 9453.38; [37.24626961571553, -37.782849207324944, -5.042468792071443, -9.235415606107608, -8.956687759580465, -26.612690058429784, 4.544788872951397, -7.004993452263541, -12.326264238964383, -15.397874451178167, -166.62667117247923, -34.57332424479576, -54.473105531780405, -36.97202511995012, -38.014381054042]. 
84. Score 9628.47; [40.03268876245311, -35.78663555644873, -8.277093894867368, -6.9537148373227655, -4.840358995572831, -11.11082523034095, 5.283841605979964, 2.2609927302018367, 0.8395256968963136, -3.894898152690166, -144.08640401944916, -38.96319935111518, -43.55252165143282, -40.05199984164476, -37.53050314722772]. 
85. Score 9005.43; [56.66522855809579, -46.65015227156276, -0.8242102300700489, -0.8857645404309062, -7.646140937780908, -23.45898807811729, 3.7660324780993566, -11.523287105912704, -7.745967013873614, -19.788312531778843, -156.25971040713452, -49.02006498676253, -74.87602303554317, -39.54133535259852, -35.94514183023064]. 
86. Score 10400.46; [56.155703206988846, -42.93033981855854, -2.032847199015867, -10.414636018689583, -6.413836884970552, -18.97096277296177, -0.008453522625319287, -14.422511739428007, -0.5510369300590625, -8.312800511286573, -181.0091239737844, -49.265716832250526, -68.53190173762522, -52.87242661208949, -41.36734660032414]. 
87. Score 9615.39; [56.155703206988846, -42.93033981855854, -2.032847199015867, -10.414636018689583, -6.413836884970552, -18.97096277296177, -0.008453522625319287, -14.422511739428007, -0.5510369300590625, -8.312800511286573, -181.0091239737844, -49.265716832250526, -68.53190173762522, -52.87242661208949, -41.36734660032414]. 
88. Score 10092.08; [47.31380780238319, -40.198000871988874, -8.327137386647928, -16.963284782517214, 5.9341056418169185, -15.633175768744742, 2.4714627361976653, -8.595983903855203, -11.294644006019393, 1.3888368805282791, -187.40483470864118, -29.50206835212265, -46.236473739632785, -47.51745972545898, -36.5720297905425]. 
89. Score 10239.5; [55.99626250829175, -48.9104631269729, 0.1921582245078377, -15.148111905454915, -7.351128482469997, -37.99586897493214, -2.6201248728395967, -22.54755539428445, -13.34090187824444, -15.325630151131111, -175.19224946344818, -34.168957244815104, -73.3322102667212, -36.374404302724706, -38.792442272157444]. 
90. Score 10719.23; [47.00711432282256, -37.05402991789925, -8.341696702789775, -12.436076948078648, -4.366508397082878, -27.426130785131022, -1.3143159918652874, -13.363402143753621, -4.358336956619477, -13.143240385728307, -170.63887616856636, -39.963572363461644, -52.08144460119829, -41.76591574676474, -38.83602966035553]. 
91. Score 9822.49; [45.283923452544784, -29.877934897702605, -7.24029533388015, -10.233296883935843, 0.3967106141540988, -4.148171592944848, 1.3113732676874863, -4.43730269005805, 1.1542266199423192, -0.9939338542297005, -165.346786366167, -42.69262232846361, -39.65998310644656, -43.016509680387784, -39.42030907274087]. 
92. Score 10776.3; [46.230996933665686, -27.923522861217545, -5.055258699451509, 2.555226410970514, -6.410981681073677, -23.056749856562224, -3.116385238466405, -7.529913863421757, -21.235536245331087, -13.62659541293673, -183.11516057433388, -32.452633841517546, -30.1902622026656, -38.722709758888556, -37.61461024788087]. 
93. Score 11451.6; [58.44703359505846, -44.52875923230047, 1.0406506038801608, -5.552749740664865, -1.5227186259867467, -33.5956505497215, -6.3524817577116846, -22.605183794132344, -17.232449846831102, -23.653087478875854, -167.64476375777826, -50.80609324119341, -74.71345365647745, -41.19239249895549, -30.561575988338458]. 
94. Score 11139.49; [44.05413377293088, -31.919273798686458, 4.352539554802459, -8.392793565493575, -1.4520374100441429, -28.43880024130412, 0.23291656159539054, -15.501068734037606, -10.232456666806025, -21.884286308915794, -165.29815441815967, -39.18231261993506, -46.720886895123705, -37.287108623710886, -25.881854927032812]. 
95. Score 10632.42; [40.92004841322403, -40.6320137471109, -4.443667845504868, -19.75862469676594, 0.2464410473349261, -27.177941425346745, -3.821262263807683, -8.38310232262213, -12.209607195789427, -20.196174630527118, -184.72287810385853, -23.245230419760397, -37.461980976896655, -37.50692954133107, -34.15562099536311]. 
96. Score 10572.6; [44.05413377293088, -31.919273798686458, 4.352539554802459, -8.392793565493575, -1.4520374100441429, -28.43880024130412, 0.23291656159539054, -15.501068734037606, -10.232456666806025, -21.884286308915794, -165.29815441815967, -39.18231261993506, -46.720886895123705, -37.287108623710886, -25.881854927032812]. 
97. Score 10352.79; [38.97807012493403, -25.824589582883988, 3.9866332849527124, -10.466401039773814, 2.1070694988080603, -11.967500746290641, 8.021095016559524, -2.85831737628202, -0.9208053259110012, 5.162212445658037, -144.17506453219687, -27.281559090984047, -34.18132459462871, -43.06540064341711, -28.340603257685864]. 
98. Score 12374.47; [37.53202027006303, -32.3926590276454, -7.372467672056594, -13.911102958914748, -1.59667644777796, -25.996680119122942, -6.863660373008421, -19.665399262367394, -11.929241983568929, -17.816617369276372, -159.03720229889436, -22.996432847367203, -49.68300402890434, -36.51204014385533, -17.55961023887929]. 
99. Score 10925.03; [44.05413377293088, -31.919273798686458, 4.352539554802459, -8.392793565493575, -1.4520374100441429, -28.43880024130412, 0.23291656159539054, -15.501068734037606, -10.232456666806025, -21.884286308915794, -165.29815441815967, -39.18231261993506, -46.720886895123705, -37.287108623710886, -25.881854927032812]. 
100. Score 11321.44; [33.807796377847, -35.51087802055062, -7.877821414053541, -6.73562862099248, -8.68512144843866, -19.108353955170074, 2.9772539522915924, -7.998245270225908, -5.983524523223879, -10.381259568153572, -148.03423763126304, -26.38999552956119, -49.09859822006062, -41.01888879593938, -27.81198742640695]. 
101. Score 11901.02; [62.2482796549781, -44.27440584300468, 5.652306951245722, -6.668400876665362, -6.2132366388064995, -27.319276582083862, -1.0649372710836427, -15.499223459637456, -6.822187941285342, -22.269556933082335, -198.44578644301237, -55.683684734158135, -47.97599145471082, -28.99295427260753, -46.47412288398857]. 
102. Score 10768.77; [60.69911068123518, -40.15123591842648, 3.536858794759801, -11.511088619357974, 1.8791165508506884, -31.353081861583178, -15.44906145668701, -10.662448844909003, -11.554798883479135, -24.31654769227137, -205.21924955922282, -49.84589548630969, -49.82112178201242, -37.00020349929023, -37.391154697759944]. 
103. Score 11451.39; [60.86945204730695, -43.812033827044836, 0.6243483842105522, -4.069773599431533, -7.829616007792163, -20.794664259681877, 0.2469810555595, -3.2266002996174503, 3.44955496512922, -13.423529552215232, -196.02694120463792, -43.071530888198026, -50.7440213903663, -46.62747374372268, -50.730674879681715]. 
104. Score 12831.58; [44.05413377293088, -31.919273798686458, 4.352539554802459, -8.392793565493575, -1.4520374100441429, -28.43880024130412, 0.23291656159539054, -15.501068734037606, -10.232456666806025, -21.884286308915794, -165.29815441815967, -39.18231261993506, -46.720886895123705, -37.287108623710886, -25.881854927032812]. 
105. Score 10895.72; [47.664837382824544, -34.43603592239119, 2.99158691999596, -6.902826945694352, -0.07671925065487972, -37.294474105328696, -14.585643567729198, -26.016890063098643, -27.432657179135347, -28.86627156741909, -191.54787042498492, -44.60632030495401, -54.03882040942926, -19.03957612181614, -29.53594723138126]. 
106. Score 11706.09; [48.98453178647353, -30.618292478229257, -1.4053800810687433, -7.4147052397969935, -5.5592324251083856, -24.443924407438207, -9.07141200839546, -23.981097610464474, -15.347583752882525, -30.36608387659151, -192.4450509181562, -40.13335690795824, -39.92277029912247, -33.07620559007782, -27.704494003021885]. 
107. Score 11844.45; [56.75111305964105, -33.710711200835135, -5.198663904217782, -3.518513422729858, -2.5245323613820845, -17.62177665289332, -7.734993052165074, -16.311552071312608, -8.784624566845203, -12.370221257972988, -197.29243479246193, -39.913762962762455, -38.83135919424181, -39.99704467365014, -35.36111007189951]. 
108. Score 12129.22; [48.98453178647353, -30.618292478229257, -1.4053800810687433, -7.4147052397969935, -5.5592324251083856, -24.443924407438207, -9.07141200839546, -23.981097610464474, -15.347583752882525, -30.36608387659151, -192.4450509181562, -40.13335690795824, -39.92277029912247, -33.07620559007782, -27.704494003021885]. 
109. Score 12540.02; [59.01218956767335, -46.85831443993732, -1.338829996743692, -7.95835446172226, -1.187856796031726, -35.58317908014021, -17.7039986432414, -18.547165132882157, -21.73112364981266, -24.84757024624624, -200.24318524144664, -43.886867537947055, -62.495270015033725, -35.50111872627701, -31.307777638096766]. 
110. Score 12728.33; [48.98453178647353, -30.618292478229257, -1.4053800810687433, -7.4147052397969935, -5.5592324251083856, -24.443924407438207, -9.07141200839546, -23.981097610464474, -15.347583752882525, -30.36608387659151, -192.4450509181562, -40.13335690795824, -39.92277029912247, -33.07620559007782, -27.704494003021885]. 
111. Score 11769.0; [56.75111305964105, -33.710711200835135, -5.198663904217782, -3.518513422729858, -2.5245323613820845, -17.62177665289332, -7.734993052165074, -16.311552071312608, -8.784624566845203, -12.370221257972988, -197.29243479246193, -39.913762962762455, -38.83135919424181, -39.99704467365014, -35.36111007189951]. 
112. Score 12095.42; [55.919715915318996, -36.896299980703034, 0.32432112444743333, -10.51451252869792, -5.312159721613416, -31.819804082683127, -12.556560076718903, -22.409973907184295, -14.94201481709094, -24.717742184595526, -208.25313596018674, -40.0850911702445, -53.0791480620217, -23.736128580767037, -36.91595681185379]. 
113. Score 12374.2; [59.01218956767335, -46.85831443993732, -1.338829996743692, -7.95835446172226, -1.187856796031726, -35.58317908014021, -17.7039986432414, -18.547165132882157, -21.73112364981266, -24.84757024624624, -200.24318524144664, -43.886867537947055, -62.495270015033725, -35.50111872627701, -31.307777638096766]. 
114. Score 12385.16; [59.01218956767335, -46.85831443993732, -1.338829996743692, -7.95835446172226, -1.187856796031726, -35.58317908014021, -17.7039986432414, -18.547165132882157, -21.73112364981266, -24.84757024624624, -200.24318524144664, -43.886867537947055, -62.495270015033725, -35.50111872627701, -31.307777638096766]. 
115. Score 12960.55; [61.252401638271635, -44.482936407093376, -10.018211594922708, -5.626980221709019, -3.8697909494077023, -22.525388083794333, -9.910484525014656, -13.389940666649144, -14.142646656991978, -17.756801142807884, -204.11089226207542, -34.05066376591286, -43.24322767909461, -36.37684335342776, -50.11066773665808]. 
116. Score 11879.97; [48.98453178647353, -30.618292478229257, -1.4053800810687433, -7.4147052397969935, -5.5592324251083856, -24.443924407438207, -9.07141200839546, -23.981097610464474, -15.347583752882525, -30.36608387659151, -192.4450509181562, -40.13335690795824, -39.92277029912247, -33.07620559007782, -27.704494003021885]. 
117. Score 12461.02; [53.9236403780635, -38.283209422089556, -4.430691397156356, 1.923283913526788, -3.460725073221482, -30.444715772572284, -9.243517751107362, -19.445100942452502, -3.9474083070583657, -20.560407909935662, -191.64031371343535, -34.993337127290346, -31.307364447170606, -24.971726428062084, -33.44276269713814]. 
118. Score 14407.69; [56.75111305964105, -33.710711200835135, -5.198663904217782, -3.518513422729858, -2.5245323613820845, -17.62177665289332, -7.734993052165074, -16.311552071312608, -8.784624566845203, -12.370221257972988, -197.29243479246193, -39.913762962762455, -38.83135919424181, -39.99704467365014, -35.36111007189951]. 
119. Score 12739.12; [54.792172551563496, -35.54026011910061, -4.568259241081668, -3.2212009659630354, 0.5234315659297222, -33.30271432076972, -25.310112322493296, -32.516765893349444, -25.828698502880172, -29.962530182996844, -202.56734054969291, -37.48991867999568, -52.66414299871825, -24.683311865660627, -34.37072032824106]. 
120. Score 12107.46; [47.930663367362364, -41.361724255358205, -5.858014095723619, -6.221244550050656, -7.696283416752593, -8.709150776682932, 9.780744206574584, 8.884057422311269, 5.715687134220117, 4.8850562054286435, -161.07764187896095, -24.7563973735699, -35.058996045007305, -49.55081376608516, -38.72858289107254]. 
121. Score 13065.99; [54.59260919755355, -47.085096303909424, 7.355594994263175, -7.253284637754212, -4.150592819267187, -24.91744832368476, 0.6376809816580629, -14.28508874964499, -15.787978380492694, -13.398269034582693, -206.26717782786693, -46.17342040311489, -49.47275656203172, -45.11443788225774, -33.27518776013571]. 
122. Score 12675.26; [61.7274961970101, -42.39705183714786, -6.697063849991335, -3.022886851942907, -5.806071455188229, -33.367500728518564, -10.260136610239044, -24.028176139321555, -12.736123062877509, -25.39625462102864, -195.57040540229096, -51.80506484255797, -58.696184134135564, -35.71673708473847, -28.30260593130567]. 
123. Score 13869.64; [49.781390444904666, -37.78173529431645, 5.07288210901998, -19.51161895779188, -3.4946497173195112, -29.342773531160862, -8.595094733040447, -11.64962918884257, -11.931946841414204, -11.200766827311554, -204.49222937880432, -36.93594167718625, -41.06756085443417, -36.01700865979115, -34.01613781832645]. 
124. Score 13202.49; [49.781390444904666, -37.78173529431645, 5.07288210901998, -19.51161895779188, -3.4946497173195112, -29.342773531160862, -8.595094733040447, -11.64962918884257, -11.931946841414204, -11.200766827311554, -204.49222937880432, -36.93594167718625, -41.06756085443417, -36.01700865979115, -34.01613781832645]. 
125. Score 13038.03; [47.04432807802925, -39.91874031612615, -0.5189810985643318, -5.750343434279838, -8.527391506209932, -26.659574553574753, 0.759216184782975, -14.63160856266844, -6.978899929901742, -18.72524411769275, -191.62741434927645, -29.112523916847366, -33.41831138975127, -36.597580025804035, -34.812054276943094]. 
126. Score 13281.09; [53.9236403780635, -38.283209422089556, -4.430691397156356, 1.923283913526788, -3.460725073221482, -30.444715772572284, -9.243517751107362, -19.445100942452502, -3.9474083070583657, -20.560407909935662, -191.64031371343535, -34.993337127290346, -31.307364447170606, -24.971726428062084, -33.44276269713814]. 
127. Score 13559.47; [63.84955660362207, -45.7448744766995, 5.578608284841999, -6.614732441400126, -5.948441601999614, -36.81271494799939, -12.502944424521194, -22.190500529366755, -9.678516254543688, -20.778559629251824, -217.0360610231541, -41.638360275415735, -41.446025445394675, -30.186711135309455, -46.880551486124915]. 
128. Score 13454.34; [53.306402171265304, -45.71873208375263, -8.502365476780458, -6.25231027907879, -4.244930691778587, -31.675570526334894, -2.1930235608063224, -22.50616457453078, -19.875479749893035, -28.94731676477272, -207.11694099681205, -24.326645378738608, -51.941835248712714, -43.62679901286359, -37.92961672963425]. 
129. Score 13638.15; [48.98453178647353, -30.618292478229257, -1.4053800810687433, -7.4147052397969935, -5.5592324251083856, -24.443924407438207, -9.07141200839546, -23.981097610464474, -15.347583752882525, -30.36608387659151, -192.4450509181562, -40.13335690795824, -39.92277029912247, -33.07620559007782, -27.704494003021885]. 
130. Score 13305.62; [42.52394609415219, -35.88513318494107, 0.8577972446298916, -13.891740428056524, -1.7275802256098474, -24.156300868976693, -4.523859855263765, -17.336287039283697, -13.339946177103629, -13.153824094112348, -182.1017558182597, -26.84734078558992, -35.08569992596375, -34.08433598676659, -29.309880431980194]. 
131. Score 13683.97; [61.422525256544716, -41.41743487485664, 5.73591107017026, -6.578872531592977, 1.1406027183611336, -36.71583009902072, -15.15736518529289, -27.701910213923483, -18.424350934060946, -30.27411445078673, -201.1094725330043, -48.282157966187754, -56.25322303014778, -27.735454361163526, -34.009292361290434]. 
132. Score 13359.22; [44.817808960128175, -35.15808335063581, -0.1933546538207025, -5.081002216484952, -7.747795512267965, -42.138054832527075, -9.060999489482208, -34.39747322751434, -17.95336691859743, -30.836748610610755, -217.9143802741457, -34.33748549430311, -31.75023166572787, -24.853871823470044, -25.844769924032015]. 
133. Score 13278.74; [51.34362130247825, -39.52910612418242, -3.3449102130767274, -0.5203807030188923, -4.401991208033252, -25.566412964841405, -9.842532465662954, -13.490640387204849, -16.890054135130004, -29.02630211317111, -184.2229179227047, -36.047485116957446, -47.19040215674746, -33.52697904086034, -39.877709794613835]. 
134. Score 13238.21; [65.16100752220137, -50.06175122854163, -5.810247475997553, -5.204702078185064, -6.797012116665261, -43.82960371604641, -12.257088129578323, -24.197467527661416, -15.246446070354345, -17.069549275124565, -215.46916697207152, -41.49555617166151, -44.630603907510796, -25.606420955239926, -38.33828529322258]. 
135. Score 13903.76; [47.04432807802925, -39.91874031612615, -0.5189810985643318, -5.750343434279838, -8.527391506209932, -26.659574553574753, 0.759216184782975, -14.63160856266844, -6.978899929901742, -18.72524411769275, -191.62741434927645, -29.112523916847366, -33.41831138975127, -36.597580025804035, -34.812054276943094]. 
136. Score 14352.27; [53.86584987970107, -44.59536435087755, -1.6571682422904495, -4.422529262096846, -5.310664864841149, -42.99796541072213, -15.962868109830346, -29.81510872511758, -20.554603890327055, -34.02796508972982, -215.2221384381336, -37.62833822333981, -42.091658705244285, -27.19695939705138, -28.991187134966545]. 
137. Score 14976.11; [53.560286253366975, -41.095692688432514, 7.924050676117371, -7.895839643078501, -6.6557537713247985, -34.164800859935305, -7.956911151707124, -18.277658326801856, -19.360538908350172, -24.26243074875621, -211.2758457754555, -33.39311354856761, -42.542052421173516, -29.30636733202231, -36.715186510475526]. 
138. Score 13862.67; [42.52394609415219, -35.88513318494107, 0.8577972446298916, -13.891740428056524, -1.7275802256098474, -24.156300868976693, -4.523859855263765, -17.336287039283697, -13.339946177103629, -13.153824094112348, -182.1017558182597, -26.84734078558992, -35.08569992596375, -34.08433598676659, -29.309880431980194]. 
139. Score 13437.56; [60.48523761337247, -49.071840769825315, -9.49727499675402, -14.069869957718677, -4.711694188603942, -37.50272154261793, -13.434058594780135, -24.837396635167195, -18.816618127608866, -32.13347952103791, -222.85703041419694, -27.244976363293993, -53.99737485476071, -39.58478638953142, -35.713492136211165]. 
140. Score 13587.28; [65.00121941958832, -51.64344243988149, 0.7059824767894948, -10.644013076012145, -0.032708123685889046, -61.96397704636938, -31.747934287864386, -50.063866858636224, -42.307145612950386, -43.591070271265394, -254.47916012838516, -61.01581646767548, -83.52404050114939, -22.301671251751642, -42.90949732315544]. 
141. Score 13223.49; [53.560286253366975, -41.095692688432514, 7.924050676117371, -7.895839643078501, -6.6557537713247985, -34.164800859935305, -7.956911151707124, -18.277658326801856, -19.360538908350172, -24.26243074875621, -211.2758457754555, -33.39311354856761, -42.542052421173516, -29.30636733202231, -36.715186510475526]. 
142. Score 15592.74; [53.86584987970107, -44.59536435087755, -1.6571682422904495, -4.422529262096846, -5.310664864841149, -42.99796541072213, -15.962868109830346, -29.81510872511758, -20.554603890327055, -34.02796508972982, -215.2221384381336, -37.62833822333981, -42.091658705244285, -27.19695939705138, -28.991187134966545]. 
143. Score 13873.96; [55.32280490042111, -45.65438716163795, 7.831611517025916, -18.09659504240725, -2.1699716425837887, -34.919448029459964, -7.4128938352190366, -30.1504578698542, -22.233307243653755, -20.994963236459718, -231.56664133904795, -40.00517432591739, -47.60281500697951, -40.99725207679427, -35.49270083299359]. 
144. Score 14510.93; [59.450013102821664, -44.96311474106793, 2.968460777712158, -13.53820204921936, 2.1169533912231513, -33.24786354251037, -7.6284832294521925, -18.409485269249068, -13.023638605812163, -22.88758935652215, -218.1651650249946, -38.86347014290572, -45.9419218753577, -41.91776145980232, -39.09497890475467]. 
145. Score 13484.75; [56.32478168036613, -44.98877868920951, -0.4086780503902475, -5.006690075232678, -2.13260787387376, -24.349360304673308, -2.958249188969061, -13.800847308305402, -6.185465448219777, -12.185332063333572, -212.61564427512653, -41.38184043020378, -35.970754031107134, -40.73451114619867, -41.80528630640032]. 
146. Score 14708.29; [53.86584987970107, -44.59536435087755, -1.6571682422904495, -4.422529262096846, -5.310664864841149, -42.99796541072213, -15.962868109830346, -29.81510872511758, -20.554603890327055, -34.02796508972982, -215.2221384381336, -37.62833822333981, -42.091658705244285, -27.19695939705138, -28.991187134966545]. 
147. Score 13465.38; [64.55283727468642, -41.386113605565946, 8.504662244008074, -13.816358573877135, -4.583463321139266, -51.11098433900707, -24.34614461884462, -32.94516676802384, -23.602460806544425, -38.128343389699715, -245.15807734080224, -48.10142428909586, -46.758749827226765, -28.15537315576494, -34.50421041335074]. 
148. Score 14556.08; [56.32478168036613, -44.98877868920951, -0.4086780503902475, -5.006690075232678, -2.13260787387376, -24.349360304673308, -2.958249188969061, -13.800847308305402, -6.185465448219777, -12.185332063333572, -212.61564427512653, -41.38184043020378, -35.970754031107134, -40.73451114619867, -41.80528630640032]. 
149. Score 13592.34; [62.50476687993032, -39.200451374511395, -1.3373127284047954, -9.786702557984466, -1.9334580381806687, -41.110143193525516, -23.851682625913384, -34.06067108622644, -24.68519860079988, -23.815681014035967, -228.64400852242883, -48.4726046437141, -55.02232432519892, -29.147437545097507, -38.843179474020445]. 
150. Score 15804.15; [54.42894173990195, -45.72516186457898, 1.3891812386979627, -11.319724465083533, -3.422337037251716, -42.88905062799624, -17.108899466079883, -22.9025767106236, -23.738625089526465, -26.66399322010373, -224.61850589393993, -33.45169798518931, -40.81801299891301, -30.003305006616454, -38.57283068724473]. 
151. Score 14666.24; [58.65147340208863, -45.31016702605034, 2.8617754227666916, -8.325002156797922, -8.57389139805935, -37.12687250962438, -8.5009501950238, -17.405988860085195, -12.437865743792942, -25.683352057314423, -206.76309476843062, -35.680230176109596, -39.086816135287016, -29.097670437896937, -36.122961521715354]. 
152. Score 15067.3; [54.64209881290841, -42.70043680511319, -4.703231347816245, -1.2548923369690712, -12.485167714614164, -39.087011290322, -21.137247678828004, -27.49571316138622, -16.141964670416407, -25.629772269632685, -248.43034326691983, -35.5504092796021, -29.993543621198395, -28.046852905976966, -44.51229920578041]. 
153. Score 15019.44; [54.42894173990195, -45.72516186457898, 1.3891812386979627, -11.319724465083533, -3.422337037251716, -42.88905062799624, -17.108899466079883, -22.9025767106236, -23.738625089526465, -26.66399322010373, -224.61850589393993, -33.45169798518931, -40.81801299891301, -30.003305006616454, -38.57283068724473]. 
154. Score 14732.18; [69.29512482995182, -50.58156659639228, 2.7606149726787566, -7.531797572313497, -10.50104074378328, -44.022006818419825, -22.839109043300283, -36.38203423049288, -22.64992963336511, -43.962738336945925, -268.6148807979256, -47.20126389351022, -63.500458369006594, -34.62752131990584, -39.110186259934245]. 
155. Score 14510.97; [47.04432807802925, -39.91874031612615, -0.5189810985643318, -5.750343434279838, -8.527391506209932, -26.659574553574753, 0.759216184782975, -14.63160856266844, -6.978899929901742, -18.72524411769275, -191.62741434927645, -29.112523916847366, -33.41831138975127, -36.597580025804035, -34.812054276943094]. 
156. Score 15673.34; [54.42894173990195, -45.72516186457898, 1.3891812386979627, -11.319724465083533, -3.422337037251716, -42.88905062799624, -17.108899466079883, -22.9025767106236, -23.738625089526465, -26.66399322010373, -224.61850589393993, -33.45169798518931, -40.81801299891301, -30.003305006616454, -38.57283068724473]. 
157. Score 14823.53; [54.42894173990195, -45.72516186457898, 1.3891812386979627, -11.319724465083533, -3.422337037251716, -42.88905062799624, -17.108899466079883, -22.9025767106236, -23.738625089526465, -26.66399322010373, -224.61850589393993, -33.45169798518931, -40.81801299891301, -30.003305006616454, -38.57283068724473]. 
158. Score 14429.76; [60.61161169747422, -50.10031774581838, -4.24450857675329, -8.438603441904117, -8.978447284753887, -46.518784458528245, -27.02881209494132, -44.140766074376266, -29.01159217343806, -41.283219246266626, -237.57970720356423, -44.70109000428492, -63.97940208919309, -23.08173645339858, -39.10117477055189]. 
159. Score 14866.76; [54.827218953495425, -42.907664478945144, -0.9048585325306437, -11.786393415644827, -8.408606579918327, -49.94452282016036, -24.48630677427281, -44.05918863672555, -31.435983206176697, -39.82320564828696, -241.4009444693555, -31.466728932930167, -55.515089029485424, -21.653811706821017, -34.86336893197756]. 
160. Score 17296.86; [54.42894173990195, -45.72516186457898, 1.3891812386979627, -11.319724465083533, -3.422337037251716, -42.88905062799624, -17.108899466079883, -22.9025767106236, -23.738625089526465, -26.66399322010373, -224.61850589393993, -33.45169798518931, -40.81801299891301, -30.003305006616454, -38.57283068724473]. 
161. Score 15267.47; [61.10794753260145, -43.69353659021968, 5.786710476919439, -8.031050727941842, -4.100395239843621, -43.83582281390072, -23.40626379779401, -25.284174202405325, -29.617336370274217, -36.947982378454, -244.21505264207246, -35.40248905525635, -50.83015090374676, -29.904431435829324, -44.93713380768983]. 
162. Score 13739.7; [72.43376231871156, -54.096005169087405, -0.26126921697743904, -8.210828826307656, -4.965500090109328, -50.21846008644057, -22.894950541500044, -24.298645766160853, -28.22783436558283, -33.0982667260215, -243.6556194872676, -43.42133335969093, -57.3602928144898, -26.60589404177424, -35.842927495747055]. 
163. Score 14241.28; [67.29315547732254, -52.708256837070024, 4.421393690375862, -2.1743341263431635, -13.915981728598553, -51.801257876389414, -23.61802135321249, -28.051251383363212, -35.31824147368989, -37.139738968876905, -234.20099843277615, -45.97582352705617, -58.5256489029979, -19.013044658188942, -46.530641214967915]. 
164. Score 15096.89; [54.42894173990195, -45.72516186457898, 1.3891812386979627, -11.319724465083533, -3.422337037251716, -42.88905062799624, -17.108899466079883, -22.9025767106236, -23.738625089526465, -26.66399322010373, -224.61850589393993, -33.45169798518931, -40.81801299891301, -30.003305006616454, -38.57283068724473]. 
165. Score 15040.52; [54.42894173990195, -45.72516186457898, 1.3891812386979627, -11.319724465083533, -3.422337037251716, -42.88905062799624, -17.108899466079883, -22.9025767106236, -23.738625089526465, -26.66399322010373, -224.61850589393993, -33.45169798518931, -40.81801299891301, -30.003305006616454, -38.57283068724473]. 
166. Score 15313.05; [66.66113966723292, -50.51223011327695, -6.321012569422857, -9.342113089825801, -2.281976709994752, -51.674424413742244, -26.228628148205097, -32.45100168967212, -35.72896860520101, -44.9478725105907, -250.56086680094586, -38.62532221692093, -57.00588788613047, -27.938903628470428, -44.883772182138486]. 
167. Score 15400.04; [54.42894173990195, -45.72516186457898, 1.3891812386979627, -11.319724465083533, -3.422337037251716, -42.88905062799624, -17.108899466079883, -22.9025767106236, -23.738625089526465, -26.66399322010373, -224.61850589393993, -33.45169798518931, -40.81801299891301, -30.003305006616454, -38.57283068724473]. 
168. Score 18230.9; [64.6833403524882, -51.72971866551328, 0.6448588427623245, -11.830393043186028, -6.381686807047849, -58.9891842471025, -26.762319775964325, -41.360626967589965, -31.897771523463643, -41.22332909933015, -281.5873519069576, -41.61250935557643, -48.87906455271464, -25.868447905822446, -39.91553257682947]. 
169. Score 15896.55; [64.6833403524882, -51.72971866551328, 0.6448588427623245, -11.830393043186028, -6.381686807047849, -58.9891842471025, -26.762319775964325, -41.360626967589965, -31.897771523463643, -41.22332909933015, -281.5873519069576, -41.61250935557643, -48.87906455271464, -25.868447905822446, -39.91553257682947]. 
170. Score 15391.7; [64.6833403524882, -51.72971866551328, 0.6448588427623245, -11.830393043186028, -6.381686807047849, -58.9891842471025, -26.762319775964325, -41.360626967589965, -31.897771523463643, -41.22332909933015, -281.5873519069576, -41.61250935557643, -48.87906455271464, -25.868447905822446, -39.91553257682947]. 
171. Score 15364.98; [69.0197461577092, -54.968094101439554, 6.100898196505723, -15.29693579996552, -1.2047889121463338, -56.8435182672184, -25.55939378367634, -29.81466479807245, -31.044003396191673, -36.08046108661057, -257.8786765444107, -44.04057451769657, -61.442372685585426, -24.052811471212255, -52.997810740075685]. 
172. Score 16571.02; [64.6833403524882, -51.72971866551328, 0.6448588427623245, -11.830393043186028, -6.381686807047849, -58.9891842471025, -26.762319775964325, -41.360626967589965, -31.897771523463643, -41.22332909933015, -281.5873519069576, -41.61250935557643, -48.87906455271464, -25.868447905822446, -39.91553257682947]. 
173. Score 15774.52; [67.92951368131479, -56.648374751992954, -2.3750391381223714, -12.863886837384447, -4.2401447613747, -60.48714730771047, -28.15645621870666, -42.19128099808433, -36.06398093342071, -41.99430374465483, -260.227242603193, -48.78496778139634, -49.745611283430634, -24.244294196398158, -30.85070210953463]. 
174. Score 17095.14; [64.6833403524882, -51.72971866551328, 0.6448588427623245, -11.830393043186028, -6.381686807047849, -58.9891842471025, -26.762319775964325, -41.360626967589965, -31.897771523463643, -41.22332909933015, -281.5873519069576, -41.61250935557643, -48.87906455271464, -25.868447905822446, -39.91553257682947]. 
175. Score 16418.4; [64.6833403524882, -51.72971866551328, 0.6448588427623245, -11.830393043186028, -6.381686807047849, -58.9891842471025, -26.762319775964325, -41.360626967589965, -31.897771523463643, -41.22332909933015, -281.5873519069576, -41.61250935557643, -48.87906455271464, -25.868447905822446, -39.91553257682947]. 
176. Score 14666.22; [68.06229265477161, -50.242462778278956, 0.19416781475216993, -12.209591897953509, -1.8367496203735185, -51.59367032290946, -21.49740706023415, -39.118240516585786, -32.084954145104646, -46.78418369902519, -273.1579779560246, -48.633926787575696, -47.6193015817681, -31.159001781190195, -42.91064985276054]. 
177. Score 16280.31; [64.6833403524882, -51.72971866551328, 0.6448588427623245, -11.830393043186028, -6.381686807047849, -58.9891842471025, -26.762319775964325, -41.360626967589965, -31.897771523463643, -41.22332909933015, -281.5873519069576, -41.61250935557643, -48.87906455271464, -25.868447905822446, -39.91553257682947]. 
178. Score 16331.18; [71.29406668157267, -50.10699174755031, -0.1349529452558278, -20.555505546723317, -2.8433285619124233, -63.20229043166674, -29.35298481325957, -47.06912749000894, -35.128169459098125, -44.70533306509796, -288.9071948033782, -55.677882953507336, -56.24017470052786, -20.09251023611378, -50.96340005672652]. 
179. Score 15808.42; [72.22280676157297, -50.77171495693325, -6.575900612640509, -4.5152740705029295, 0.2405292588380794, -68.65490727342544, -44.96616726373347, -55.73964174829605, -45.00167476725707, -43.20235136963676, -318.5372447441297, -43.475905617503074, -49.91176158511159, -17.141932870305226, -48.23192842630134]. 
180. Score 16244.15; [55.82034733056618, -43.492594894588656, 1.622006563698776, -8.704678520187823, -6.987127336908033, -44.76497946404328, -25.56859450582175, -36.73447940737549, -26.32579425223418, -35.09854898976829, -257.55808625795, -40.05569291440704, -45.32786389511561, -22.611143207954314, -38.97380051459675]. 
181. Score 15650.61; [73.3459079421942, -59.30211240073491, -7.252156540730143, -14.514088021904247, -5.56945239007105, -66.32543732988306, -41.49162869689126, -47.16285024534923, -42.35726919129395, -38.05255223377684, -296.48429747305096, -37.915284793980554, -46.037120919718134, -22.176367562613756, -47.807269740410376]. 
182. Score 15728.82; [63.98475820273759, -48.49000889399364, 6.061553585705342, -14.678092476051107, -9.660092648804063, -57.213208885720434, -16.354722286769817, -36.74064415241639, -28.527667077847592, -33.92306387793686, -262.83014400505334, -37.21867847808547, -41.423970775857015, -27.129509897057243, -36.04115321453756]. 
183. Score 16051.47; [71.29406668157267, -50.10699174755031, -0.1349529452558278, -20.555505546723317, -2.8433285619124233, -63.20229043166674, -29.35298481325957, -47.06912749000894, -35.128169459098125, -44.70533306509796, -288.9071948033782, -55.677882953507336, -56.24017470052786, -20.09251023611378, -50.96340005672652]. 
184. Score 15364.94; [63.98475820273759, -48.49000889399364, 6.061553585705342, -14.678092476051107, -9.660092648804063, -57.213208885720434, -16.354722286769817, -36.74064415241639, -28.527667077847592, -33.92306387793686, -262.83014400505334, -37.21867847808547, -41.423970775857015, -27.129509897057243, -36.04115321453756]. 
185. Score 18313.14; [63.98475820273759, -48.49000889399364, 6.061553585705342, -14.678092476051107, -9.660092648804063, -57.213208885720434, -16.354722286769817, -36.74064415241639, -28.527667077847592, -33.92306387793686, -262.83014400505334, -37.21867847808547, -41.423970775857015, -27.129509897057243, -36.04115321453756]. 
186. Score 15463.99; [61.536841989921875, -41.79424466134691, -7.80080892542767, -13.962751155963483, -8.877780820689576, -58.17033281867416, -29.03113595795959, -42.34070288723335, -34.144122636605, -34.93206456169843, -280.1751959429584, -48.59155114837869, -44.35327902563158, -19.860527815254326, -38.628654340501846]. 
187. Score 16979.73; [58.139372966322924, -47.61413043974114, -1.2753903362425798, -14.268213057279608, -7.313205708533846, -61.59532122465473, -34.58925459205792, -39.97722160039018, -39.39471168606805, -47.20193954424785, -263.53287211023854, -38.97023931253305, -52.226266792309545, -16.23251095393116, -37.56351420675225]. 
188. Score 17733.38; [71.13064043421693, -49.24994408348717, -5.877532961391911, -8.859712749256953, -6.91466507674105, -62.7094306280697, -30.207074798764463, -48.37783318956558, -28.56389752334236, -36.07419992452689, -291.7271238803435, -39.19121832883288, -48.65944850412124, -22.69720671027373, -47.16247690924681]. 
189. Score 15847.98; [80.60015733180845, -52.62486443202996, -5.040247554714505, -3.6903004450004477, -10.694970598823296, -66.80036716650392, -32.55881604538971, -36.686831723837216, -36.608879965739625, -43.559418884593065, -287.7636248529935, -48.44244990600265, -58.90598788396026, -25.482590702746954, -43.612812295100525]. 
190. Score 16119.0; [82.61078080584466, -64.88466052766343, -1.690215018057852, -11.906717772233682, -8.276997065185569, -56.24751338846333, -22.806588036390202, -42.194055909636404, -32.023534504581185, -33.8456678771954, -321.6693393278428, -50.16439383882134, -55.443837329751915, -38.63001979787509, -60.19859943483695]. 
191. Score 16478.88; [68.06229265477161, -50.242462778278956, 0.19416781475216993, -12.209591897953509, -1.8367496203735185, -51.59367032290946, -21.49740706023415, -39.118240516585786, -32.084954145104646, -46.78418369902519, -273.1579779560246, -48.633926787575696, -47.6193015817681, -31.159001781190195, -42.91064985276054]. 
192. Score 16007.74; [65.32005462265367, -48.008946192037676, -6.851361093085947, -9.91036500622442, -7.031849539345078, -59.491492840161975, -22.151964571562445, -41.21754404328163, -32.91292372403048, -25.38198156017416, -256.4201743910881, -41.502598639453744, -56.66257515925999, -21.456770722857364, -48.32942256363094]. 
193. Score 16492.51; [78.64531282753319, -49.623397720764196, -1.6213710947998619, -11.393330247515884, -1.09862757137617, -65.29385791752331, -30.898807810684644, -46.54929709481029, -36.74640534476268, -47.49756631425459, -312.18579968710054, -47.29022412546875, -46.11980888165351, -17.95718586904207, -40.7541513116007]. 
194. Score 15925.36; [63.37779043281187, -47.40453423173497, -5.024331248191181, -2.8350167042416174, -7.472418650458374, -55.937624440810204, -26.57455561979224, -28.10044485133171, -34.78241905458603, -41.255228309877985, -273.2584866832091, -33.498908654889604, -36.95658670511204, -17.569142063599504, -45.2123330799542]. 
195. Score 15970.19; [77.00161298332554, -62.02215298683085, -1.9039881960019538, -8.429746419339255, -11.710329565409612, -69.97590371354559, -29.063152317731976, -44.30689778286243, -31.241532589660075, -38.906480149092076, -317.9445832331876, -48.35677745274854, -57.405639356176394, -29.9434537136732, -49.46522114542709]. 
196. Score 15980.91; [69.05890119500341, -47.46308552117286, -2.8512441425176007, -7.427172122723915, -2.558213360053486, -72.96980869490743, -41.96660495271461, -56.68715150505937, -47.09889871188181, -59.777247181084775, -315.65063375399194, -41.60033798064361, -54.415254282794656, -14.982896811743721, -48.57234269363195]. 
197. Score 16359.94; [73.60615990681679, -56.12484490457368, -1.0723961371450472, -17.825568240046948, -4.352437253297578, -68.5225835441548, -28.42173989244746, -59.667828736340624, -44.61714972149255, -54.16994406294957, -311.8235042703821, -48.80252174477467, -57.6544628073741, -29.404367026416963, -38.252188603115954]. 
198. Score 15910.88; [87.75722894338513, -49.22517284873189, -9.371869283240027, -4.9089100886538235, -2.1465721370171167, -83.22667053577999, -48.13769640647547, -61.347594781399636, -46.15565086239788, -63.99067441154571, -337.5994945969305, -50.52819907893192, -52.47907941261972, -9.094669187812272, -51.74821705120798]. 
199. Score 15984.84; [65.53925154926435, -50.8451341224015, -4.872770086901635, -7.21380658651251, -5.442830670063652, -64.33572854756218, -31.813956322306492, -39.05861585856909, -40.22419358029363, -38.471727462928435, -301.96355847794143, -39.03078502060389, -39.588067242355095, -13.488646223903043, -49.53308332959692]. 
200. Score 17464.06; [73.66082813167344, -51.51989634787944, 1.4988592866979398, -16.640637339073674, -2.3394575508375057, -62.75592068561296, -34.663544227594485, -46.9083759487616, -52.418745634600114, -58.859170041551366, -319.0757836934425, -56.21671922438729, -51.42831760988433, -23.565849831124073, -51.613441964929756]. 
201. Score 16551.51; [78.85512147244535, -48.84540931952012, 5.829331145604596, -11.565288844304071, -8.37355387508346, -64.57868851082314, -27.384763180948042, -47.11596829741904, -34.03993380373368, -45.279110868250974, -330.2728976886307, -55.597713629510366, -33.5428907965018, -24.034111719612923, -46.93654830386505]. 
202. Score 16768.14; [78.21266678466898, -55.594123288777965, -1.646723061331037, -6.978212830240204, -7.561388111769651, -74.68299489677845, -37.21592025936933, -52.86349119964522, -35.3685508132313, -61.95320476523441, -342.9947699271517, -45.36119959190715, -48.65053634166332, -21.653129119624587, -41.97767096372644]. 
203. Score 15874.33; [73.96510880715081, -47.972243502456784, -4.153675729663548, -18.12938797141221, -1.3691633293438956, -58.2847714222152, -29.25125537905105, -38.971171679381264, -37.50244378376595, -43.53536829398405, -304.37751937463656, -42.442246580849016, -44.86245688989165, -23.570490778860496, -40.67199040556067]. 
204. Score 16785.08; [65.53925154926435, -50.8451341224015, -4.872770086901635, -7.21380658651251, -5.442830670063652, -64.33572854756218, -31.813956322306492, -39.05861585856909, -40.22419358029363, -38.471727462928435, -301.96355847794143, -39.03078502060389, -39.588067242355095, -13.488646223903043, -49.53308332959692]. 
205. Score 16521.25; [80.49244039967425, -63.41668770773816, 4.184148327541169, -9.837503183567556, -6.385916716164733, -83.0974782182213, -38.94751824188602, -45.91732331931344, -50.08812666559501, -50.016041327996675, -333.586371342547, -52.296927376915335, -46.20671160144491, -12.046028683144403, -52.22094464539264]. 
206. Score 16921.62; [70.21880570028988, -57.05232100364903, -1.9633348596284623, -10.189235667814001, -15.5435462022432, -65.33519311633255, -37.5634193389907, -45.5118432447905, -45.92017535639675, -47.58817122224746, -328.2145626209301, -50.049223840046636, -55.08645072131011, -18.57515618523842, -56.37912849427996]. 
207. Score 19066.11; [75.6153492299212, -53.92200486607556, 4.994582319366431, -16.010631107224476, -8.638745492441618, -67.02280803595458, -40.96566760232597, -53.039797956408684, -45.40980877612378, -52.32380179619273, -329.5566930036492, -47.46383968338895, -55.30567214090986, -18.584680963847045, -55.7569036854423]. 
208. Score 17167.14; [76.40764851189628, -55.842586341223274, 1.1566167644156176, -16.32112548524922, -5.779539097025431, -67.46326280474251, -37.76004203585861, -42.91220840296862, -49.243750606586765, -49.23521768404853, -316.2745125398916, -49.909799524738425, -60.20756329680631, -21.97497201963094, -44.98581537856754]. 
209. Score 16903.4; [69.52960807817595, -51.27682232471729, -5.2150583737644896, -5.598677180502059, -9.333420198529138, -51.595060014554996, -33.897976933499976, -42.654473900938974, -39.924842587189005, -47.28318992547806, -307.04675314847805, -29.32418572856875, -40.43495422287596, -26.80453034666942, -43.37763450055269]. 
210. Score 17366.61; [78.53394019905886, -61.59553204993156, 0.3849041224664561, -6.052140044968104, -5.0696630632047865, -79.95200155154245, -48.32284749510287, -52.68933178360638, -53.441560934318474, -59.37898323648501, -339.1515979200334, -49.10950493985604, -47.62206176304221, -12.144919399104642, -45.70713408042104]. 
211. Score 16837.47; [75.91045820037016, -51.392815798925575, 0.3389979339972068, -1.8310609196140089, -10.836155398931997, -55.75031339954306, -28.455744104308614, -34.207879819271845, -30.41699805761362, -36.18064216298841, -305.8435737676027, -41.54255738657735, -44.04178214555814, -26.40867497646342, -45.559499098413646]. 
212. Score 17556.31; [69.59759681336855, -44.44786313642473, -4.124669518408549, -5.370116299967863, -9.596297011692627, -70.4105827269996, -33.73029971802972, -46.83604449075301, -40.018564258071315, -48.597020318918744, -345.4692594930959, -45.23533299804051, -46.200029672370874, -18.82974583629261, -55.62157091798261]. 
213. Score 18178.07; [73.19046337170877, -51.243408253858654, 3.3189616269854914, -10.968244852144446, -8.181979074780436, -76.16806914987795, -35.728221045834296, -47.909452622805716, -46.22277580030377, -53.82711208094161, -359.0665916587872, -50.54641727531375, -39.88202466047202, -17.2723809400619, -51.87602272285201]. 
214. Score 16765.67; [73.19046337170877, -51.243408253858654, 3.3189616269854914, -10.968244852144446, -8.181979074780436, -76.16806914987795, -35.728221045834296, -47.909452622805716, -46.22277580030377, -53.82711208094161, -359.0665916587872, -50.54641727531375, -39.88202466047202, -17.2723809400619, -51.87602272285201]. 
215. Score 17480.73; [73.311074778327, -54.791337995575724, -3.7765553941944, -13.68670231626393, -6.651138451666306, -73.66737683273809, -36.368111717921906, -52.56911716715172, -54.2114303636193, -51.497665349319654, -326.4165355649502, -47.036984122882075, -58.206746701064866, -22.032811255308538, -43.67301227140477]. 
216. Score 17186.32; [78.27125927120677, -57.09823513714359, 13.510942796565558, -11.902616807539852, -14.81181830221198, -71.55733173806429, -38.078563020628536, -57.16149251867823, -46.52315873303679, -49.17920474340267, -347.011896976564, -53.42193816560375, -43.33640377957109, -15.249471142644436, -44.48149336573865]. 
217. Score 17663.79; [71.1150154216431, -58.679640494580696, -6.654103911660824, -9.368636401936051, -12.937321994881504, -75.78515082042868, -46.02167655139769, -52.17930339324839, -55.26204964163203, -53.90443891497183, -339.49895616338966, -36.92574516105347, -37.040012826052056, -10.185652339836237, -53.68972187121065]. 
218. Score 17581.57; [81.73245305665704, -60.68561906075992, -2.7885609367570217, -18.278621091172177, -3.499921166019883, -77.06812719011839, -38.618445854042434, -58.628076178793194, -58.54581723217508, -44.31311765521546, -321.2708080370114, -38.90472339327516, -51.902132988391664, -16.95303694423522, -47.23549198049252]. 
219. Score 17448.97; [75.35263824185607, -54.66147213642039, 0.4789179179250982, -8.096656029494977, -8.125258766092992, -63.506554608652564, -35.09884441460626, -55.327145752363435, -41.621108998681535, -45.97035771843687, -334.6419687707755, -47.19707294629546, -40.62199726992967, -16.715745898389855, -47.92907149787776]. 
220. Score 16755.61; [71.1150154216431, -58.679640494580696, -6.654103911660824, -9.368636401936051, -12.937321994881504, -75.78515082042868, -46.02167655139769, -52.17930339324839, -55.26204964163203, -53.90443891497183, -339.49895616338966, -36.92574516105347, -37.040012826052056, -10.185652339836237, -53.68972187121065]. 
221. Score 17400.86; [70.67156046373921, -51.19749087496306, 2.162164614164447, -10.380450103029387, -16.78922217553083, -70.11616381750352, -39.12102014801287, -51.946254377555036, -45.54649914971549, -35.92665543241405, -336.0789016977762, -47.29158854358797, -38.80640234302421, -15.489220044019378, -55.17069222632312]. 
222. Score 16673.76; [78.5249027057823, -59.878003299608956, -0.7156033457607509, -9.184338060097113, -16.711642792499287, -72.5651680315609, -39.62500962992423, -57.96709241021397, -53.53832200329745, -46.76679263771913, -329.64871188337924, -39.67986801785169, -48.294506163459666, -19.31936180697232, -46.80388330962535]. 
223. Score 17177.79; [75.53239410667412, -51.466496391882316, 4.089996146807405, -12.072918723873894, -9.094282985143229, -74.62722371556687, -39.79267983724345, -50.3367610074168, -44.98477841190688, -45.07848997491789, -335.4508197516678, -47.828842410105885, -41.204282592399565, -12.309004369618073, -50.058436885257144]. 
224. Score 18331.47; [70.1241683274557, -54.47835929851558, 0.017631672007751398, -7.922212130423002, -5.477394567505408, -66.2397298091473, -35.58193432752148, -47.41506544007152, -47.42908406761435, -49.99659285860547, -341.5454803226405, -49.55731461928147, -38.0017038004569, -18.912251610381492, -48.233454314683875]. 
225. Score 16545.57; [77.52834215230803, -54.16562136938466, 5.298951199645528, -16.24588955532323, -4.242822241856086, -80.60508831909966, -37.02548333283152, -57.128866040831326, -41.48378484532252, -45.017037752043514, -326.1724646692537, -48.96685658721768, -44.86567364674353, -11.339846494194482, -44.183694430332764]. 
226. Score 18878.29; [75.7034158704202, -56.350456990514004, -3.000857068977609, -11.435061745501507, -2.534342123299581, -71.92829737272659, -36.4242205543649, -44.93457821164529, -50.61607923383629, -53.79914718114455, -326.66040019683265, -49.779169794226426, -42.53125573060909, -15.904119920395452, -52.17725709710836]. 
227. Score 19621.37; [80.72157477347942, -58.92799766965971, -4.168185480683401, -13.662200772917501, -10.44995008284066, -75.10826671668258, -48.00893614039414, -48.11605687899418, -52.902826481690255, -51.061086517317115, -349.3022790937899, -38.444805691820356, -39.45076638557448, -9.370978122416995, -48.59747096102772]. 
228. Score 18157.39; [81.31129350255574, -63.95575036502367, -1.5551904436732975, -15.937427636187302, -11.567841464335565, -76.8642252890228, -44.48227156274028, -57.17696165421539, -47.37790589520181, -52.00803854860107, -342.445073310209, -47.480348815495425, -44.1186224775569, -17.24654257762795, -43.976506763228315]. 
229. Score 17524.83; [72.9054953532968, -58.26610588201026, -6.410693715643969, -9.931031730734302, -7.638401008898374, -70.27565734510468, -41.48561399475843, -54.450754838111564, -51.61521185388688, -44.59531365312684, -331.45025922027384, -45.064676643838354, -46.433509732362815, -13.723591235111968, -50.20149593692459]. 
230. Score 17598.71; [75.69117022571984, -55.1526291471121, -3.698867266342793, -16.314639189060436, -9.944066068956214, -66.12167916262636, -39.79093066658794, -53.09946834704133, -40.7129616870571, -44.92519003025299, -328.5037503694477, -49.00838139911168, -39.5109252575915, -21.98997564545238, -48.75152033841118]. 
231. Score 18281.76; [69.50239592919574, -55.851853108831605, -5.083663664888156, -3.415144282291079, -7.625042989001564, -71.66304932628336, -35.342665603949804, -53.160476882792956, -51.832209859526166, -55.55534455039508, -330.05130424037685, -42.32803604358838, -35.18163896793432, -12.921179740349519, -49.62528584877451]. 
232. Score 17212.49; [70.6778512173963, -52.04202156622081, -4.669016058043544, -12.456486613682946, -4.145630997041228, -81.69345771423656, -45.52778977190717, -52.60915647222665, -49.41259966088579, -51.503541305796276, -356.94217742707684, -39.81164562606951, -24.98619422770757, -8.678844341939923, -57.23965156655747]. 
233. Score 17522.59; [83.88994461917193, -58.10657384839442, -6.347629486831332, -11.537543607008748, -6.674425678621035, -70.20768578486928, -37.63936606833237, -51.603224190273146, -45.81774938637681, -55.36365085963778, -355.42025606503717, -53.62434316792097, -35.05906114239938, -20.151317629403835, -56.99168965412822]. 
234. Score 18589.56; [77.78495656656838, -51.20420068411469, -0.031839565108015666, -10.10540583798186, -3.1183354174509024, -71.34462527736368, -37.20533447369872, -54.694921867105315, -47.447536064520726, -56.17257316564974, -340.044180369334, -46.79657086185333, -37.17475072408341, -15.595212671365164, -50.2044714610708]. 
