
nSamples 100, nElitists 100, initialNoise 0.0, noiseStep 0.0: 
41.39; [-1.4309847474520851, 12.55543510541781, 0.8923859257271526, 5.6374432727343615, -18.338391210088528, -4.467652227743597, 1.2432253513626486, -17.36131078747509, -4.30174977367045, 0.14286939664871673, -0.1038844132191851, -6.8759000244872, -9.053879827514477, -20.650855062460792, -3.218672310267619, -22.828200346450412]. 
166.93; [3.7221048864722377, -6.874812347606288, -2.490518145203252, 6.78297525929676, -6.341743944180447, -7.474032891489788, 8.342833535952543, 3.92942591962208, 4.282468099990552, 0.06875032793447239, -20.39385198050604, -2.166525217295603, -1.553412336608909, -18.054974538805972, -8.086890408671787, -20.03563189170587]. 
170.16; [3.7221048864722377, -6.874812347606288, -2.490518145203252, 6.78297525929676, -6.341743944180447, -7.474032891489788, 8.342833535952543, 3.92942591962208, 4.282468099990552, 0.06875032793447239, -20.39385198050604, -2.166525217295603, -1.553412336608909, -18.054974538805972, -8.086890408671787, -20.03563189170587]. 
199.52; [20.398912569990834, -3.014763029184567, -2.8361140340421747, -3.497959106081156, -8.319731669287304, -23.65516882797535, 11.345287689569867, -8.969286499618937, -4.01492792312135, 8.10785420641114, -29.26906902108164, -21.12153976880482, -15.59358059620682, -38.50828493882328, -17.71407764862252, -54.536181980588765]. 
226.97; [24.96898709132673, -8.154733859707127, 1.6022714898760548, 4.480390520354205, 1.3465900940379694, -23.280866966331004, 1.234775414065588, -19.30439189480588, -1.856286912063425, 4.6130408814689, -10.635825330672896, -17.76014000162685, -27.86227398589792, -27.205600942456662, 0.4888368163704655, -26.447546415119042]. 
230.12; [8.574818525633189, -1.654481145518294, -1.5855202606709407, 1.2631916931476341, 1.65292300994013, -13.656571421307536, -0.1537725433054451, -8.867722395796733, 3.696527876870597, 2.79658705561783, -4.324361361366652, -6.99706827424764, -19.62909832132258, -14.476059063396882, -2.296131293876792, -10.31114761693378]. 
222.95; [24.96898709132673, -8.154733859707127, 1.6022714898760548, 4.480390520354205, 1.3465900940379694, -23.280866966331004, 1.234775414065588, -19.30439189480588, -1.856286912063425, 4.6130408814689, -10.635825330672896, -17.76014000162685, -27.86227398589792, -27.205600942456662, 0.4888368163704655, -26.447546415119042]. 
243.65; [21.17650627489688, -2.705969452660287, -6.584951897236718, -4.720304492543382, -2.114993804088165, -22.645877551305247, 8.712464113279454, -11.300368760227386, 5.031804882556291, 7.663370119732358, -21.7852767891611, -20.030651950571126, -22.620792071794394, -37.547125538273356, -19.498155618502597, -50.682644385047254]. 
271.08; [33.47017357059117, -11.119751963418882, -5.076744260950446, -4.154842477488616, 5.1402270589981125, -21.630572387840704, 10.120219576128438, -10.079251506963288, 4.5405911467554105, 3.644184478503422, -23.141927367285106, -13.288392796357584, -19.63210933052129, -34.87353883836825, -8.132945857985902, -43.084646546865116]. 
272.57; [15.745429398752812, -8.88858817378101, 5.286740984392361, -3.230091887459527, 8.68281867947552, -19.11169706413696, 5.0135126896466105, -11.076794196590965, 4.534092427613983, 5.20001299504212, -22.16538821989105, -20.354870283072866, -20.419593698681776, -16.320120003717854, 2.236242285363131, -20.942031601353186]. 
258.32; [14.715611732276507, -1.8889869898191032, -8.167177793003505, 1.9667799093002698, -5.278006846141, -15.697498889245573, 11.330291687891464, -13.722521200563833, 3.5191960407346556, 8.029166216919238, -29.915845174392647, -17.316832651004283, -13.714154733378887, -31.071389271171967, -9.475764165983492, -49.7513758016876]. 
267.82; [13.932649041485252, 0.660822496123525, -4.86576840664139, -4.895682682361394, -0.2896349863551696, -10.888442476739502, 8.469687152225724, -5.804055471253118, 1.935752522929496, 11.280776499432857, -18.37755795712906, -18.840250227412362, -16.910001668219017, -26.039514673468076, -3.813955860826214, -36.50495166108763]. 
339.13; [20.213453845339327, -5.679699028342702, -2.060236128401866, 2.14570140257496, 2.2450442189859676, -9.329422542329857, 7.681765134545702, -5.259050955650894, -1.7167476966793092, 1.3458821635379299, -16.251313808654483, -12.389979179005962, -13.648403847253, -24.843146469303562, -1.9172936323148289, -28.075936752618123]. 
319.57; [20.213453845339327, -5.679699028342702, -2.060236128401866, 2.14570140257496, 2.2450442189859676, -9.329422542329857, 7.681765134545702, -5.259050955650894, -1.7167476966793092, 1.3458821635379299, -16.251313808654483, -12.389979179005962, -13.648403847253, -24.843146469303562, -1.9172936323148289, -28.075936752618123]. 
357.15; [18.45462177603883, -7.170009173442704, 0.12696593306794224, -1.5537193409963794, 5.0242910842289925, -14.099373050856194, 3.478866687774512, -8.813994748444701, -4.260748548517841, 7.867194109889688, -9.42591816299072, -19.22805936167215, -23.91207783800739, -18.52408570119553, -2.2113451489592544, -20.925928142315517]. 
386.16; [17.197664325072257, -6.973201978707748, 0.6648423170456255, 3.5618053846488955, 0.7189654721221159, -16.469183418952802, 5.697841019821851, -12.778472611840009, 1.154114948548032, 1.1537032591631515, -21.045440065551674, -15.184309008196195, -17.69413329655292, -24.041832383371272, -0.8543847172386965, -27.260831370368457]. 
357.92; [18.729484767708083, -7.635287047461609, -0.5595375499662743, 7.322732606667203, 1.3848160148091184, -15.163410936758751, 2.6069021472173857, -12.952165744764256, -2.7144671292616156, 1.4252830806132497, -14.774031494843687, -21.126331616876836, -23.661087223995818, -20.421572142985838, -3.7786591378461463, -27.143930478306643]. 
419.06; [23.96645927060651, -7.1883420620611815, -2.8632455642534227, 2.2773425937063654, 4.243685355479606, -9.398575655070573, 6.7693792687857375, -7.393928633419573, 1.0711385392795891, 2.1105687644990505, -12.622626562700304, -12.548384751256217, -18.342048692243967, -25.15527919544681, 0.5794923716351414, -26.789569698145034]. 
389.67; [16.038397233779573, -5.690312181332162, 1.0326514674495544, 4.192293251613897, 3.51043742099509, -6.3912665428923745, 4.316396713171441, -3.971848536954057, -3.494618865042146, 0.7467600345502889, -10.12292255258184, -13.775737588629884, -15.722269908025591, -18.486877849938903, 2.8191982790989716, -17.56431901669676]. 
390.12; [17.28252667903061, -5.23294653502512, -0.8551959541718213, 3.516403360436369, 2.1015044596334826, -11.15066941614549, 3.4858644879551908, -7.42726616400528, -0.701731948907533, 1.4883167114213451, -11.747642097899123, -14.965933883594328, -18.857974132902463, -21.386928727541882, 0.023726612908406608, -19.729691534837528]. 
399.65; [19.704447213335968, -5.334894439033206, -0.8080880683222482, 0.08024674625664074, 3.9950377127703556, -13.279125964991643, 6.5650934351567125, -7.9200046923962955, 1.280596027706515, 3.515651109948643, -17.479352924293906, -17.100385318866245, -19.072965291837644, -23.77407684999209, -2.524644689422202, -28.35233385794249]. 
466.86; [16.038397233779573, -5.690312181332162, 1.0326514674495544, 4.192293251613897, 3.51043742099509, -6.3912665428923745, 4.316396713171441, -3.971848536954057, -3.494618865042146, 0.7467600345502889, -10.12292255258184, -13.775737588629884, -15.722269908025591, -18.486877849938903, 2.8191982790989716, -17.56431901669676]. 
442.59; [17.28252667903061, -5.23294653502512, -0.8551959541718213, 3.516403360436369, 2.1015044596334826, -11.15066941614549, 3.4858644879551908, -7.42726616400528, -0.701731948907533, 1.4883167114213451, -11.747642097899123, -14.965933883594328, -18.857974132902463, -21.386928727541882, 0.023726612908406608, -19.729691534837528]. 
469.03; [13.004549577953467, -2.112164157587484, -1.4443298138994518, 5.925409596957477, 0.0043331999631801565, -7.790102307825847, 3.412186829869653, -5.237795941106331, -0.7735711853340765, -0.22354813242752147, -12.221659295822091, -11.601156600903979, -13.838622108396123, -17.528206287870052, 1.0265010441981015, -16.48544017800428]. 
495.45; [14.882034361662523, -1.3510838504160283, -3.0527549118066117, 5.084242082793335, 0.09329265657211483, -11.229208496926601, 4.289000836084339, -5.6831399616725315, 2.394972972599218, 1.8606009163007111, -15.57295650891959, -15.977533920422003, -15.802028653837336, -16.59341992837235, -2.835433820722704, -19.262122860775257]. 
499.06; [16.96916386474537, -5.828863703470542, 1.073246750896298, 0.527004273951329, 4.866551449317374, -9.309202769820331, 4.375297035578601, -0.8420273681263479, -1.9478652151870406, 4.595713545319646, -11.317183029935578, -17.07423447365793, -17.09554425466135, -19.007317806023643, 1.9955526365269487, -16.26709196173707]. 
519.57; [12.936442616101923, -3.4468946508800133, -0.9045551864097022, 2.1659424832033296, 0.8184726786406491, -4.994598514220247, 4.63666289439842, -0.8378342789815605, -2.981670613910328, 3.5036694839450813, -8.462122579880754, -10.194393277938167, -13.144194096228592, -18.422881121935458, 2.622014153217332, -12.46148275808086]. 
504.08; [8.170466801442412, -1.1345172974215947, 1.0415494828671625, 3.5063941975567516, 0.5096725357961804, -10.960872798105713, 2.253731939915782, -5.205542338379032, -1.5279624831464924, 2.4599723868956698, -12.563339142721723, -13.823925676486217, -13.46867098819098, -10.283824873908088, 1.315800206457676, -7.538497656906506]. 
552.03; [14.606414810086646, -2.6473288963419104, -2.436783720969306, 4.330734554311747, 1.086084109216075, -8.572487978038827, 5.168565180502222, -2.892402980544269, 0.5161654000670484, 1.4680074568515837, -13.735295450547316, -12.153763802348013, -12.897406237421622, -15.724647233611112, -1.4986016263916029, -15.239340851997405]. 
605.09; [10.528470135476656, -1.6946197193808934, -2.5285044544593296, 4.209546646244593, -0.2030072306750712, -8.332893735036691, 3.255413058692006, -4.359616784041995, -1.2020408824975175, 2.3659386398446878, -12.007620675230735, -10.407217811123171, -13.063621462140276, -13.712216617960369, 0.35348556123392527, -11.453749698214494]. 
608.48; [9.25112580836072, -3.0560159295114135, 0.6523307375916556, 5.222554459356443, 2.538598368863199, -9.454551857764308, 0.8292397119072712, -0.7066539417713074, -3.2125542295500993, 2.383597121209302, -9.111482637593166, -14.100671248905973, -14.309191098957324, -9.314616328491065, 1.580380560163736, -3.0922357265903404]. 
639.35; [10.528470135476656, -1.6946197193808934, -2.5285044544593296, 4.209546646244593, -0.2030072306750712, -8.332893735036691, 3.255413058692006, -4.359616784041995, -1.2020408824975175, 2.3659386398446878, -12.007620675230735, -10.407217811123171, -13.063621462140276, -13.712216617960369, 0.35348556123392527, -11.453749698214494]. 
699.47; [8.372243456565593, -0.2318630445475054, -0.031127787596706424, 4.765517083477374, 0.2864566525271197, -11.51339895225114, 2.050163798099056, -4.669145022798624, -0.7103745793739435, 1.0422914326692057, -12.977728499631805, -12.44284491915366, -13.485459437440111, -7.97358084169305, -1.1314731007038967, -5.152362272809537]. 
822.96; [7.259815762077342, -1.0016549643319372, -0.7740531022112852, 1.5090729383629256, 2.266059664306798, -9.63357246353882, 2.0852013927506854, -3.776333965084586, -1.0184453010099555, 2.68963521076475, -12.304683134642406, -11.269793321944576, -12.188033036940489, -9.886622198958095, 1.1247762247795752, -6.8495147524545015]. 
934.98; [6.401504629441121, -1.254065552900585, -0.6652311898803377, 4.4362156403618815, 1.3022861132875296, -9.482596223051655, 1.2545060908835088, -3.6476576319076677, -2.982210109521547, 0.9890500355391114, -11.815642020388823, -9.852082434129525, -10.820801735757732, -6.909692331956313, 1.4181915412877542, -3.3559371570770384]. 
962.76; [7.387970918475337, -1.2155832019643322, 0.34093394356714946, 3.9871768529096534, 0.7829305350690362, -9.914516212464315, 2.2502372969974664, -2.2569763372620377, -1.6398004796528987, 2.396841100158939, -11.96766594870446, -13.22030114138826, -13.30494678014537, -9.08299874095993, 0.04720346858425925, -5.056474827544125]. 
947.87; [8.274495701949077, -0.9401662368154334, -0.625774059644579, 4.23186698497523, 0.3103289861284304, -10.233687407740177, 2.796794219429838, -2.5727784058296326, -0.6013760323150769, 2.4424605461892077, -13.519863291705967, -13.137979220363675, -12.039786519242188, -9.277396006674913, -0.45015142247041634, -6.377171104212241]. 
1061.13; [5.634623106358829, -0.28815402014225877, -0.6433405805030905, 4.7442830462441155, 0.8704988888814276, -8.530918459222795, 0.22500640753491297, -3.1604914284156016, -2.4325368041074293, 0.7752449229095661, -9.699993773103166, -9.698375069930902, -11.984845706047107, -7.33738862922481, 1.9027198876625842, -1.5331600421409686]. 
1057.63; [8.274463573672442, -1.2517906757132584, 0.9036918296732187, 2.9667774567085385, 0.9650861226588949, -10.687728881996254, 3.228580815304635, -1.3469908968866848, -1.9878350543911028, 2.3478873920589542, -13.364267969876945, -11.701191292979818, -11.396400231313248, -8.517273486952831, 0.20049794985537267, -3.670814011525885]. 
1129.58; [6.614586840823023, 0.07046302923735182, -1.1835774852941954, 3.7383060059955184, 1.3116591166045093, -10.03792677140209, 1.034266379723893, -3.991897113306841, -1.545520051637712, 1.1976392073961346, -11.60996434280793, -9.530143200574194, -11.06703627628613, -6.7785790213009225, 0.8835765994735707, -2.6285529876571156]. 
1207.31; [5.757063204581669, -0.2830080152884238, 0.28473361159087623, 2.4949453469134113, 0.8800693933740427, -10.781353828762326, 1.7271684145569464, -3.051504193276941, -2.5381361741166946, 2.358025783176445, -12.459379003459398, -10.45100196331944, -11.726605076347283, -7.553407080463407, 0.7959580978571095, -2.6978050461831486]. 
1231.89; [6.245719777747521, -0.4955827823885175, 0.7009370050943017, 2.877773409922554, 1.58177295495519, -10.414725082017647, 1.4348357364130266, -3.003413910706535, -0.9988027927423433, 1.976220198753349, -11.888216167642778, -12.682134638861434, -12.756252537479105, -6.726955747531768, 0.1047210271060991, -2.7267768940441828]. 
1328.17; [7.611878598682827, -1.15014412232513, 0.2989140975407464, 2.315831954950444, 1.9907875199884293, -10.160502917388746, 2.1829925229141707, -2.3819018027610888, -1.6193193735200733, 2.355210059435599, -12.058669698663365, -11.43622665839015, -11.953770974346826, -8.23913341718837, 0.825121278766066, -3.7187396637433725]. 
1269.74; [6.264361523165976, -0.6572140200397614, -1.220646461100297, 3.685818609348109, 0.9609192751995919, -9.718367671338159, 1.5238544283535385, -3.6229325244603445, -2.096799095420148, 0.8703383058911374, -12.378216050428723, -8.502449963326413, -10.35365732085712, -7.33298817711758, 0.791277506499506, -3.0711176710741572]. 
1449.99; [5.547114726528555, -0.21553493237623406, -0.8817736488171952, 3.1141379868853933, 1.6101505262738707, -9.922322796948706, 0.9641992124478743, -3.587831703888587, -1.4084205660077445, 1.6611055658672846, -11.78129523701703, -10.559528839525985, -11.30180275683635, -6.312479897792209, 0.5937209950572067, -2.6562422483696206]. 
1463.33; [6.233629053295561, -0.5693134057682202, -0.45640649693295243, 3.9457910481032097, 0.8740379146461794, -9.060879377313771, 1.1082551998209076, -3.0111744615027733, -1.975014295543685, 1.275209581722283, -10.759528452250038, -10.196546446879436, -11.784058127697845, -7.347293892652954, 0.8828260737161271, -2.3716916287317096]. 
1452.39; [5.433865434103065, -0.49987729214357757, -0.4772104910695044, 2.162171340839806, 1.4164251701255601, -10.861752383806028, 1.770097194671722, -4.3822797145822925, -2.0264531557709233, 1.341749475285249, -13.206207610007226, -8.766406497481743, -10.884685647910615, -6.228237921281137, 0.07419910688208553, -2.5756682532869037]. 
1339.21; [5.708520589496885, -0.5018557132264915, -0.9600413548114417, 4.014346791396784, 0.8936512962452074, -10.150518947772552, 1.1285644355433908, -3.6956365528181028, -1.7859124162229931, 1.0861982675941462, -12.046409436919742, -9.90951972445942, -11.606248964107017, -6.397267869716787, -0.008153655089990997, -2.604830371692402]. 
1532.56; [5.4732105498242705, 0.09978130846589173, 0.16025031558059488, 2.862452438033072, 0.720687928210328, -9.916296498848762, 1.5371055275285774, -2.972119855698231, -1.7533605729419852, 2.128265971747818, -12.081006470625818, -11.904097583413844, -11.912636240162831, -6.27205968543275, 0.1355023604530372, -2.770676941027289]. 
1575.59; [5.661323537129202, 0.10459550777865367, -1.0360364313574988, 3.394856982493849, 0.39755034911878406, -9.12790142557616, 1.3697250176972091, -3.5852539925626132, -2.438118108052849, 1.3483956395571086, -11.193117736792612, -9.276214669565316, -11.415679780258674, -6.802686695137624, 0.1387342341839124, -2.684305193104489]. 
1581.33; [3.503605322862103, 0.27497626352832005, -1.5736379272666028, 1.7494979750256905, 1.453940563480682, -10.438627472861224, 0.9361960740523845, -3.747500888691511, -2.439066901974426, 2.2240696391658084, -12.201538946048322, -8.238981096367683, -10.751840364507158, -6.699475554874361, 0.2823284283201318, -2.0139084889706584]. 
1542.14; [5.587279363421399, 0.4082356154617651, -0.4517839642724912, 3.3544468443549964, 0.4365271588650025, -9.966918025348834, 1.4362257458335324, -3.2402037623964346, -1.9125291863005716, 1.3671540615323277, -12.236692294831867, -10.086081973989968, -11.143337711138818, -6.4230967918148565, 0.12143627632171416, -2.3327085640116803]. 
1581.35; [6.483334218849899, -0.7886673837638901, 0.12716949793860877, 3.2044420769412545, 1.2584577972738888, -9.789675398303334, 1.692926850674122, -2.910282015404804, -1.9046661782122891, 1.3369043863138592, -11.564555880653675, -10.126096362967063, -11.91589152829859, -7.385179634762547, 0.35452088323190084, -2.4737560440600195]. 
1586.83; [5.724606575236067, 0.3250043354786763, 0.29029785241967737, 3.14924816618187, 0.45741459424688274, -9.92799856481226, 1.4537538818670412, -2.9468262804073726, -1.8075156230253477, 1.7613995356004957, -11.791840690849844, -11.33292987723414, -11.986786547053459, -6.51849921760735, 0.0903627885594103, -2.229771740796215]. 
1856.09; [4.090491815035284, 0.6119111312012111, -0.863272194023778, 2.45236543115494, 1.00318761441325, -10.203042139027492, 0.880496730570052, -3.470083256339526, -1.7743636421274585, 2.1946672401229863, -11.860327074679283, -10.170078537307736, -11.319254171681482, -6.266891736245633, 0.2078337605150014, -1.8179378255360095]. 
1632.28; [5.393343769780025, 0.4665451900266333, -0.4958062459746369, 3.395570879175981, 0.10763518464101263, -9.54188109204171, 1.7048093736883336, -3.1217356284132984, -1.7238039100632416, 1.2479278569564567, -11.997314749969052, -9.856753654138165, -11.348414209475793, -6.685170860824799, -0.5149722340382645, -2.259630203213998]. 
