
nSamples 100, nElitists 100, initialNoise 0.0, noiseStep 0.0: 
26.68; [-7.092245621360869, -7.400435101898975, -24.032690679614394, -0.5319358741347715, -12.199444672733806, 9.927046009330471, -3.138100189517958, 8.714020062177138, 9.056386441177333, 2.6799279556180737, -16.77598841858369, -26.02967033051562, 8.419503674663284, -16.170596474228304, 3.905007027372807]. 
61.1; [1.3049702444278637, 1.8554987625423247, -21.341449982067317, -0.15019520598241387, 1.7482146276927208, 5.457200478552221, -1.7502006206963152, -1.5932180504569051, -0.043957973878352874, 16.881867678309877, -28.68591148674023, -14.366682258271634, 3.7539062646745522, -12.224287903996432, -3.797625331985777]. 
84.9; [-1.1857426217487923, -12.787393090979077, -11.033536597112821, -11.264890510057633, -20.320312602500437, 7.06851193551905, 8.69810754437289, 16.59528900059656, 19.426668673165366, 23.082785403189604, -32.1051806458929, -36.03871677530522, -2.150332609235858, -49.83643373196871, 4.193839595037013]. 
115.44; [-6.830201503445324, -6.5972655131343885, -4.077839740776428, -1.2584560033961134, -11.274837196270742, 7.445363613951452, 4.973093657135534, 6.2030120724874545, 5.884496542282492, 2.681371412221624, -17.9474661575219, -8.623276323958425, -5.818055824257682, -26.01475612069903, -0.1758055235775804]. 
125.66; [-6.830201503445324, -6.5972655131343885, -4.077839740776428, -1.2584560033961134, -11.274837196270742, 7.445363613951452, 4.973093657135534, 6.2030120724874545, 5.884496542282492, 2.681371412221624, -17.9474661575219, -8.623276323958425, -5.818055824257682, -26.01475612069903, -0.1758055235775804]. 
159.2; [-3.7307929366801513, -12.741221541934278, -0.23657692881657688, -10.266158535575386, -10.11458776693228, 8.762947834073863, 13.23433493573139, 1.775096317093527, 10.131593810270713, 9.601710161218612, -22.095760808928368, -8.063194784352643, -3.077526028003276, -28.144623318128108, 3.814231195923677]. 
155.72; [-3.7307929366801513, -12.741221541934278, -0.23657692881657688, -10.266158535575386, -10.11458776693228, 8.762947834073863, 13.23433493573139, 1.775096317093527, 10.131593810270713, 9.601710161218612, -22.095760808928368, -8.063194784352643, -3.077526028003276, -28.144623318128108, 3.814231195923677]. 
152.43; [-3.7307929366801513, -12.741221541934278, -0.23657692881657688, -10.266158535575386, -10.11458776693228, 8.762947834073863, 13.23433493573139, 1.775096317093527, 10.131593810270713, 9.601710161218612, -22.095760808928368, -8.063194784352643, -3.077526028003276, -28.144623318128108, 3.814231195923677]. 
155.62; [-3.7307929366801513, -12.741221541934278, -0.23657692881657688, -10.266158535575386, -10.11458776693228, 8.762947834073863, 13.23433493573139, 1.775096317093527, 10.131593810270713, 9.601710161218612, -22.095760808928368, -8.063194784352643, -3.077526028003276, -28.144623318128108, 3.814231195923677]. 
174.96; [-3.7307929366801513, -12.741221541934278, -0.23657692881657688, -10.266158535575386, -10.11458776693228, 8.762947834073863, 13.23433493573139, 1.775096317093527, 10.131593810270713, 9.601710161218612, -22.095760808928368, -8.063194784352643, -3.077526028003276, -28.144623318128108, 3.814231195923677]. 
164.15; [-4.468356099269336, -6.814646463205027, -12.107982314974763, -8.918203600104876, -3.7512210070356877, 7.199991237915596, 0.34956031533413157, 1.251853650205626, 8.494124981719345, 17.520512265013227, -21.39475620642429, -12.805561422461267, -6.369430721132046, -22.48071789354536, -2.9532848224131243]. 
