
nSamples 100, nElitists 100, initialNoise 30.0, noiseStep -0.1: 
11.64; [8.931828120379556, -13.006578881614715, 5.871099526470206, 9.659652436800974, -4.390339031188845, 7.053962194703882, 8.661397464148838, 5.2473445443418045, -10.554248027000765, -7.909953509103486, -16.109578909272052, 9.857252101524514, -4.688913011424818, -19.88954848639404, -3.868664250587553]. 
181.15; [17.525482336722217, -17.50308289916304, 1.2626168714495278, 14.02707534942568, -31.513956897310422, 1.444457780756697, 1.7633563788021576, 5.600352840194289, -15.205010124373446, -1.2612720628807748, -52.585198316574136, -2.3667269639658506, -8.100719242419594, -35.59667214240502, -3.786304556820299]. 
174.8; [17.414243261391434, -42.9320243692553, 0.5830321609738043, 18.43733381394407, -68.44038328309608, 6.195500252004324, -4.722693573705112, 4.232961917291678, -26.811211460369076, 7.594481161514828, -98.92418700923363, -16.082170824705873, -9.519314857368233, -54.733963204571744, -15.665737924084105]. 
208.08; [34.095449647722795, -58.99620680501904, -6.09489865167777, 9.471143721943669, -83.45263443129159, 17.449781682080584, 11.06367920353874, 11.673672839659124, -43.71339582867728, 2.1015934739770925, -142.1920396536687, -26.053045023638276, -14.940512805413109, -102.72832878999303, -15.069015020750356]. 
341.42; [10.739639320193769, -9.718213000152598, -15.319881277483024, -9.075474515147802, -8.09389665338, -0.3289319673657545, -1.7793610935325093, -0.6583894746638217, -9.480173732824198, -24.756689280054623, -27.171481543170692, -7.702541810630099, -33.47041115902922, -18.337802887797217, -8.96117457395773]. 
359.24; [30.566419378460445, -60.34712195903366, -7.126627077966659, 20.230430114480487, -71.8859965894781, 24.82076579883697, 17.31920762217673, 26.93953669591528, -20.117023797545183, -5.5611734980343765, -129.08283235128766, -4.888068911523534, -24.06494637570529, -78.32892930275806, -2.412257430747859]. 
666.5; [16.266483809315705, -8.404518647180012, -6.301046841700036, 4.644778082936206, -7.150379125640363, -0.9042403269569039, -3.516628243431671, -1.3384736865818216, -10.485763381053573, -16.159262341863464, -35.38610904328179, -8.618399981062796, -21.571519143404217, -23.948161249656614, -9.174722620305243]. 
683.74; [16.266483809315705, -8.404518647180012, -6.301046841700036, 4.644778082936206, -7.150379125640363, -0.9042403269569039, -3.516628243431671, -1.3384736865818216, -10.485763381053573, -16.159262341863464, -35.38610904328179, -8.618399981062796, -21.571519143404217, -23.948161249656614, -9.174722620305243]. 
694.63; [16.266483809315705, -8.404518647180012, -6.301046841700036, 4.644778082936206, -7.150379125640363, -0.9042403269569039, -3.516628243431671, -1.3384736865818216, -10.485763381053573, -16.159262341863464, -35.38610904328179, -8.618399981062796, -21.571519143404217, -23.948161249656614, -9.174722620305243]. 
694.76; [23.6830763379984, -12.326826333594482, -8.462554557485142, -14.306851965320853, -14.365929726885994, -1.2637837267262064, -1.3064685726735554, -14.548883502198201, -1.3552168524234744, 15.449458199515771, -69.635084432334, -16.31740395546606, -38.907472699951654, -49.40383782634666, -20.535966295802226]. 
1181.66; [19.03782425258319, -28.618694030087756, -18.030193537201832, 10.279556202430118, -33.730606193741394, 13.745617464471826, 9.873420482084558, 2.026875066911969, -9.430950965841479, 10.53490209043608, -94.2034491310721, -10.03067845063497, -22.661203254068496, -45.444650600730114, -18.77589189811149]. 
1204.59; [19.03782425258319, -28.618694030087756, -18.030193537201832, 10.279556202430118, -33.730606193741394, 13.745617464471826, 9.873420482084558, 2.026875066911969, -9.430950965841479, 10.53490209043608, -94.2034491310721, -10.03067845063497, -22.661203254068496, -45.444650600730114, -18.77589189811149]. 
985.23; [19.03782425258319, -28.618694030087756, -18.030193537201832, 10.279556202430118, -33.730606193741394, 13.745617464471826, 9.873420482084558, 2.026875066911969, -9.430950965841479, 10.53490209043608, -94.2034491310721, -10.03067845063497, -22.661203254068496, -45.444650600730114, -18.77589189811149]. 
1297.21; [19.03782425258319, -28.618694030087756, -18.030193537201832, 10.279556202430118, -33.730606193741394, 13.745617464471826, 9.873420482084558, 2.026875066911969, -9.430950965841479, 10.53490209043608, -94.2034491310721, -10.03067845063497, -22.661203254068496, -45.444650600730114, -18.77589189811149]. 
1446.53; [18.666281278817316, -33.10401083840813, -0.20925189026793234, 12.42877690666362, -23.68370757047714, 13.518575234833671, 7.2968638685290825, 6.05617298249334, -17.629282127976587, 12.268160628395801, -81.42653047449129, -3.0310024472885377, -26.961283282202277, -49.026862132395095, -16.42958312241265]. 
1395.2; [27.800983864729872, -36.502604253168506, -19.12308388559989, 5.759517561823069, -20.342178833153184, 17.1751257918199, 6.856152483447999, -17.383156190383833, -6.649188494051867, 10.657524054601582, -98.7414320084915, -29.620726309145294, -38.33311322448639, -42.88897770798771, -29.408310129559418]. 
1722.87; [9.52914986694139, -23.963502964403368, -11.565010467976256, 3.059864206711543, -14.195166453295009, 0.957955151039334, 4.454431180315502, -4.28530121934185, -2.550309774360734, -6.851777646303554, -86.77874179805131, -28.342158494480962, -24.773628945391515, -22.176262048332106, -22.2325084926728]. 
2182.34; [17.268087253558456, -18.578037173030364, -0.3441314957265025, -4.461589733897954, -12.140849693875492, -16.516327402424672, 10.068072667604708, -3.472191548075835, -0.32985812271035897, 4.664512312293557, -60.98307423233353, -5.618288717547424, -43.045083131209296, -33.33701614779619, -10.77046570235048]. 
2087.49; [17.268087253558456, -18.578037173030364, -0.3441314957265025, -4.461589733897954, -12.140849693875492, -16.516327402424672, 10.068072667604708, -3.472191548075835, -0.32985812271035897, 4.664512312293557, -60.98307423233353, -5.618288717547424, -43.045083131209296, -33.33701614779619, -10.77046570235048]. 
2142.93; [17.268087253558456, -18.578037173030364, -0.3441314957265025, -4.461589733897954, -12.140849693875492, -16.516327402424672, 10.068072667604708, -3.472191548075835, -0.32985812271035897, 4.664512312293557, -60.98307423233353, -5.618288717547424, -43.045083131209296, -33.33701614779619, -10.77046570235048]. 
2848.24; [12.32655270347458, -17.339210642896457, -10.424942181618965, -17.875051061382493, -8.595078266630143, -9.744794868009459, 4.527206536951592, -0.2009548102602411, -6.511791287949405, 6.128667868048108, -87.27698444255124, -10.656945514449088, -26.310453632646805, -26.690827639290163, -25.549457086143647]. 
3315.28; [19.084216503007266, -29.573965003605608, -7.897611117561054, -6.33341474986919, -9.591337909540261, 6.33797464038443, 1.3442300739083413, 1.7795771412304768, -5.735479919266094, 2.4373243212432465, -83.91861860468586, 6.552851959358774, -35.12101424383275, -44.01878963615641, -18.651514724441622]. 
2844.23; [19.084216503007266, -29.573965003605608, -7.897611117561054, -6.33341474986919, -9.591337909540261, 6.33797464038443, 1.3442300739083413, 1.7795771412304768, -5.735479919266094, 2.4373243212432465, -83.91861860468586, 6.552851959358774, -35.12101424383275, -44.01878963615641, -18.651514724441622]. 
2807.86; [22.08064916714876, -31.816111618897448, -6.979583960777524, 3.761593359251377, -18.283944757178126, 1.7498228802560352, -7.126894086990982, -10.880698598719237, -30.541058434712383, -4.612029389340549, -132.06100882478046, -14.28371340022951, -38.1576757506126, -38.9789323723593, -28.44281685849156]. 
4484.1; [24.848111933862373, -23.256526457945917, -11.21388433136913, -13.193884312975324, 2.0681522221064377, 7.998221165065922, 16.603461478747228, 10.662894190565096, 6.575203022246793, -1.8723742972999533, -82.51922684897174, -24.593074831747707, -38.41507418201162, -38.78138817909504, -27.176085657090294]. 
3995.89; [24.848111933862373, -23.256526457945917, -11.21388433136913, -13.193884312975324, 2.0681522221064377, 7.998221165065922, 16.603461478747228, 10.662894190565096, 6.575203022246793, -1.8723742972999533, -82.51922684897174, -24.593074831747707, -38.41507418201162, -38.78138817909504, -27.176085657090294]. 
3225.55; [24.848111933862373, -23.256526457945917, -11.21388433136913, -13.193884312975324, 2.0681522221064377, 7.998221165065922, 16.603461478747228, 10.662894190565096, 6.575203022246793, -1.8723742972999533, -82.51922684897174, -24.593074831747707, -38.41507418201162, -38.78138817909504, -27.176085657090294]. 
3939.07; [23.107283879509747, -26.728900206892618, -0.16083868376880517, -1.3336037725020566, 0.7514676394391628, -15.706495158558981, -5.536042154257012, -5.092382638496521, -16.459028897384762, -8.555450413564062, -81.5790467127975, -3.8929225906780722, -39.43243317263856, -22.2190714527885, -15.624735435914882]. 
4335.81; [23.107283879509747, -26.728900206892618, -0.16083868376880517, -1.3336037725020566, 0.7514676394391628, -15.706495158558981, -5.536042154257012, -5.092382638496521, -16.459028897384762, -8.555450413564062, -81.5790467127975, -3.8929225906780722, -39.43243317263856, -22.2190714527885, -15.624735435914882]. 
3967.69; [27.62229506308949, -37.935020456309466, -1.596180372473615, 4.228212455996152, -14.702084999795598, 6.267466541504908, 3.4449897314939686, 6.432011872549619, -1.0458294053290116, 4.134539986695034, -115.21660864925076, -25.879501639846502, -55.42800425358813, -51.04691261860735, -33.0211129720099]. 
4359.25; [27.62229506308949, -37.935020456309466, -1.596180372473615, 4.228212455996152, -14.702084999795598, 6.267466541504908, 3.4449897314939686, 6.432011872549619, -1.0458294053290116, 4.134539986695034, -115.21660864925076, -25.879501639846502, -55.42800425358813, -51.04691261860735, -33.0211129720099]. 
4011.99; [33.96328442041732, -44.98843613074513, -11.06607633195245, -1.5176078992238227, -10.772772814756, -5.689204237893318, 7.607000317330838, 3.5095393915709456, -4.7396562690574875, 5.026212399430166, -96.1716647452979, -18.94727627750164, -45.6018686601805, -45.779163297332396, -27.187538704062156]. 
4221.18; [37.69069006907886, -38.02585364925103, -4.224412166215293, -13.164525552249174, -5.0379189953188535, -11.092277521386112, 3.044152984873471, 7.4961115559941245, -8.214603138156683, -4.1085489114432505, -97.50785236014455, -25.317865397936952, -58.36962185298077, -41.400851753073574, -19.26777334879457]. 
5259.29; [25.475520053787232, -23.031193312000354, 0.2924459135021955, -0.8222326660391761, -7.201478062274933, -11.570539209094727, -8.231611265625657, -13.19501506484883, -8.949350786070724, -6.13132459388175, -93.27099579654295, -17.98679901723424, -50.098919494965145, -32.68058278308845, -17.850758320682676]. 
4747.24; [37.69069006907886, -38.02585364925103, -4.224412166215293, -13.164525552249174, -5.0379189953188535, -11.092277521386112, 3.044152984873471, 7.4961115559941245, -8.214603138156683, -4.1085489114432505, -97.50785236014455, -25.317865397936952, -58.36962185298077, -41.400851753073574, -19.26777334879457]. 
6218.26; [36.75725300037691, -36.25095796293958, -3.060307660243957, -0.9147525094228355, -16.97351520006814, 10.545226459197467, 13.0438908450115, 11.7702307074187, 9.14970457190378, 13.553640223275858, -124.64919857419547, -35.27052039962723, -36.971373135135224, -57.862002488301876, -26.823721684739287]. 
5848.98; [36.75725300037691, -36.25095796293958, -3.060307660243957, -0.9147525094228355, -16.97351520006814, 10.545226459197467, 13.0438908450115, 11.7702307074187, 9.14970457190378, 13.553640223275858, -124.64919857419547, -35.27052039962723, -36.971373135135224, -57.862002488301876, -26.823721684739287]. 
5710.67; [39.91799612378656, -34.52747786489225, -7.041228528110137, 3.128069048109869, -6.684465561157766, -0.6630956776665136, 21.918303141907465, 17.03989207983607, 14.122459918529504, -2.7167122036781644, -110.35934154361802, -41.8161181127926, -52.83803661723043, -56.973411804400165, -40.92393070598692]. 
5525.62; [39.679463094364806, -34.535997608852, -3.5089852432715736, 5.413640558222208, -10.33880571308303, -0.18049973624788784, 7.0972652018329585, -3.56226317653013, -6.650676624177979, 11.501612972837234, -110.15697313369922, -24.848420619078617, -50.35837110257145, -47.23951004681131, -29.44042957307771]. 
5654.61; [20.557303506580347, -31.759888420713743, -6.685305453689664, -12.00562026283643, -9.659928142200014, -6.8936759653519415, 11.051038410322487, -8.739813611670256, -9.812729675787157, -0.7405217663656912, -110.28830358514044, -6.071863088869403, -43.77881466618478, -38.43339249111044, -22.895500643937357]. 
5363.62; [23.613350582738185, -25.83348741394194, -6.243117492038529, -5.461057675246887, -1.5321167401848275, -12.229331663342036, -5.249634962626312, -6.392149796779207, 2.9278769000792595, 0.03441530205337462, -110.9279154294441, -14.810333936480257, -31.860667284645054, -25.29320539068634, -14.813931251911253]. 
6581.6; [32.0210627828806, -31.335568767062128, 2.0918706735275023, -2.945192149663674, -7.770293755240759, -2.230039275987988, 3.410065251109283, 9.02943923570197, 7.992788930480545, 5.46631941567399, -102.21034450537869, -19.756791647561016, -36.056079262428334, -45.664832763854534, -27.65328675164085]. 
6103.31; [49.14439817165073, -41.55139698881783, -9.376735402150933, -15.151963820934796, -9.633882804623665, -18.222769516173624, 5.094341671537007, -2.082824018809877, 9.51065579864133, 2.102946413771854, -133.37802602654045, -49.64167773526111, -61.839818252590675, -39.867519292031254, -36.247600556167455]. 
6116.28; [26.709270026804674, -20.680914161808133, -2.1028763308153877, -1.8328796067315456, -4.7119605828171025, -6.9750343580828655, -5.835066263341354, 2.2496602059989748, -1.1819598303908212, 1.6999418886917739, -114.65800313276524, -31.33021825328725, -39.423609696184535, -32.082515821029794, -24.38058123621769]. 
6161.97; [34.29328992880153, -19.503937811961077, -8.165141372397443, -4.7121585668186405, -8.77517271949073, -12.514997951790992, 11.855273131383122, 0.33500678882487067, 8.24922855455044, 5.028146662155993, -115.30026607505322, -38.16721895469495, -46.98024586866594, -39.88942452390093, -38.23420247476724]. 
6603.84; [32.0210627828806, -31.335568767062128, 2.0918706735275023, -2.945192149663674, -7.770293755240759, -2.230039275987988, 3.410065251109283, 9.02943923570197, 7.992788930480545, 5.46631941567399, -102.21034450537869, -19.756791647561016, -36.056079262428334, -45.664832763854534, -27.65328675164085]. 
7270.22; [39.954924141953214, -29.17736170032822, 8.438540434370537, -3.5954707874396186, -6.7753434147560965, -16.74798077594032, -5.391485496193441, -11.605878528712216, -8.205397665147357, -2.7177136490586786, -131.9255479810734, -24.444043929232922, -39.634677610742656, -25.18517998734747, -17.446506458405025]. 
5959.09; [32.0210627828806, -31.335568767062128, 2.0918706735275023, -2.945192149663674, -7.770293755240759, -2.230039275987988, 3.410065251109283, 9.02943923570197, 7.992788930480545, 5.46631941567399, -102.21034450537869, -19.756791647561016, -36.056079262428334, -45.664832763854534, -27.65328675164085]. 
7099.26; [31.602183292057294, -35.21540822866162, 3.5732479128236987, -8.17259326829681, -4.864804438133737, -5.19542206795295, 10.042189093107389, -0.20077704528509943, -2.3080237621370863, 3.1463712647770876, -103.99135761236742, -38.566087414384015, -52.60238796223442, -39.284615431376054, -34.92627735900473]. 
7099.43; [32.0210627828806, -31.335568767062128, 2.0918706735275023, -2.945192149663674, -7.770293755240759, -2.230039275987988, 3.410065251109283, 9.02943923570197, 7.992788930480545, 5.46631941567399, -102.21034450537869, -19.756791647561016, -36.056079262428334, -45.664832763854534, -27.65328675164085]. 
6943.6; [43.10169651546992, -24.960486340454516, -10.987598556219554, -17.170541039839087, -7.334876895365976, -7.009446656663937, -3.978932346411316, -11.079168557176288, -2.0738081259526, -1.180962326622843, -149.1101587563052, -32.78083058357647, -66.53668544479487, -44.46804304525355, -26.867055163325084]. 
7155.81; [32.09646128385339, -29.970047963749703, -1.6235543150028198, -6.726683594141332, -15.316283449636682, -20.93762562615776, 8.00407206239801, -9.476225650108699, -14.098425592104839, -5.551618901700326, -139.18280788400932, -27.041956248595735, -54.919143184692835, -33.128610402562806, -41.314188059417276]. 
6985.21; [37.82617995841646, -40.90888073803009, -4.000174546432753, -6.903505831023363, -8.298866575011006, -3.0192120515275236, 6.076941633876048, -0.6750888860281967, -4.512703604888445, -2.5731849166707654, -126.41018910292073, -29.343786405194674, -61.157388845889116, -48.146555211695016, -23.18000136917057]. 
6968.81; [32.643912708279885, -32.415116174759426, -6.601080633022628, -2.754691709044433, -12.662768373162873, -13.434864738623075, 3.555688056639378, -3.658183511294112, -5.116976572578385, 4.667765480055702, -128.46462272904384, -29.497400199526282, -53.36836666627091, -43.94822898392921, -29.66110328481518]. 
8052.28; [51.429783176540745, -45.488659813348, -5.2930414928085305, -12.371640007399357, -6.575010598942242, -18.610771344951516, -0.5547961504261227, -9.641446427014747, -10.080627131656229, -8.50733671533915, -174.79963015995864, -31.345741705427393, -47.508824014253726, -36.08531750442679, -39.10813118294763]. 
9135.03; [51.429783176540745, -45.488659813348, -5.2930414928085305, -12.371640007399357, -6.575010598942242, -18.610771344951516, -0.5547961504261227, -9.641446427014747, -10.080627131656229, -8.50733671533915, -174.79963015995864, -31.345741705427393, -47.508824014253726, -36.08531750442679, -39.10813118294763]. 
8954.09; [56.486735342830755, -32.308710153166736, -2.0217167752610976, -3.6012382748683405, -3.6975598519248454, -14.866163547990148, 7.383653691664167, -1.6247375454383979, 2.498413055189382, -4.6164380403083936, -158.6801560426441, -29.25966612759141, -53.48526096986017, -58.44609768407331, -34.16105633027603]. 
9715.39; [51.429783176540745, -45.488659813348, -5.2930414928085305, -12.371640007399357, -6.575010598942242, -18.610771344951516, -0.5547961504261227, -9.641446427014747, -10.080627131656229, -8.50733671533915, -174.79963015995864, -31.345741705427393, -47.508824014253726, -36.08531750442679, -39.10813118294763]. 
8770.21; [39.6452465678254, -38.31494460273492, -2.21790793509525, -13.89493549327012, 1.5736933539285332, -20.466222203957606, 3.0281971269107983, -8.443942744679232, -13.546317158022076, -13.31225477736248, -150.80584245390563, -24.39569493988514, -63.93759651402632, -43.93008320038355, -29.13039698271397]. 
8089.43; [51.429783176540745, -45.488659813348, -5.2930414928085305, -12.371640007399357, -6.575010598942242, -18.610771344951516, -0.5547961504261227, -9.641446427014747, -10.080627131656229, -8.50733671533915, -174.79963015995864, -31.345741705427393, -47.508824014253726, -36.08531750442679, -39.10813118294763]. 
8985.94; [51.429783176540745, -45.488659813348, -5.2930414928085305, -12.371640007399357, -6.575010598942242, -18.610771344951516, -0.5547961504261227, -9.641446427014747, -10.080627131656229, -8.50733671533915, -174.79963015995864, -31.345741705427393, -47.508824014253726, -36.08531750442679, -39.10813118294763]. 
11329.14; [48.96012472354258, -32.88610722252579, -1.0851126769802928, -7.798436704551895, -0.645563799916169, -11.094031926819875, 2.876310945502901, -7.040385811491171, 3.168301355553062, 5.194255908131694, -162.96386420433976, -38.01950139206886, -45.08757502240955, -46.02427213560566, -34.81015920063419]. 
