
nSamples 100, nElitists 100, initialNoise 50.0, noiseStep -0.1, height 14: 
1. Score 14.25; {-8.328773234995118, -10.133341318077122, 0.7181207079179157, 1.7365580654470265, -4.772695710593525, 0.033279311595416666, 9.171314335373058, 6.529663968948873, -9.064047628667112, -7.764992156230809, -5.73397939055236, -0.720042286989494, 1.4120237488393361, -8.931665160121637, -17.131334396824137, -15.14426954148119}. 
2. Score 40.43; {17.247273728761513, -43.096966457867325, -3.2002688082629502, -4.978515118313648, 3.6953584554165326, -8.170032383340653, -6.916271717685381, 7.22653122889372, -22.36018672162608, 29.378987490596206, -15.635293913652248, -23.17689084625692, -19.405573153061773, -13.404376287835547, -20.92082468391406, -26.095494191740706}. 
3. Score 74.6; {5.313067886345859, -28.283312790826166, 2.5960784294315205, -3.8712913821505053, -13.073279583741055, 16.792215999315093, -11.168231814405893, -4.242368876284981, -6.905965033134191, 15.975168993970717, -13.75572744033091, -20.26796631939016, -5.687112448965011, -26.022357819883958, -3.0698717259159203, -28.62178373460363}. 
4. Score 105.54; {5.681912576559941, -35.14523293495526, -14.365785420447734, -4.963145251480897, -28.17888150877353, -11.553383806555823, -17.74192755976838, -6.293411818422041, -20.760885146782577, -11.288643666540754, -25.53973788122123, -3.2123171536061346, -1.4807097850240423, -15.510410862123196, -28.321672074883807, -29.90909985406617}. 
5. Score 154.67; {8.370421996937925, -30.098115677754535, 20.994978940154525, 13.43420936916321, -25.62762061424876, -5.013161189651628, -17.85171810492792, 2.203144661673745, -12.293238775116532, 9.025367827531179, -30.654555266008593, -14.098453281951928, -23.73629331368268, -24.174984600325025, -4.566248853365462, -33.52684782744528}. 
6. Score 133.99; {18.706955061987774, -29.319198594328384, 3.766484386228637, 9.834519595996717, -9.437574099409566, -11.384661121305422, -23.778808620038813, -10.81217860450806, -14.723123681110438, -2.6571858290989567, -35.57097360564823, -14.186804134784788, -15.681850980624807, -31.988237756064443, -10.58243081921809, -26.21241036418477}. 
7. Score 164.45; {16.981265516389612, -29.805513994902544, -9.22773729127019, 6.218378021496915, -25.798072107177184, -9.281742173953884, -9.344059643105474, -20.403293585237, -18.93505934106541, 0.3743687958283388, -25.407536306799244, -30.070150044006823, -20.79824945542616, -28.980423680597767, -13.978738608290941, -31.141820890158044}. 
8. Score 160.02; {35.17478659636469, -49.880550670829166, 0.18333326832457608, -1.2807238133534384, -34.469644053655934, -5.552485147130947, -49.24600264003544, -20.61739542555445, -23.268193723053503, 18.81367726078687, -50.628566655673666, -29.36884164428281, -37.02970290552123, -30.303721901273224, -21.48740114265295, -34.28396472979063}. 
9. Score 342.7; {31.76407142858863, -26.442012524948392, -12.853011370871027, 14.79498954928949, -18.59542644245485, -0.006874560298820498, 0.06337597678102114, -4.436963690343745, -24.23221194934638, -0.6098890369660541, -48.60335942695366, -2.1590939520385746, -11.11048664418583, -35.04214751661622, -1.3739112426150903, -22.560651334517793}. 
10. Score 314.33; {31.76407142858863, -26.442012524948392, -12.853011370871027, 14.79498954928949, -18.59542644245485, -0.006874560298820498, 0.06337597678102114, -4.436963690343745, -24.23221194934638, -0.6098890369660541, -48.60335942695366, -2.1590939520385746, -11.11048664418583, -35.04214751661622, -1.3739112426150903, -22.560651334517793}. 
11. Score 272.56; {31.76407142858863, -26.442012524948392, -12.853011370871027, 14.79498954928949, -18.59542644245485, -0.006874560298820498, 0.06337597678102114, -4.436963690343745, -24.23221194934638, -0.6098890369660541, -48.60335942695366, -2.1590939520385746, -11.11048664418583, -35.04214751661622, -1.3739112426150903, -22.560651334517793}. 
12. Score 373.7; {31.76407142858863, -26.442012524948392, -12.853011370871027, 14.79498954928949, -18.59542644245485, -0.006874560298820498, 0.06337597678102114, -4.436963690343745, -24.23221194934638, -0.6098890369660541, -48.60335942695366, -2.1590939520385746, -11.11048664418583, -35.04214751661622, -1.3739112426150903, -22.560651334517793}. 
13. Score 378.69; {25.802691443856983, -38.84922475098086, -20.072782308824305, -1.7039628194256262, -47.8135133971072, -24.882736169004254, -23.402329833469906, -21.595126929196873, -23.22855516906652, -1.917965061685182, -56.64324924502209, -14.610334842115169, -51.04909887803205, -40.554044245558735, -20.995465006036945, -25.751111404769837}. 
14. Score 425.02; {25.802691443856983, -38.84922475098086, -20.072782308824305, -1.7039628194256262, -47.8135133971072, -24.882736169004254, -23.402329833469906, -21.595126929196873, -23.22855516906652, -1.917965061685182, -56.64324924502209, -14.610334842115169, -51.04909887803205, -40.554044245558735, -20.995465006036945, -25.751111404769837}. 
15. Score 356.21; {25.802691443856983, -38.84922475098086, -20.072782308824305, -1.7039628194256262, -47.8135133971072, -24.882736169004254, -23.402329833469906, -21.595126929196873, -23.22855516906652, -1.917965061685182, -56.64324924502209, -14.610334842115169, -51.04909887803205, -40.554044245558735, -20.995465006036945, -25.751111404769837}. 
16. Score 603.86; {34.1182531589743, -31.121002373900197, -1.5663063802372488, 10.16043698791407, -32.17121599115426, 3.3887504738649135, -13.13197687598262, -15.268975358334103, -41.66544174655764, -3.581397947118001, -66.77212952808323, -22.35471443617081, -60.38550991815557, -50.664206118767495, -14.314874426062582, -47.35578069359827}. 
17. Score 605.6; {12.889559804754558, -12.071619417711908, -23.873691729863204, 0.912459254027853, -2.5418145014077496, -10.219045935715386, -35.82184482780096, -6.477715528255119, -23.85687955173951, 2.895832729404677, -71.11230319823474, -9.355211722312108, -43.234759568412905, -27.73682560011703, -18.385866066055772, -11.936043143463149}. 
18. Score 919.69; {27.412385503806647, -24.244596816245583, -18.862190616217987, 3.4886177386878416, -16.29881508306284, -10.200137618524117, -15.19484043586877, -20.507058848551814, -27.72700021537008, -9.775695158409732, -66.38595911508726, -0.3181445184155187, -48.63876448836479, -40.59968784393375, -14.668224505886041, -32.01875210740066}. 
19. Score 961.75; {27.412385503806647, -24.244596816245583, -18.862190616217987, 3.4886177386878416, -16.29881508306284, -10.200137618524117, -15.19484043586877, -20.507058848551814, -27.72700021537008, -9.775695158409732, -66.38595911508726, -0.3181445184155187, -48.63876448836479, -40.59968784393375, -14.668224505886041, -32.01875210740066}. 
20. Score 933.01; {27.412385503806647, -24.244596816245583, -18.862190616217987, 3.4886177386878416, -16.29881508306284, -10.200137618524117, -15.19484043586877, -20.507058848551814, -27.72700021537008, -9.775695158409732, -66.38595911508726, -0.3181445184155187, -48.63876448836479, -40.59968784393375, -14.668224505886041, -32.01875210740066}. 
Average performance now of best params: 1573.83
21. Score 897.52; {61.98835341135916, -28.554593880298306, 5.759646670431042, 31.36902068155348, -16.22207246219758, -16.895447930369173, -4.800920357842337, -4.760279472727941, -28.097293104700213, -2.103328612239055, -84.04261360815795, -26.395586782519395, -42.35402823938331, -32.31562539986353, -45.262414924075486, -35.59875663783975}. 
22. Score 1094.42; {27.412385503806647, -24.244596816245583, -18.862190616217987, 3.4886177386878416, -16.29881508306284, -10.200137618524117, -15.19484043586877, -20.507058848551814, -27.72700021537008, -9.775695158409732, -66.38595911508726, -0.3181445184155187, -48.63876448836479, -40.59968784393375, -14.668224505886041, -32.01875210740066}. 
23. Score 1383.73; {38.69328284570889, -13.73066540376309, -10.123394177416536, 2.9183816702431558, -25.963816797925816, -18.788616365173873, -10.96562309585346, -9.304061078556263, -28.822407926029154, -13.646464010064284, -74.73524761274683, -20.258812667876526, -87.27977054324079, -49.14794308255355, -14.423191511384415, -33.84310839798095}. 
24. Score 1072.94; {22.626592514965978, -26.355793952496406, -7.374809374280771, -2.7271048452431987, -14.43007692258439, -11.418455139487111, -28.310188606063413, -20.053362292108694, -24.148802191386736, -3.266303178022695, -80.0918608202167, -11.316615917609992, -45.21638429855928, -37.500454599497644, -2.598916786864308, -13.522767774564898}. 
25. Score 1239.55; {26.008979079821586, -34.27627216787057, -20.836088408088216, -17.255775781092073, -10.768083526484624, -11.97167814977815, -7.826548179757939, -15.227669610291143, -22.6747924220129, -9.70236206632598, -46.862065266417886, -25.651100297724263, -68.32012234885461, -26.108975554029932, -5.764162548726858, -12.016898805656034}. 
26. Score 1569.45; {25.397259986566162, -25.282144525171603, 1.920239009801703, -27.688927306760252, -4.77449039854335, -22.814672839916774, -4.229479060935761, -10.349268261574506, -32.313080859793644, -0.2549668378094774, -62.773736949436845, -2.5009161992716695, -79.14284146123443, -41.5802677909242, -4.057550437053266, -13.537177918440051}. 
27. Score 1760.16; {62.54774863115709, -52.42487727275161, -21.11294204376798, 0.8173976168957722, -17.35043477376311, -27.174001493194847, -27.40463021897584, -2.9495633815385975, -47.80168413419206, -22.046983788927072, -110.7576954446427, -11.6520327881711, -80.38705827537665, -30.12911187069452, -36.21567195682068, -18.668702935629447}. 
28. Score 2017.03; {62.54774863115709, -52.42487727275161, -21.11294204376798, 0.8173976168957722, -17.35043477376311, -27.174001493194847, -27.40463021897584, -2.9495633815385975, -47.80168413419206, -22.046983788927072, -110.7576954446427, -11.6520327881711, -80.38705827537665, -30.12911187069452, -36.21567195682068, -18.668702935629447}. 
29. Score 2280.76; {33.753591645512586, -42.21322208427884, 7.179404779804803, 20.783755249142448, -29.115726953221568, -11.367781831826228, -8.868435400183209, -5.264351991945487, -30.05825241746782, -25.71914589723699, -91.39162067956266, -2.0708288310278675, -63.79678698821979, -39.10115195596437, -24.7951018641763, -7.624922051056249}. 
30. Score 2291.09; {33.753591645512586, -42.21322208427884, 7.179404779804803, 20.783755249142448, -29.115726953221568, -11.367781831826228, -8.868435400183209, -5.264351991945487, -30.05825241746782, -25.71914589723699, -91.39162067956266, -2.0708288310278675, -63.79678698821979, -39.10115195596437, -24.7951018641763, -7.624922051056249}. 
31. Score 2985.82; {44.356251398236694, -26.00821114799885, -7.083771808363785, -11.823617600405552, 7.070447420444019, -15.789685282637846, 1.3834891343373794, -20.991039491297286, -37.55774362615869, -12.699581158040967, -103.5051702346565, -22.872866806364, -68.60742883300327, -36.870218058652696, -30.209464015515156, -21.441543132603883}. 
32. Score 2990.66; {44.356251398236694, -26.00821114799885, -7.083771808363785, -11.823617600405552, 7.070447420444019, -15.789685282637846, 1.3834891343373794, -20.991039491297286, -37.55774362615869, -12.699581158040967, -103.5051702346565, -22.872866806364, -68.60742883300327, -36.870218058652696, -30.209464015515156, -21.441543132603883}. 
33. Score 3208.26; {44.356251398236694, -26.00821114799885, -7.083771808363785, -11.823617600405552, 7.070447420444019, -15.789685282637846, 1.3834891343373794, -20.991039491297286, -37.55774362615869, -12.699581158040967, -103.5051702346565, -22.872866806364, -68.60742883300327, -36.870218058652696, -30.209464015515156, -21.441543132603883}. 
34. Score 3294.63; {44.356251398236694, -26.00821114799885, -7.083771808363785, -11.823617600405552, 7.070447420444019, -15.789685282637846, 1.3834891343373794, -20.991039491297286, -37.55774362615869, -12.699581158040967, -103.5051702346565, -22.872866806364, -68.60742883300327, -36.870218058652696, -30.209464015515156, -21.441543132603883}. 
35. Score 3034.84; {47.975482799401505, -37.939698482971195, -3.908077734267626, -8.243471812043428, -10.014562838486821, -19.00673379307598, -14.183261865260489, -8.145867433294372, -29.383466108294343, -21.769361154501507, -115.05152024779791, 14.192260280523202, -74.43613103596755, -46.589420308859594, -18.2586682139773, -21.149799248752895}. 
36. Score 3612.88; {47.53261207273475, -32.155625605421434, -15.542280199050204, -2.606852561857276, -5.467719757375415, -14.756644200785175, -16.55293192468304, -8.257272156776956, -38.649800019595254, -33.44891124576365, -107.42790711602593, -46.27526904083862, -106.0044141932853, -39.458284945158795, -39.709449035205544, -3.438536397504926}. 
37. Score 3474.16; {47.007256083528, -47.681423449260706, -13.508316188581784, -18.863718118521376, -12.230475453773575, -25.671559366936727, -4.552838845205243, -23.244275560045615, -26.961646506604286, -11.844803665851595, -120.80388188032742, -36.57538339361189, -103.75056942897425, -54.581504887319085, -38.470103275679215, -22.12674164573889}. 
38. Score 4412.42; {46.57730581244104, -42.78111497505856, -5.1134398983760025, 3.479593117959433, -23.63182910322623, -18.92520929222693, -4.21162715837495, -13.696084940187571, -20.878112792545984, -8.18055373772815, -99.00924129994841, -15.637923529318455, -70.09415729924719, -41.23918911655207, -27.903008596602337, -9.609767481443889}. 
39. Score 5095.06; {53.48317925241584, -48.64281505769941, 1.0370225379678972, -9.567151301695235, -2.2653603635913555, -23.669666351998043, -2.314803311978306, -11.564982566306307, -21.89796725310245, -16.976593291991968, -104.68131075286058, -40.072146422696115, -86.14444037485117, -36.498147587018416, -31.30771202658324, 0.1733554548689682}. 
40. Score 4293.79; {53.48317925241584, -48.64281505769941, 1.0370225379678972, -9.567151301695235, -2.2653603635913555, -23.669666351998043, -2.314803311978306, -11.564982566306307, -21.89796725310245, -16.976593291991968, -104.68131075286058, -40.072146422696115, -86.14444037485117, -36.498147587018416, -31.30771202658324, 0.1733554548689682}. 
Average performance now of best params: 128714.72
41. Score 5138.14; {51.60883482687529, -59.57470563676321, -7.681862302363611, 1.80073191251331, -8.835376905213417, -34.16587821809634, -1.5254269560811702, -26.928478319270898, -24.831110588123227, -31.02426681119168, -144.0974202973265, -18.55237081173197, -76.35885678541057, -36.218436175078004, -39.151827328427125, -7.535097355713123}. 
42. Score 5167.73; {51.60883482687529, -59.57470563676321, -7.681862302363611, 1.80073191251331, -8.835376905213417, -34.16587821809634, -1.5254269560811702, -26.928478319270898, -24.831110588123227, -31.02426681119168, -144.0974202973265, -18.55237081173197, -76.35885678541057, -36.218436175078004, -39.151827328427125, -7.535097355713123}. 
43. Score 5886.39; {51.60883482687529, -59.57470563676321, -7.681862302363611, 1.80073191251331, -8.835376905213417, -34.16587821809634, -1.5254269560811702, -26.928478319270898, -24.831110588123227, -31.02426681119168, -144.0974202973265, -18.55237081173197, -76.35885678541057, -36.218436175078004, -39.151827328427125, -7.535097355713123}. 
44. Score 5737.45; {53.257768556884, -48.70457351454591, -11.737310621137448, -9.679659305785675, -8.340118517727594, -29.03784364096694, -12.267543935907455, -20.877884690213378, -34.43148419810188, -20.08292803165334, -149.605876677541, -14.752605576537665, -92.00753959747342, -46.97700751576628, -35.55068135774333, -10.822713510025741}. 
45. Score 6432.2; {51.60883482687529, -59.57470563676321, -7.681862302363611, 1.80073191251331, -8.835376905213417, -34.16587821809634, -1.5254269560811702, -26.928478319270898, -24.831110588123227, -31.02426681119168, -144.0974202973265, -18.55237081173197, -76.35885678541057, -36.218436175078004, -39.151827328427125, -7.535097355713123}. 
46. Score 7408.59; {53.257768556884, -48.70457351454591, -11.737310621137448, -9.679659305785675, -8.340118517727594, -29.03784364096694, -12.267543935907455, -20.877884690213378, -34.43148419810188, -20.08292803165334, -149.605876677541, -14.752605576537665, -92.00753959747342, -46.97700751576628, -35.55068135774333, -10.822713510025741}. 
47. Score 6625.55; {53.255837690643254, -39.83789783629178, 9.509407620117589, -13.493943599693058, 3.461765397923899, -9.05125348647734, 5.4225289926384, -8.990861566083964, -10.983019440161595, 2.2781151723459736, -117.89220318536417, -31.206519881034428, -82.50546932487413, -51.648224957977426, -24.723133447392467, -10.227466576839728}. 
48. Score 6182.89; {45.74207278226393, -42.79072889888731, -16.48645787850479, 1.911819727505872, -15.955229005284174, -43.62297464624983, -35.38179282536019, -34.949970959926894, -32.16431545901466, -30.35349244253852, -164.78682575982404, -30.62544721837354, -82.00941887244142, -9.633489127806424, -26.992126881963934, -4.161016286019873}. 
49. Score 7296.76; {53.257768556884, -48.70457351454591, -11.737310621137448, -9.679659305785675, -8.340118517727594, -29.03784364096694, -12.267543935907455, -20.877884690213378, -34.43148419810188, -20.08292803165334, -149.605876677541, -14.752605576537665, -92.00753959747342, -46.97700751576628, -35.55068135774333, -10.822713510025741}. 
50. Score 6864.37; {53.255837690643254, -39.83789783629178, 9.509407620117589, -13.493943599693058, 3.461765397923899, -9.05125348647734, 5.4225289926384, -8.990861566083964, -10.983019440161595, 2.2781151723459736, -117.89220318536417, -31.206519881034428, -82.50546932487413, -51.648224957977426, -24.723133447392467, -10.227466576839728}. 
51. Score 6434.11; {53.257768556884, -48.70457351454591, -11.737310621137448, -9.679659305785675, -8.340118517727594, -29.03784364096694, -12.267543935907455, -20.877884690213378, -34.43148419810188, -20.08292803165334, -149.605876677541, -14.752605576537665, -92.00753959747342, -46.97700751576628, -35.55068135774333, -10.822713510025741}. 
52. Score 6603.98; {50.121330573283196, -48.893844423554235, -16.679227646286765, -8.491274181517843, -14.626884264048222, -37.92151869960112, -9.059214064742825, -24.94651144158464, -36.484609911163375, -23.289791683776215, -173.642242336811, -26.874549744954706, -75.0013535568053, -33.62068009589243, -40.48913948713624, -2.053241933291675}. 
53. Score 6587.23; {50.121330573283196, -48.893844423554235, -16.679227646286765, -8.491274181517843, -14.626884264048222, -37.92151869960112, -9.059214064742825, -24.94651144158464, -36.484609911163375, -23.289791683776215, -173.642242336811, -26.874549744954706, -75.0013535568053, -33.62068009589243, -40.48913948713624, -2.053241933291675}. 
54. Score 8024.44; {65.5618583862886, -30.00580023442639, -4.5411293699086, -0.6267792842354467, -8.22873305580087, -40.51029984870994, -21.604255529366835, -24.532376717621055, -31.54164548916454, -38.04570241674372, -148.52300921940733, -52.35725851603344, -108.41651037330718, -24.380466097692555, -36.64710919730152, -6.690706847536721}. 
55. Score 8036.11; {60.7968635437016, -43.24587652469885, 10.299927948874714, -10.74594710321153, -12.73322907698012, -22.898330826717995, -1.3339945172484136, -21.11750518964379, -21.869979136466867, -25.19619196579947, -146.11873991981665, -43.61251241938389, -85.08077497755502, -37.51121964325499, -32.69243154088517, -4.243825554316567}. 
56. Score 7733.5; {61.74272510144343, -47.333260461454145, 4.355753490678742, 4.706521828342392, -12.158764510189773, -39.37000594717951, -34.42937402193563, -23.593551067084434, -42.40118868932862, -45.80853124289355, -169.43892778654953, -42.11667507862377, -109.72315519424711, -37.416356052635045, -37.01912255960214, -8.465133940904572}. 
57. Score 7733.72; {43.77378028523061, -29.47466557777413, 1.2600461718567688, -8.026895021615339, -8.854872579832325, -35.10169174394454, -4.00045370963397, -14.24363614986949, -22.511280407417704, -32.358520521606266, -132.67279868769504, -32.39476203890895, -79.90955539986521, -32.07207419742586, -28.75334049981727, -3.6841632478887627}. 
58. Score 7754.69; {43.77378028523061, -29.47466557777413, 1.2600461718567688, -8.026895021615339, -8.854872579832325, -35.10169174394454, -4.00045370963397, -14.24363614986949, -22.511280407417704, -32.358520521606266, -132.67279868769504, -32.39476203890895, -79.90955539986521, -32.07207419742586, -28.75334049981727, -3.6841632478887627}. 
59. Score 7688.82; {60.7968635437016, -43.24587652469885, 10.299927948874714, -10.74594710321153, -12.73322907698012, -22.898330826717995, -1.3339945172484136, -21.11750518964379, -21.869979136466867, -25.19619196579947, -146.11873991981665, -43.61251241938389, -85.08077497755502, -37.51121964325499, -32.69243154088517, -4.243825554316567}. 
60. Score 8028.96; {43.77378028523061, -29.47466557777413, 1.2600461718567688, -8.026895021615339, -8.854872579832325, -35.10169174394454, -4.00045370963397, -14.24363614986949, -22.511280407417704, -32.358520521606266, -132.67279868769504, -32.39476203890895, -79.90955539986521, -32.07207419742586, -28.75334049981727, -3.6841632478887627}. 
Average performance now of best params: 162907.35
61. Score 8017.65; {60.7968635437016, -43.24587652469885, 10.299927948874714, -10.74594710321153, -12.73322907698012, -22.898330826717995, -1.3339945172484136, -21.11750518964379, -21.869979136466867, -25.19619196579947, -146.11873991981665, -43.61251241938389, -85.08077497755502, -37.51121964325499, -32.69243154088517, -4.243825554316567}. 
62. Score 8571.27; {62.75285483731481, -27.043526941949633, -9.540258475664498, 1.0966603632495397, -10.306502684739748, -30.029807885195144, -27.144599516678802, -40.89874110805698, -34.609478182632934, -40.499732866322894, -178.44082514031342, -35.666503802786785, -76.06085330302504, -28.103384746759698, -24.053605729583893, -12.087562663221219}. 
63. Score 8754.64; {63.99355273831805, -46.033041587206256, 0.8754630850403178, -4.807538737398795, -14.484298808633264, -39.3142844073165, -22.84307434874937, -41.62382015040149, -34.7603068890298, -35.70593057524371, -176.90846461165586, -33.65883648697702, -99.89875529117252, -44.8842728536609, -24.321280005816412, -16.185429614229463}. 
64. Score 8477.27; {62.30314347055722, -41.62580229428346, -6.440351859467279, 4.477387784438872, -9.522012677038038, -44.54173039806205, -33.231369909135296, -28.329252347457476, -28.25169775286258, -48.514883791615226, -183.87985376478022, -41.934570649323675, -84.81217944457335, -17.73660677079468, -36.27180420987959, -6.332714211225914}. 
65. Score 8323.26; {63.99355273831805, -46.033041587206256, 0.8754630850403178, -4.807538737398795, -14.484298808633264, -39.3142844073165, -22.84307434874937, -41.62382015040149, -34.7603068890298, -35.70593057524371, -176.90846461165586, -33.65883648697702, -99.89875529117252, -44.8842728536609, -24.321280005816412, -16.185429614229463}. 
66. Score 9666.42; {62.30314347055722, -41.62580229428346, -6.440351859467279, 4.477387784438872, -9.522012677038038, -44.54173039806205, -33.231369909135296, -28.329252347457476, -28.25169775286258, -48.514883791615226, -183.87985376478022, -41.934570649323675, -84.81217944457335, -17.73660677079468, -36.27180420987959, -6.332714211225914}. 
67. Score 9533.9; {62.30314347055722, -41.62580229428346, -6.440351859467279, 4.477387784438872, -9.522012677038038, -44.54173039806205, -33.231369909135296, -28.329252347457476, -28.25169775286258, -48.514883791615226, -183.87985376478022, -41.934570649323675, -84.81217944457335, -17.73660677079468, -36.27180420987959, -6.332714211225914}. 
68. Score 8542.64; {62.30314347055722, -41.62580229428346, -6.440351859467279, 4.477387784438872, -9.522012677038038, -44.54173039806205, -33.231369909135296, -28.329252347457476, -28.25169775286258, -48.514883791615226, -183.87985376478022, -41.934570649323675, -84.81217944457335, -17.73660677079468, -36.27180420987959, -6.332714211225914}. 
69. Score 8525.46; {61.85594954470456, -54.12113727887804, 4.596838259379609, -7.634018120412472, 1.1913085385775535, -38.91351817790905, -11.039562091558327, -38.81568654116771, -22.49270699129203, -27.1399281354779, -185.6095194732124, -25.655910843328456, -69.80686126383833, -29.067883213682663, -38.98535007301482, -10.938013708537317}. 
70. Score 8714.05; {71.80887576351678, -56.02127381936203, -6.381224554533538, -9.813987264213019, -6.781797212500875, -53.73356174512858, -7.098646863301216, -40.75501096292809, -17.5473566851219, -40.405048895796284, -205.87055630456126, -20.78336153853313, -89.8947046046185, -37.95909419812871, -59.0671686158377, -12.438237566434369}. 
71. Score 10403.53; {62.30314347055722, -41.62580229428346, -6.440351859467279, 4.477387784438872, -9.522012677038038, -44.54173039806205, -33.231369909135296, -28.329252347457476, -28.25169775286258, -48.514883791615226, -183.87985376478022, -41.934570649323675, -84.81217944457335, -17.73660677079468, -36.27180420987959, -6.332714211225914}. 
72. Score 10736.08; {54.78728357263913, -44.53404578801812, -3.588509925379079, -8.002055486892534, -1.546999995721274, -46.93742684707115, -26.561494579278225, -44.73079799438251, -35.49764304297778, -38.386761923763444, -190.6101165217756, -38.66924763350913, -87.51738954580783, -21.937059101477892, -39.73591387487248, -15.281555783986732}. 
73. Score 10558.46; {54.78728357263913, -44.53404578801812, -3.588509925379079, -8.002055486892534, -1.546999995721274, -46.93742684707115, -26.561494579278225, -44.73079799438251, -35.49764304297778, -38.386761923763444, -190.6101165217756, -38.66924763350913, -87.51738954580783, -21.937059101477892, -39.73591387487248, -15.281555783986732}. 
74. Score 10310.56; {63.3225584945837, -42.26122180787539, -13.792197859750626, -4.012982898643785, -7.822031382678086, -49.961496899284974, -20.60509004486724, -27.39602032221361, -25.7672912148132, -39.51172240193446, -180.0697182754258, -30.675215480183567, -75.15840648570571, -27.011356339237835, -36.263655276766904, -16.713538499584242}. 
75. Score 9939.94; {65.79571018035924, -58.97145902655168, -9.48004736421796, 3.614561178041634, -6.356094283630994, -41.01727910645267, -16.78705716236436, -27.270069367989915, -15.496695996211901, -24.823454143593903, -178.82684758509927, -43.67889873814149, -75.0429669775755, -36.58969559994784, -46.612169435835625, -10.473682354029869}. 
76. Score 9691.05; {53.27098933341128, -40.44342089410133, -12.36052499949497, -14.45644630851811, -11.158551853874332, -40.226341765564854, -18.008280241067137, -25.122769211996165, -22.630917627956393, -40.40255331899321, -184.14612553675767, -40.658929237457386, -81.78952342398739, -35.751849502684216, -27.778649137567683, -7.25247345141013}. 
77. Score 9335.57; {69.79655332079142, -57.235526256184016, 1.5753325566267662, 11.751505838137899, -8.706913382514642, -54.48781351770586, -43.80030134253536, -41.20878082360165, -43.15368694178571, -47.665822761494006, -217.85062483524086, -35.37834396489687, -80.5796067694681, -27.825185894321436, -51.30781265489223, -12.794772494310891}. 
78. Score 9425.32; {68.13883973825597, -47.7101062427459, 1.593351857185874, -12.415459346306228, 1.2250041613091724, -41.00355529932907, -21.60233611609761, -29.36529885217872, -31.924192487165552, -40.553167027311005, -216.42471012916198, -32.65306636982693, -82.51305296439392, -37.70825593980185, -43.7652104264469, -21.556690999297718}. 
79. Score 10453.29; {74.58597967716524, -54.73389900958916, -7.322534948285615, -10.607842787032755, 4.1106433758803815, -52.93879044565973, -19.722561301815833, -24.84727802373711, -25.579963711829926, -46.05369162593635, -205.12242123655577, -51.72090649839691, -78.30937973217003, -32.41930496322479, -48.69545938391699, -12.874551458742243}. 
80. Score 10514.16; {65.79571018035924, -58.97145902655168, -9.48004736421796, 3.614561178041634, -6.356094283630994, -41.01727910645267, -16.78705716236436, -27.270069367989915, -15.496695996211901, -24.823454143593903, -178.82684758509927, -43.67889873814149, -75.0429669775755, -36.58969559994784, -46.612169435835625, -10.473682354029869}. 
Average performance now of best params: 184423.3
81. Score 10506.55; {74.58597967716524, -54.73389900958916, -7.322534948285615, -10.607842787032755, 4.1106433758803815, -52.93879044565973, -19.722561301815833, -24.84727802373711, -25.579963711829926, -46.05369162593635, -205.12242123655577, -51.72090649839691, -78.30937973217003, -32.41930496322479, -48.69545938391699, -12.874551458742243}. 
82. Score 11164.54; {74.58597967716524, -54.73389900958916, -7.322534948285615, -10.607842787032755, 4.1106433758803815, -52.93879044565973, -19.722561301815833, -24.84727802373711, -25.579963711829926, -46.05369162593635, -205.12242123655577, -51.72090649839691, -78.30937973217003, -32.41930496322479, -48.69545938391699, -12.874551458742243}. 
83. Score 9404.19; {74.96873532994653, -44.47248760242008, -6.505789595708897, -2.3101737187154905, -12.203085041061769, -25.953924412516287, -3.8752418079423254, -27.901524034692507, -22.51458815722852, -12.536338240142399, -183.86686150313918, -40.880117536009955, -79.8983485402083, -46.04533677972008, -52.85758079338108, -15.745364298935595}. 
84. Score 9866.0; {71.80633858324452, -49.14422563959076, -2.735299610734239, -4.749504664262769, -6.3484597682412565, -40.05489813665341, -12.23495227649411, -15.818074206761882, -13.270332383559104, -35.05648808948053, -196.58217326854154, -39.196419361850765, -65.50375670246565, -45.33107121124128, -33.08708362452128, -22.093303394865956}. 
85. Score 10910.1; {74.58597967716524, -54.73389900958916, -7.322534948285615, -10.607842787032755, 4.1106433758803815, -52.93879044565973, -19.722561301815833, -24.84727802373711, -25.579963711829926, -46.05369162593635, -205.12242123655577, -51.72090649839691, -78.30937973217003, -32.41930496322479, -48.69545938391699, -12.874551458742243}. 
86. Score 10336.82; {71.80633858324452, -49.14422563959076, -2.735299610734239, -4.749504664262769, -6.3484597682412565, -40.05489813665341, -12.23495227649411, -15.818074206761882, -13.270332383559104, -35.05648808948053, -196.58217326854154, -39.196419361850765, -65.50375670246565, -45.33107121124128, -33.08708362452128, -22.093303394865956}. 
87. Score 10247.65; {62.30314347055722, -41.62580229428346, -6.440351859467279, 4.477387784438872, -9.522012677038038, -44.54173039806205, -33.231369909135296, -28.329252347457476, -28.25169775286258, -48.514883791615226, -183.87985376478022, -41.934570649323675, -84.81217944457335, -17.73660677079468, -36.27180420987959, -6.332714211225914}. 
88. Score 10920.65; {76.73170590664792, -45.98449436623509, -14.119311922244009, -13.716680584845154, 4.157335582979459, -49.241122701524986, -29.940415514036538, -47.862089392369626, -32.43322456656755, -33.88690945008217, -209.06047341110192, -52.944321084336735, -99.92752681992823, -28.099451666619828, -49.110647098804854, -8.678653785519206}. 
89. Score 10794.63; {74.58597967716524, -54.73389900958916, -7.322534948285615, -10.607842787032755, 4.1106433758803815, -52.93879044565973, -19.722561301815833, -24.84727802373711, -25.579963711829926, -46.05369162593635, -205.12242123655577, -51.72090649839691, -78.30937973217003, -32.41930496322479, -48.69545938391699, -12.874551458742243}. 
90. Score 10265.66; {71.80633858324452, -49.14422563959076, -2.735299610734239, -4.749504664262769, -6.3484597682412565, -40.05489813665341, -12.23495227649411, -15.818074206761882, -13.270332383559104, -35.05648808948053, -196.58217326854154, -39.196419361850765, -65.50375670246565, -45.33107121124128, -33.08708362452128, -22.093303394865956}. 
91. Score 10919.98; {74.58597967716524, -54.73389900958916, -7.322534948285615, -10.607842787032755, 4.1106433758803815, -52.93879044565973, -19.722561301815833, -24.84727802373711, -25.579963711829926, -46.05369162593635, -205.12242123655577, -51.72090649839691, -78.30937973217003, -32.41930496322479, -48.69545938391699, -12.874551458742243}. 
92. Score 11760.52; {74.77099271725614, -52.61978441911731, -5.713571365905937, -6.644237067843645, 1.9805597646078725, -43.635026580575634, -15.56959848311969, -39.75173473984625, -28.759115763457405, -40.992286607313346, -210.12260269395478, -51.39930348183002, -87.19028127101822, -39.74007353486423, -39.75927051418517, -10.767917596012655}. 
93. Score 10682.19; {79.66305703636806, -34.179435300606414, -6.572570476745323, -5.82495372016031, 6.300344159835534, -41.77131385889858, -14.349307237861678, -26.051154744444695, -20.377149901743707, -30.85827495652316, -197.05115545166433, -35.401671323605626, -72.79886725338734, -42.82986473564162, -41.20991155544585, -11.401549598025106}. 
94. Score 11580.33; {81.45123893482473, -56.3517166452839, 3.330157507556016, -5.600706154903198, -13.788351574163576, -53.834542417580906, -27.753543961849953, -43.18643632939159, -27.812477422656343, -42.12364460367483, -215.9143284727891, -35.40920469942436, -87.39970272229718, -31.004133951559403, -48.21818289800106, -8.564817614551956}. 
95. Score 12094.88; {70.37645768092361, -36.90723572564819, 1.1034436443150986, -13.272301653823106, -7.2747633141763295, -42.20817822876841, -19.250750878166237, -44.549934979453475, -24.55752008630449, -38.32079866706815, -209.9689616460688, -50.829804826333046, -82.67041573897188, -39.79079763829564, -46.73290243929771, -7.153348985267363}. 
96. Score 13120.45; {72.85951145590452, -41.81442648840645, 6.7543373768101755, -12.572831614903393, 0.019902467180748395, -67.25717764517508, -23.24637564528556, -34.493649349788555, -28.598094821334975, -46.32405009053328, -231.2696545195817, -47.20480757599765, -77.2482083512521, -29.70229414798689, -56.190251401921586, -9.694942699085345}. 
97. Score 11786.45; {81.45123893482473, -56.3517166452839, 3.330157507556016, -5.600706154903198, -13.788351574163576, -53.834542417580906, -27.753543961849953, -43.18643632939159, -27.812477422656343, -42.12364460367483, -215.9143284727891, -35.40920469942436, -87.39970272229718, -31.004133951559403, -48.21818289800106, -8.564817614551956}. 
98. Score 12082.95; {71.80633858324452, -49.14422563959076, -2.735299610734239, -4.749504664262769, -6.3484597682412565, -40.05489813665341, -12.23495227649411, -15.818074206761882, -13.270332383559104, -35.05648808948053, -196.58217326854154, -39.196419361850765, -65.50375670246565, -45.33107121124128, -33.08708362452128, -22.093303394865956}. 
99. Score 11708.39; {74.77099271725614, -52.61978441911731, -5.713571365905937, -6.644237067843645, 1.9805597646078725, -43.635026580575634, -15.56959848311969, -39.75173473984625, -28.759115763457405, -40.992286607313346, -210.12260269395478, -51.39930348183002, -87.19028127101822, -39.74007353486423, -39.75927051418517, -10.767917596012655}. 
100. Score 11989.69; {77.12844209010865, -54.782617521398876, -4.981634367921432, -7.402557988329891, -11.310634317572388, -44.97963128158783, -22.801337695630192, -19.44220229004773, -27.042750670402945, -41.55037908775719, -228.1827707507367, -33.06070035549387, -85.5301647722909, -49.47864329028295, -48.056491475450834, -17.706919346543113}. 
Average performance now of best params: 191514.13
101. Score 12548.39; {72.85951145590452, -41.81442648840645, 6.7543373768101755, -12.572831614903393, 0.019902467180748395, -67.25717764517508, -23.24637564528556, -34.493649349788555, -28.598094821334975, -46.32405009053328, -231.2696545195817, -47.20480757599765, -77.2482083512521, -29.70229414798689, -56.190251401921586, -9.694942699085345}. 
102. Score 11313.37; {74.77099271725614, -52.61978441911731, -5.713571365905937, -6.644237067843645, 1.9805597646078725, -43.635026580575634, -15.56959848311969, -39.75173473984625, -28.759115763457405, -40.992286607313346, -210.12260269395478, -51.39930348183002, -87.19028127101822, -39.74007353486423, -39.75927051418517, -10.767917596012655}. 
103. Score 11224.08; {81.45123893482473, -56.3517166452839, 3.330157507556016, -5.600706154903198, -13.788351574163576, -53.834542417580906, -27.753543961849953, -43.18643632939159, -27.812477422656343, -42.12364460367483, -215.9143284727891, -35.40920469942436, -87.39970272229718, -31.004133951559403, -48.21818289800106, -8.564817614551956}. 
104. Score 12697.81; {72.85951145590452, -41.81442648840645, 6.7543373768101755, -12.572831614903393, 0.019902467180748395, -67.25717764517508, -23.24637564528556, -34.493649349788555, -28.598094821334975, -46.32405009053328, -231.2696545195817, -47.20480757599765, -77.2482083512521, -29.70229414798689, -56.190251401921586, -9.694942699085345}. 
105. Score 12405.21; {74.77099271725614, -52.61978441911731, -5.713571365905937, -6.644237067843645, 1.9805597646078725, -43.635026580575634, -15.56959848311969, -39.75173473984625, -28.759115763457405, -40.992286607313346, -210.12260269395478, -51.39930348183002, -87.19028127101822, -39.74007353486423, -39.75927051418517, -10.767917596012655}. 
106. Score 11606.71; {82.78751145891239, -64.21224439304896, 1.2962540869268016, -12.200441775322016, -9.406100248238998, -56.454593073197245, -30.173557751361937, -44.039898469983854, -36.799234093507025, -55.6425626864134, -250.31953077003047, -40.34722335826135, -102.99329735988871, -48.06668855974286, -51.79473196168638, -16.18313678318358}. 
107. Score 12201.59; {66.37180646178714, -53.36415399125127, -4.896514372886529, 5.734300779039725, -10.207696973682626, -50.70119839220335, -18.015040067973548, -32.013290026724185, -28.518816749941863, -38.908592765126365, -214.58179806862194, -41.95296058996793, -65.2879455869863, -31.256091076429918, -40.81188828505846, -11.66981921600144}. 
108. Score 13349.05; {74.62543980784288, -54.82281016617564, -5.729385652600395, -16.281402643441567, -3.397832441148436, -60.64018842642195, -26.611568488624886, -54.51898798996639, -44.87365959941425, -41.99570686965011, -246.52150388744695, -40.013160775871924, -107.33522013833907, -36.943267980029106, -41.12900426266755, -10.716089013479442}. 
109. Score 12473.67; {81.88034146886226, -53.07988028025047, -3.606544737158133, -6.4228341876364805, -1.8170819463571077, -51.96594287956155, -35.511909355609404, -38.317997479737905, -37.32420566444258, -37.09076202952612, -219.2082414992486, -51.89870512327875, -81.68977782458883, -26.91549315351653, -41.10172338505967, -7.708530044542348}. 
110. Score 13773.43; {81.88034146886226, -53.07988028025047, -3.606544737158133, -6.4228341876364805, -1.8170819463571077, -51.96594287956155, -35.511909355609404, -38.317997479737905, -37.32420566444258, -37.09076202952612, -219.2082414992486, -51.89870512327875, -81.68977782458883, -26.91549315351653, -41.10172338505967, -7.708530044542348}. 
111. Score 12801.49; {81.88034146886226, -53.07988028025047, -3.606544737158133, -6.4228341876364805, -1.8170819463571077, -51.96594287956155, -35.511909355609404, -38.317997479737905, -37.32420566444258, -37.09076202952612, -219.2082414992486, -51.89870512327875, -81.68977782458883, -26.91549315351653, -41.10172338505967, -7.708530044542348}. 
112. Score 12890.03; {81.88034146886226, -53.07988028025047, -3.606544737158133, -6.4228341876364805, -1.8170819463571077, -51.96594287956155, -35.511909355609404, -38.317997479737905, -37.32420566444258, -37.09076202952612, -219.2082414992486, -51.89870512327875, -81.68977782458883, -26.91549315351653, -41.10172338505967, -7.708530044542348}. 
113. Score 11970.04; {82.88811863445889, -49.321772487822756, -1.2954976987991413, -12.442212884982169, 11.599363435407659, -64.65136220785935, -27.85488416815495, -47.3840017474016, -45.29641345678738, -47.35175406938611, -228.85352705205273, -47.818019021411736, -80.08855942758441, -27.054878263097997, -50.32868376443903, -10.735811068076474}. 
114. Score 13385.46; {74.77099271725614, -52.61978441911731, -5.713571365905937, -6.644237067843645, 1.9805597646078725, -43.635026580575634, -15.56959848311969, -39.75173473984625, -28.759115763457405, -40.992286607313346, -210.12260269395478, -51.39930348183002, -87.19028127101822, -39.74007353486423, -39.75927051418517, -10.767917596012655}. 
115. Score 11945.15; {74.58597967716524, -54.73389900958916, -7.322534948285615, -10.607842787032755, 4.1106433758803815, -52.93879044565973, -19.722561301815833, -24.84727802373711, -25.579963711829926, -46.05369162593635, -205.12242123655577, -51.72090649839691, -78.30937973217003, -32.41930496322479, -48.69545938391699, -12.874551458742243}. 
116. Score 12681.81; {92.81805319654212, -53.47022644311046, -4.261687598599549, -17.22053067648804, 11.365315659674856, -55.99802520606565, -24.29717753673431, -36.71995275774904, -40.014781984438, -38.49662509188928, -247.73925254969396, -53.26264031447765, -80.82517996762192, -38.39464387966869, -45.48813078202197, -11.275498474436901}. 
117. Score 12876.91; {66.37180646178714, -53.36415399125127, -4.896514372886529, 5.734300779039725, -10.207696973682626, -50.70119839220335, -18.015040067973548, -32.013290026724185, -28.518816749941863, -38.908592765126365, -214.58179806862194, -41.95296058996793, -65.2879455869863, -31.256091076429918, -40.81188828505846, -11.66981921600144}. 
118. Score 13238.52; {70.14580494510571, -48.99301088805515, -1.1530698924657177, -4.437302925497873, 0.6451315658481591, -47.15103072921822, -26.51753042485714, -37.3885173596879, -46.03353602757005, -50.30637286240229, -220.11441302429157, -50.417836778319625, -96.3322350710458, -30.691899108607288, -40.02026078911328, -4.1600419919624905}. 
119. Score 14659.1; {81.88034146886226, -53.07988028025047, -3.606544737158133, -6.4228341876364805, -1.8170819463571077, -51.96594287956155, -35.511909355609404, -38.317997479737905, -37.32420566444258, -37.09076202952612, -219.2082414992486, -51.89870512327875, -81.68977782458883, -26.91549315351653, -41.10172338505967, -7.708530044542348}. 
120. Score 13180.18; {92.81805319654212, -53.47022644311046, -4.261687598599549, -17.22053067648804, 11.365315659674856, -55.99802520606565, -24.29717753673431, -36.71995275774904, -40.014781984438, -38.49662509188928, -247.73925254969396, -53.26264031447765, -80.82517996762192, -38.39464387966869, -45.48813078202197, -11.275498474436901}. 
Average performance now of best params: 326776.27
121. Score 12436.51; {67.42827365534663, -39.275433924381126, 14.925152985887655, -17.939045549361598, 5.761702916478943, -55.342617972407915, -26.07623972927231, -38.6492270001775, -38.97348752525175, -38.45548155230078, -228.41880472917887, -58.70616145401569, -76.55749325794073, -28.897368524982117, -47.654540823550946, -5.9274555768466595}. 
122. Score 12789.98; {66.37180646178714, -53.36415399125127, -4.896514372886529, 5.734300779039725, -10.207696973682626, -50.70119839220335, -18.015040067973548, -32.013290026724185, -28.518816749941863, -38.908592765126365, -214.58179806862194, -41.95296058996793, -65.2879455869863, -31.256091076429918, -40.81188828505846, -11.66981921600144}. 
123. Score 12307.66; {78.96362378503055, -48.196961268816345, -7.6338193564244605, 3.9103017816942227, -16.473605774387938, -71.93758316242419, -43.27751977844141, -38.711764197960626, -38.195579987703745, -45.70479675818545, -227.1162949306915, -45.02019358618673, -80.38808624288005, -17.52473117178083, -42.01084631951535, -8.598995283452139}. 
124. Score 12792.96; {81.88034146886226, -53.07988028025047, -3.606544737158133, -6.4228341876364805, -1.8170819463571077, -51.96594287956155, -35.511909355609404, -38.317997479737905, -37.32420566444258, -37.09076202952612, -219.2082414992486, -51.89870512327875, -81.68977782458883, -26.91549315351653, -41.10172338505967, -7.708530044542348}. 
125. Score 14183.04; {92.81805319654212, -53.47022644311046, -4.261687598599549, -17.22053067648804, 11.365315659674856, -55.99802520606565, -24.29717753673431, -36.71995275774904, -40.014781984438, -38.49662509188928, -247.73925254969396, -53.26264031447765, -80.82517996762192, -38.39464387966869, -45.48813078202197, -11.275498474436901}. 
126. Score 13477.23; {73.43749564787286, -55.023901576376666, 7.577569108514398, -6.466968392016194, -14.09744929377486, -63.03785489814743, -18.769543102917144, -30.316729210753877, -32.71757976197814, -48.06624107725261, -225.89357233993084, -39.89967697700175, -81.00214878185211, -29.852144617065385, -45.59708016725805, -12.817122811583145}. 
127. Score 13130.77; {80.5723430997851, -56.39840650075069, -11.068273035678224, -12.74537701701393, 2.8170515118982795, -49.51625441320399, -7.650846753095536, -36.49462605416485, -26.217181860128022, -30.17803466034969, -231.76988886931005, -37.449394003554154, -83.58527232930226, -40.927866298660355, -53.259841915788144, -13.465822664111627}. 
128. Score 13242.98; {81.88034146886226, -53.07988028025047, -3.606544737158133, -6.4228341876364805, -1.8170819463571077, -51.96594287956155, -35.511909355609404, -38.317997479737905, -37.32420566444258, -37.09076202952612, -219.2082414992486, -51.89870512327875, -81.68977782458883, -26.91549315351653, -41.10172338505967, -7.708530044542348}. 
129. Score 13583.71; {79.26202536363625, -54.9087075697838, 17.474882447637377, -21.74207657983408, 10.446211660664247, -57.19706543432818, -27.461218639673493, -49.40814352084978, -51.92324703044838, -52.605013879588356, -253.61239994368017, -34.85780469936112, -72.54525635149442, -36.893924886453014, -39.34247214790331, -11.574625351271791}. 
130. Score 13271.03; {92.81805319654212, -53.47022644311046, -4.261687598599549, -17.22053067648804, 11.365315659674856, -55.99802520606565, -24.29717753673431, -36.71995275774904, -40.014781984438, -38.49662509188928, -247.73925254969396, -53.26264031447765, -80.82517996762192, -38.39464387966869, -45.48813078202197, -11.275498474436901}. 
131. Score 13733.63; {66.37180646178714, -53.36415399125127, -4.896514372886529, 5.734300779039725, -10.207696973682626, -50.70119839220335, -18.015040067973548, -32.013290026724185, -28.518816749941863, -38.908592765126365, -214.58179806862194, -41.95296058996793, -65.2879455869863, -31.256091076429918, -40.81188828505846, -11.66981921600144}. 
132. Score 13069.79; {83.23890095237341, -38.56044876525638, 5.049857131380401, -1.4667987609435968, -6.020285874983087, -52.71259479950957, -22.395056821165397, -32.04848783268664, -29.213698382501477, -35.392277920095275, -225.9384222766177, -54.27724496173909, -81.37082561794084, -42.141370521985614, -32.1999060041704, -16.406422708350064}. 
133. Score 13365.34; {67.62222180703418, -36.59405525902639, -6.049637861960634, -2.5233008612835377, -7.715573535096244, -62.92221693886145, -22.12256164396007, -40.040611972157876, -30.215066410983926, -46.98608477155535, -224.33659232596287, -35.43544235476848, -66.00304310266648, -21.56351985467502, -47.65276865156535, -12.35718196867348}. 
134. Score 14909.49; {86.20054921864433, -45.906666004989, 6.388775459151116, -5.473285705605863, -0.9456727046409896, -63.30849466047005, -26.587961827669655, -48.22022097392882, -25.767821083578834, -44.26007665804139, -282.42471928090987, -58.29835008894922, -80.14701512490085, -47.245421101050134, -42.091075497147735, -13.013374685113494}. 
135. Score 13450.24; {81.88034146886226, -53.07988028025047, -3.606544737158133, -6.4228341876364805, -1.8170819463571077, -51.96594287956155, -35.511909355609404, -38.317997479737905, -37.32420566444258, -37.09076202952612, -219.2082414992486, -51.89870512327875, -81.68977782458883, -26.91549315351653, -41.10172338505967, -7.708530044542348}. 
136. Score 13591.61; {86.57144787298887, -66.07068026265144, 4.051889360581559, -7.325180397979601, -14.388008780718273, -68.02464666371841, -28.851651052178404, -39.25826222472281, -41.59505099656459, -63.24799570895597, -264.58553869035484, -35.69846734179245, -88.11160510139484, -43.23545185374349, -42.2337611289061, -9.052760801866079}. 
137. Score 13662.06; {81.22938460761063, -49.6597983717407, 6.772298607562604, -15.728021510993266, -4.4230671376355195, -53.15210024015782, -20.454448514450807, -35.396640306914286, -32.64468767240336, -21.56481608625505, -255.44762728867647, -55.897854537913176, -59.151352587478904, -37.18411533020845, -57.19241701612425, -14.42661555271512}. 
138. Score 13347.92; {92.81805319654212, -53.47022644311046, -4.261687598599549, -17.22053067648804, 11.365315659674856, -55.99802520606565, -24.29717753673431, -36.71995275774904, -40.014781984438, -38.49662509188928, -247.73925254969396, -53.26264031447765, -80.82517996762192, -38.39464387966869, -45.48813078202197, -11.275498474436901}. 
139. Score 14046.45; {81.22938460761063, -49.6597983717407, 6.772298607562604, -15.728021510993266, -4.4230671376355195, -53.15210024015782, -20.454448514450807, -35.396640306914286, -32.64468767240336, -21.56481608625505, -255.44762728867647, -55.897854537913176, -59.151352587478904, -37.18411533020845, -57.19241701612425, -14.42661555271512}. 
140. Score 14338.36; {86.20054921864433, -45.906666004989, 6.388775459151116, -5.473285705605863, -0.9456727046409896, -63.30849466047005, -26.587961827669655, -48.22022097392882, -25.767821083578834, -44.26007665804139, -282.42471928090987, -58.29835008894922, -80.14701512490085, -47.245421101050134, -42.091075497147735, -13.013374685113494}. 
Average performance now of best params: 401149.47
141. Score 14608.58; {81.88034146886226, -53.07988028025047, -3.606544737158133, -6.4228341876364805, -1.8170819463571077, -51.96594287956155, -35.511909355609404, -38.317997479737905, -37.32420566444258, -37.09076202952612, -219.2082414992486, -51.89870512327875, -81.68977782458883, -26.91549315351653, -41.10172338505967, -7.708530044542348}. 
142. Score 13944.61; {66.37180646178714, -53.36415399125127, -4.896514372886529, 5.734300779039725, -10.207696973682626, -50.70119839220335, -18.015040067973548, -32.013290026724185, -28.518816749941863, -38.908592765126365, -214.58179806862194, -41.95296058996793, -65.2879455869863, -31.256091076429918, -40.81188828505846, -11.66981921600144}. 
143. Score 14181.65; {78.02304025156417, -67.34055599546656, 2.2003506857143553, -12.437604012984632, -10.456239710847493, -58.31764726100092, -11.628424326728036, -43.91415212058113, -34.855664925599314, -54.20578426868307, -291.743408159531, -40.80659391452329, -87.46740039520071, -50.53358135027091, -49.4033375697212, -13.47458971667831}. 
144. Score 14685.63; {78.02304025156417, -67.34055599546656, 2.2003506857143553, -12.437604012984632, -10.456239710847493, -58.31764726100092, -11.628424326728036, -43.91415212058113, -34.855664925599314, -54.20578426868307, -291.743408159531, -40.80659391452329, -87.46740039520071, -50.53358135027091, -49.4033375697212, -13.47458971667831}. 
145. Score 15076.85; {76.1057767691875, -52.3122264714878, 8.870589028300172, -16.02919770832646, -6.968248157474928, -72.25980550896402, -39.10251635296906, -44.78739290288908, -38.350263448515506, -45.86057346988642, -239.30286122443965, -40.204557761563315, -72.87194665002293, -22.439262126682355, -43.79975936368534, -10.287080107614551}. 
146. Score 14640.51; {81.22938460761063, -49.6597983717407, 6.772298607562604, -15.728021510993266, -4.4230671376355195, -53.15210024015782, -20.454448514450807, -35.396640306914286, -32.64468767240336, -21.56481608625505, -255.44762728867647, -55.897854537913176, -59.151352587478904, -37.18411533020845, -57.19241701612425, -14.42661555271512}. 
147. Score 14456.43; {81.22938460761063, -49.6597983717407, 6.772298607562604, -15.728021510993266, -4.4230671376355195, -53.15210024015782, -20.454448514450807, -35.396640306914286, -32.64468767240336, -21.56481608625505, -255.44762728867647, -55.897854537913176, -59.151352587478904, -37.18411533020845, -57.19241701612425, -14.42661555271512}. 
148. Score 14969.41; {94.02732155134427, -49.198411314704, 6.392914191671994, -10.323911826658438, -8.04275218806299, -53.35715735053754, -14.956782845775601, -29.60253903163415, -27.534466074796534, -25.83182721681744, -243.1895398746373, -57.273688238840094, -87.64814246347737, -48.95739561873395, -46.27649447844795, -14.842191745615171}. 
149. Score 13960.99; {79.44897494817971, -54.7592036975926, 11.99025237274422, -10.287291497815353, 1.0981383056626055, -62.21099824534126, -28.937188651756806, -37.46724965722255, -50.04979400654829, -33.23632788976753, -236.4443733431168, -43.483912913034715, -76.83475362107619, -31.73383788108234, -37.32265056051929, -11.045105839390796}. 
150. Score 15517.28; {86.05287914483253, -49.155832433642686, 6.530189381387809, -12.76772095216767, 0.9959182846196715, -35.83632452712572, -7.889344993995641, -34.0934667787467, -32.37708859949155, -21.519903336944193, -262.45763059642536, -63.08571026837948, -76.9538756703206, -54.07181937967877, -48.84479123925031, -18.443965260136416}. 
151. Score 12730.37; {76.7099964697091, -60.62543047404258, 14.608552024569383, -16.449711090430764, -0.3206354546886794, -39.3351988643293, -17.372080625244617, -37.27998174628692, -22.546553552334068, -41.45122240490371, -258.936105430469, -51.83041516619622, -63.46374839753568, -41.431059043463584, -50.829118907619836, -11.770307870715943}. 
152. Score 15041.64; {86.20054921864433, -45.906666004989, 6.388775459151116, -5.473285705605863, -0.9456727046409896, -63.30849466047005, -26.587961827669655, -48.22022097392882, -25.767821083578834, -44.26007665804139, -282.42471928090987, -58.29835008894922, -80.14701512490085, -47.245421101050134, -42.091075497147735, -13.013374685113494}. 
153. Score 14969.35; {89.50143396445374, -54.13128633803799, 1.2937926250340994, -4.815150888935435, 4.66258189969803, -46.43954902001899, -9.429593191071126, -26.566539622282676, -24.91470974444885, -38.559251929424015, -275.57270400879776, -58.076779520320834, -57.03581889002919, -56.65891524073353, -44.276106648419514, -14.5325924077745}. 
154. Score 14538.43; {78.66774299784687, -58.826671963199345, -3.22060020937125, -4.437701603110471, -8.203002410329406, -56.34108852740486, -17.723529720359107, -35.189073800227014, -24.809046932401813, -39.60880722789752, -255.4132638933067, -54.74731523794248, -72.92496586430603, -32.81018683830618, -47.56668151765618, -6.210347484606402}. 
155. Score 13932.73; {89.50143396445374, -54.13128633803799, 1.2937926250340994, -4.815150888935435, 4.66258189969803, -46.43954902001899, -9.429593191071126, -26.566539622282676, -24.91470974444885, -38.559251929424015, -275.57270400879776, -58.076779520320834, -57.03581889002919, -56.65891524073353, -44.276106648419514, -14.5325924077745}. 
156. Score 17861.9; {73.90731431824314, -44.6178159083794, -1.9644202569561975, -18.199480147781877, 1.4184556226571283, -42.44896364824709, -20.202525168566112, -42.9864985336116, -27.45066979175807, -21.336196739063585, -251.5498668257832, -48.04813432324757, -51.679251425158256, -31.87054076826667, -41.102987208034406, -9.74493832909253}. 
157. Score 13614.02; {81.22938460761063, -49.6597983717407, 6.772298607562604, -15.728021510993266, -4.4230671376355195, -53.15210024015782, -20.454448514450807, -35.396640306914286, -32.64468767240336, -21.56481608625505, -255.44762728867647, -55.897854537913176, -59.151352587478904, -37.18411533020845, -57.19241701612425, -14.42661555271512}. 
158. Score 15273.33; {85.32213193882527, -59.31390126388809, 7.116494398438854, -14.07352744086545, -8.017957912472813, -59.01104923803586, -16.377278626922557, -36.807495100417434, -45.9216654076707, -31.39096961882938, -284.50234350499596, -41.47693329699156, -59.89692212724607, -48.394041611897215, -32.460640224655066, -17.098035367959213}. 
159. Score 13624.65; {87.36084864274858, -59.35870732092814, 1.890545510077792, -6.928951242689539, -2.349858836121596, -45.42358800574826, -20.68736399822936, -30.52365175363544, -30.07104259189671, -34.19192313365674, -271.0985492803316, -60.51697228814475, -66.26134421209986, -43.10866782518377, -46.98682568358005, -3.8093711491706213}. 
160. Score 15232.67; {79.44897494817971, -54.7592036975926, 11.99025237274422, -10.287291497815353, 1.0981383056626055, -62.21099824534126, -28.937188651756806, -37.46724965722255, -50.04979400654829, -33.23632788976753, -236.4443733431168, -43.483912913034715, -76.83475362107619, -31.73383788108234, -37.32265056051929, -11.045105839390796}. 
Average performance now of best params: 291353.93
161. Score 15865.02; {87.36084864274858, -59.35870732092814, 1.890545510077792, -6.928951242689539, -2.349858836121596, -45.42358800574826, -20.68736399822936, -30.52365175363544, -30.07104259189671, -34.19192313365674, -271.0985492803316, -60.51697228814475, -66.26134421209986, -43.10866782518377, -46.98682568358005, -3.8093711491706213}. 
162. Score 14924.52; {80.48184869568536, -59.394898607778714, 2.2409216986609644, -13.083623430553782, 1.56207870474565, -41.27230159433077, -16.220137058359708, -43.34235828017043, -22.28695237850473, -37.97213439155263, -290.2537922145263, -49.59754944330158, -61.20247398616963, -49.49407702314152, -48.52575944409148, -1.2514361022602145}. 
163. Score 15022.6; {81.22938460761063, -49.6597983717407, 6.772298607562604, -15.728021510993266, -4.4230671376355195, -53.15210024015782, -20.454448514450807, -35.396640306914286, -32.64468767240336, -21.56481608625505, -255.44762728867647, -55.897854537913176, -59.151352587478904, -37.18411533020845, -57.19241701612425, -14.42661555271512}. 
164. Score 14466.14; {87.36084864274858, -59.35870732092814, 1.890545510077792, -6.928951242689539, -2.349858836121596, -45.42358800574826, -20.68736399822936, -30.52365175363544, -30.07104259189671, -34.19192313365674, -271.0985492803316, -60.51697228814475, -66.26134421209986, -43.10866782518377, -46.98682568358005, -3.8093711491706213}. 
165. Score 16404.82; {87.36084864274858, -59.35870732092814, 1.890545510077792, -6.928951242689539, -2.349858836121596, -45.42358800574826, -20.68736399822936, -30.52365175363544, -30.07104259189671, -34.19192313365674, -271.0985492803316, -60.51697228814475, -66.26134421209986, -43.10866782518377, -46.98682568358005, -3.8093711491706213}. 
166. Score 14539.87; {87.36084864274858, -59.35870732092814, 1.890545510077792, -6.928951242689539, -2.349858836121596, -45.42358800574826, -20.68736399822936, -30.52365175363544, -30.07104259189671, -34.19192313365674, -271.0985492803316, -60.51697228814475, -66.26134421209986, -43.10866782518377, -46.98682568358005, -3.8093711491706213}. 
167. Score 14798.97; {87.36084864274858, -59.35870732092814, 1.890545510077792, -6.928951242689539, -2.349858836121596, -45.42358800574826, -20.68736399822936, -30.52365175363544, -30.07104259189671, -34.19192313365674, -271.0985492803316, -60.51697228814475, -66.26134421209986, -43.10866782518377, -46.98682568358005, -3.8093711491706213}. 
168. Score 17181.16; {80.35471162436679, -51.41791492371533, -18.923454526484292, 0.00973245606187767, -11.03907728696914, -47.98410800566062, -26.437705146087882, -27.038606196212296, -14.206030864991563, -22.635918310597688, -266.87066208586975, -45.78836468262861, -58.763373225495606, -43.3398367506998, -52.58183810202235, -12.876995030522913}. 
169. Score 17157.69; {78.66774299784687, -58.826671963199345, -3.22060020937125, -4.437701603110471, -8.203002410329406, -56.34108852740486, -17.723529720359107, -35.189073800227014, -24.809046932401813, -39.60880722789752, -255.4132638933067, -54.74731523794248, -72.92496586430603, -32.81018683830618, -47.56668151765618, -6.210347484606402}. 
170. Score 15912.7; {101.20914281397131, -71.76059898685843, 9.411637474188604, -16.637173315318538, 0.0014440395064925227, -33.98384907171818, -10.933554699372529, -28.923275214748326, -19.792775841704934, -34.51624367009455, -313.34164513281496, -71.85209414020098, -79.14024027944957, -67.17736601458523, -64.07537394917908, -7.437752055621197}. 
171. Score 14980.23; {90.1322266801997, -68.71695438502006, 0.8424711553882439, -10.766369583241714, -10.910677145130421, -60.686675581944755, -21.242081827270383, -37.604470413716626, -25.89894388194144, -32.47301500202277, -308.3524608469288, -50.01114094419455, -58.397552991427375, -42.290854944265405, -45.39845337068248, -14.561538431665598}. 
172. Score 16423.55; {90.1322266801997, -68.71695438502006, 0.8424711553882439, -10.766369583241714, -10.910677145130421, -60.686675581944755, -21.242081827270383, -37.604470413716626, -25.89894388194144, -32.47301500202277, -308.3524608469288, -50.01114094419455, -58.397552991427375, -42.290854944265405, -45.39845337068248, -14.561538431665598}. 
173. Score 14919.59; {91.75115735853939, -55.5120110019731, -4.347960563284697, -9.080646188350237, 5.646662954736015, -49.823659419365875, -21.658577467273417, -25.14783406635923, -33.8946320928473, -41.30415215107916, -283.80530671635154, -44.67797894318437, -74.63079295125583, -50.47491448830644, -55.31091986838304, -13.299535095801241}. 
174. Score 17048.62; {90.1322266801997, -68.71695438502006, 0.8424711553882439, -10.766369583241714, -10.910677145130421, -60.686675581944755, -21.242081827270383, -37.604470413716626, -25.89894388194144, -32.47301500202277, -308.3524608469288, -50.01114094419455, -58.397552991427375, -42.290854944265405, -45.39845337068248, -14.561538431665598}. 
175. Score 16930.49; {90.1322266801997, -68.71695438502006, 0.8424711553882439, -10.766369583241714, -10.910677145130421, -60.686675581944755, -21.242081827270383, -37.604470413716626, -25.89894388194144, -32.47301500202277, -308.3524608469288, -50.01114094419455, -58.397552991427375, -42.290854944265405, -45.39845337068248, -14.561538431665598}. 
176. Score 16401.9; {100.06138699119137, -59.89190045080946, 2.698987340506473, -2.6740468314387, -1.2229376106542733, -54.71620205086387, -26.45306342486047, -19.128839201356193, -14.024679173737507, -42.05381937290947, -319.5447662544511, -58.525572947002615, -60.60475334904516, -57.081009917176615, -65.25736127342655, -11.893472713712322}. 
177. Score 17181.04; {90.1322266801997, -68.71695438502006, 0.8424711553882439, -10.766369583241714, -10.910677145130421, -60.686675581944755, -21.242081827270383, -37.604470413716626, -25.89894388194144, -32.47301500202277, -308.3524608469288, -50.01114094419455, -58.397552991427375, -42.290854944265405, -45.39845337068248, -14.561538431665598}. 
178. Score 16197.64; {102.31039800700059, -57.24295019920385, 4.972102803219469, -21.843943462765093, 6.679843877029537, -35.72219007210799, -0.6918119108388883, -29.923002483589826, -12.411213067381535, -26.636157212816638, -321.29796351047275, -58.923175376464236, -70.37837869225937, -76.63884014760413, -59.45463545082204, -12.35506275861977}. 
179. Score 16482.58; {104.46310952433666, -59.1091708557766, -2.562964422153001, -18.30987811583918, 2.8254778304869648, -52.930070403141656, -23.836720807041424, -39.09392224712841, -28.82045323248552, -40.983511319202755, -307.66129049649373, -52.68212585365139, -56.826196064538436, -41.8107239881731, -49.87230438949271, -12.868040728086626}. 
180. Score 16095.08; {83.08463204558122, -52.506045288773485, 1.438142728432484, -5.496606571256836, 0.8973988617046524, -50.734235857702124, -18.967948142879735, -29.450644888596603, -34.45090064061204, -25.59594496249707, -260.96103586134745, -55.445174607326955, -59.74584389921315, -33.88155694884949, -62.37656892100864, -13.719398287454155}. 
Average performance now of best params: 334621.8
181. Score 17437.06; {92.15894911169825, -52.94767997646434, 2.571487848296305, -2.5871892638966276, -1.119755498571256, -46.09253464285019, -22.284914326732032, -30.670135301783326, -17.79694936127885, -23.07423583307505, -292.82166389194583, -49.46779661698306, -43.95327489316579, -57.10686339284938, -48.61968411523403, -17.049942302607114}. 
182. Score 17071.71; {88.80272506681011, -56.81208599308113, -4.594308604521026, -9.11761014727857, -2.8595663200997983, -56.86333016177779, -18.5247104957854, -24.996913015294993, -26.19482699931426, -35.21756713409238, -317.42676003796515, -52.37526175366322, -61.76204140732748, -45.470283549392626, -60.70448574073674, -12.728813015918778}. 
183. Score 16769.83; {92.15894911169825, -52.94767997646434, 2.571487848296305, -2.5871892638966276, -1.119755498571256, -46.09253464285019, -22.284914326732032, -30.670135301783326, -17.79694936127885, -23.07423583307505, -292.82166389194583, -49.46779661698306, -43.95327489316579, -57.10686339284938, -48.61968411523403, -17.049942302607114}. 
184. Score 16693.42; {90.20081347393521, -55.593224291622924, 1.6673986341829174, 1.0019301459709826, 1.6964933629718781, -59.95962323071424, -24.441272175192545, -26.223323948858646, -25.346024572437898, -41.3585864488285, -301.28216299124614, -42.46144771727137, -47.14966112529441, -43.506340867761665, -50.46021093800155, -21.04852495338459}. 
185. Score 14926.11; {89.6317439639998, -55.197036193182285, 3.419123957876841, -11.503995713610422, -0.39299814777533504, -54.7274435455996, -7.4624976298843535, -22.89240246592462, -31.697330019747255, -33.987723421167956, -307.51091461891724, -57.27177586202237, -70.2375494033628, -48.91195529091676, -65.31392823358276, -6.224336673188038}. 
186. Score 16449.26; {91.1117717057706, -64.40114301978112, -1.3700444633033728, -12.444532219808336, -3.880664762486925, -55.29973274375456, -29.096940503848955, -25.926712904694746, -32.60201362219059, -27.774945695767695, -276.836488860892, -53.57072558054426, -63.39674521092301, -37.85136791481622, -54.49518665492733, -7.988688398687206}. 
187. Score 16525.97; {92.60489894617805, -67.97796975754443, 14.084299432283638, -19.606959127586492, -4.2338971788443125, -55.23379947532012, -15.899458980932724, -22.817210924381957, -22.966879074430285, -11.63423323655158, -358.3340269804177, -38.89011742092374, -38.610038242860156, -47.1648623286163, -71.61274029680527, -11.333200084628285}. 
188. Score 15948.18; {102.90312657734086, -53.921512819964235, 7.890572590163849, -10.009907687967402, 0.7278346559964706, -41.82795594478863, -14.88146193219059, -23.55199687361413, -35.087940532429144, -21.105231686545494, -295.63342040193567, -60.50525710321658, -55.04302917301866, -57.48592904161346, -60.51607625912058, -20.447155221279658}. 
189. Score 17186.0; {92.92498243581271, -52.409828069323225, 5.650332324051913, -9.162349045028048, -12.840443864043563, -47.19134497244149, -13.226580530645812, -24.67843705024355, -15.237871986767047, -27.166659883763167, -319.19431879415214, -71.51043656093879, -53.47755980635061, -50.531816906107736, -63.48208406214947, -13.43569956489294}. 
190. Score 16750.92; {88.70142008479563, -63.826301992044826, 1.1108352310292116, -3.1411260512137744, -1.7856226961330062, -59.04933639524643, -19.57129017196501, -31.647721977884903, -37.65095103093593, -33.70371798507895, -306.61421688802784, -41.01958727026203, -62.87849823476225, -43.305619465917246, -55.7748198017075, -13.167664117876804}. 
191. Score 16330.88; {91.1117717057706, -64.40114301978112, -1.3700444633033728, -12.444532219808336, -3.880664762486925, -55.29973274375456, -29.096940503848955, -25.926712904694746, -32.60201362219059, -27.774945695767695, -276.836488860892, -53.57072558054426, -63.39674521092301, -37.85136791481622, -54.49518665492733, -7.988688398687206}. 
192. Score 16712.66; {97.35204175643625, -62.20972504367383, 4.432459335735649, -11.729001132480205, 1.060070159656213, -52.30798745980763, -19.117582529626617, -26.725298371853302, -27.41389760616717, -29.004411518937804, -307.07772580416196, -38.674676196878636, -56.79161526705529, -51.50876084027845, -70.15901992823933, -13.87025427266907}. 
193. Score 17980.9; {75.99824505756644, -48.88628896743752, 1.7929657947181163, -11.020661130108921, -10.558463459865118, -56.43511972913304, -26.676224017557793, -35.42143511023293, -34.77488556094046, -23.692046100970877, -308.68621455151555, -47.35845495789496, -45.31374253803588, -33.10805531065837, -55.6447267216223, -7.287294411496386}. 
194. Score 16827.87; {92.60489894617805, -67.97796975754443, 14.084299432283638, -19.606959127586492, -4.2338971788443125, -55.23379947532012, -15.899458980932724, -22.817210924381957, -22.966879074430285, -11.63423323655158, -358.3340269804177, -38.89011742092374, -38.610038242860156, -47.1648623286163, -71.61274029680527, -11.333200084628285}. 
195. Score 16711.81; {91.36090260727188, -61.439164736017915, 11.727529226914301, -19.008706916247945, -4.430227266410235, -61.78125393846407, -17.274548961938276, -29.029887723074236, -23.760943485282368, -13.142743289007468, -318.9740813739507, -66.78532682213604, -53.268058747660874, -46.73264452485158, -59.81649409284764, -9.327137497261964}. 
196. Score 17971.61; {75.99824505756644, -48.88628896743752, 1.7929657947181163, -11.020661130108921, -10.558463459865118, -56.43511972913304, -26.676224017557793, -35.42143511023293, -34.77488556094046, -23.692046100970877, -308.68621455151555, -47.35845495789496, -45.31374253803588, -33.10805531065837, -55.6447267216223, -7.287294411496386}. 
197. Score 17473.16; {90.1322266801997, -68.71695438502006, 0.8424711553882439, -10.766369583241714, -10.910677145130421, -60.686675581944755, -21.242081827270383, -37.604470413716626, -25.89894388194144, -32.47301500202277, -308.3524608469288, -50.01114094419455, -58.397552991427375, -42.290854944265405, -45.39845337068248, -14.561538431665598}. 
198. Score 16848.44; {85.72539094986126, -52.7209342995815, 5.301810461636107, -12.079256770075347, 1.0651414874729477, -63.6395499929523, -16.87645501956672, -25.192619270070292, -27.516415648974256, -27.980882372929784, -287.57755640240566, -60.22518569107831, -59.52350395055973, -41.35492614690575, -63.06844259272857, -16.77901566811031}. 
199. Score 18712.39; {95.21820847107318, -60.38872189851891, 3.824516285918761, -12.465234600215364, -1.886406115405238, -64.76345627528333, -27.141992872601065, -37.66030338208588, -39.90932741838461, -34.3207116137441, -330.8504955310018, -44.846992518345786, -59.43387776668165, -43.76603928294845, -60.5889686726805, -26.357082195660833}. 
200. Score 17768.03; {95.24172536748557, -59.40773623943958, -4.515667117263126, -19.858691945077073, 12.772400865177243, -53.62564722529106, -10.715019179803118, -26.545948395284206, -31.687189757945845, -20.329844709059234, -325.27645082364114, -42.62675814023607, -37.47172674832834, -48.90667347779663, -52.847926081944074, -17.445253705284316}. 
Average performance now of best params: 275455.59
201. Score 17616.45; {75.99824505756644, -48.88628896743752, 1.7929657947181163, -11.020661130108921, -10.558463459865118, -56.43511972913304, -26.676224017557793, -35.42143511023293, -34.77488556094046, -23.692046100970877, -308.68621455151555, -47.35845495789496, -45.31374253803588, -33.10805531065837, -55.6447267216223, -7.287294411496386}. 
