
nSamples 100, nElitists 100, initialNoise 0.0, noiseStep 0.0: 
39.7; [0.5295849665429251, -16.86642527327748, -1.8522870649798864, -0.5223405028819866, 0.8680908405452388, -13.92429353826697, -1.8139428442978036, -10.025457668808205, -7.173832558826367, -11.253166408315176, -9.037278612521606, -11.026671844606737, -5.244427291232006, -16.18202643098488, -5.340215245992338]. 
159.08; [-2.898467467798752, -7.012401036570134, -22.945403694281175, -3.253378038670616, 14.423650379360023, -9.635889159613976, -2.9566700395418124, -6.228471590516218, -4.412432834579493, -4.438489773006077, -42.06046955243463, 1.2103648152265447, -25.100599165176643, -29.918569108155168, -23.8271444814974]. 
249.82; [-3.6087357869544063, -7.543409600375215, -9.72424477896178, -10.992754041472152, 3.263147431328848, -10.47616182736922, 5.071295001459359, -2.6304707296034433, -1.1543123956593933, 0.20698038982735945, -31.173043979722735, 3.5642277030700487, -10.714014756040148, -23.204386900711246, -17.16747823220493]. 
352.51; [-7.307196161582483, -8.172429173480165, -17.904746279636978, -13.32412217446923, -0.04378178529845833, -6.397061727514396, -2.9366098500093165, -13.01617342965432, -3.4355900310253515, -11.76279661938419, -44.18991809964348, 9.812131135146746, -28.284707848253124, -37.300248073967644, -30.740145875569574]. 
439.57; [-7.307196161582483, -8.172429173480165, -17.904746279636978, -13.32412217446923, -0.04378178529845833, -6.397061727514396, -2.9366098500093165, -13.01617342965432, -3.4355900310253515, -11.76279661938419, -44.18991809964348, 9.812131135146746, -28.284707848253124, -37.300248073967644, -30.740145875569574]. 
737.0; [-3.7421202215978635, -6.637886322751001, -11.590675601719134, -4.291588621795016, -5.014642935177388, -17.042750011010746, -3.033454592254806, -11.760095142562346, 1.217850720790283, -4.118071929986501, -40.022445009306715, 12.329381304822181, -21.023975365824015, -20.03980616916039, -19.99589561315156]. 
770.4; [-3.7421202215978635, -6.637886322751001, -11.590675601719134, -4.291588621795016, -5.014642935177388, -17.042750011010746, -3.033454592254806, -11.760095142562346, 1.217850720790283, -4.118071929986501, -40.022445009306715, 12.329381304822181, -21.023975365824015, -20.03980616916039, -19.99589561315156]. 
819.05; [-12.333518287170154, -20.172384538809414, -28.12102781069031, -9.882459374619602, -10.426607740462144, -14.046509129502638, 1.8625882009650288, -20.343118525367654, -0.5769986035601213, -25.443456058673277, -64.79644683534741, 18.589613736885344, -36.39718315383796, -34.47172972993726, -37.84056928584734]. 
1135.96; [-6.163980854043062, -8.629173879321298, -19.689711269297796, -9.48712931803217, -1.42305595693269, 2.7460753370012796, 4.941851754434935, -10.50047712032207, 2.5622456076716595, -12.67315746776647, -47.28233559302604, 6.4477546880138386, -26.961382447222935, -31.343204913649103, -28.64748315083936]. 
1026.03; [-6.163980854043062, -8.629173879321298, -19.689711269297796, -9.48712931803217, -1.42305595693269, 2.7460753370012796, 4.941851754434935, -10.50047712032207, 2.5622456076716595, -12.67315746776647, -47.28233559302604, 6.4477546880138386, -26.961382447222935, -31.343204913649103, -28.64748315083936]. 
1417.15; [-7.898350379109899, -12.79565633451143, -24.16561300621151, -4.867576610078452, -1.1998918184855207, -14.553269286521967, 4.99236620955176, -6.794837218310727, -1.6016899452555982, -6.801577674294736, -61.98316535336292, 17.66302681240746, -29.09940199397147, -33.357768860309776, -31.073243638377107]. 
1479.99; [-9.903289480490008, -9.166482251258572, -23.85756695433606, -4.9997090764818894, -0.44895153891903017, -10.933441356909487, 2.6406442959552834, -12.112827272772488, -5.738824843517982, -7.808750535111109, -54.345133033998735, 9.199634987063945, -30.67726080959019, -27.550114208635726, -29.123851333882186]. 
1478.97; [-7.1039724172468075, -10.109527712886344, -20.259332317574966, -3.354748528275292, -5.587015580170797, -9.445548002006227, 0.8734833230610972, -10.12944916451211, 2.3252212668894376, -10.366410954128884, -49.47951980110382, 9.578068932030071, -24.874147077641183, -21.74256671474289, -24.728814311984674]. 
1533.32; [-7.1039724172468075, -10.109527712886344, -20.259332317574966, -3.354748528275292, -5.587015580170797, -9.445548002006227, 0.8734833230610972, -10.12944916451211, 2.3252212668894376, -10.366410954128884, -49.47951980110382, 9.578068932030071, -24.874147077641183, -21.74256671474289, -24.728814311984674]. 
1637.69; [-9.375079332132275, -7.652549324971789, -19.581560665846094, -2.1037249342838704, -3.9653549436852464, -6.807448906408072, 0.6345536121086477, -9.737129051270944, 0.6628852529835279, -7.665905300517126, -47.14890833951435, 10.071297582393388, -23.990625468160435, -22.250437820440602, -21.280714150899378]. 
1940.25; [-5.641886763000917, -11.723879590698964, -19.190999527226445, -7.1007416685196425, -3.5759300963175216, -11.166474229906957, 4.1693277392842205, -10.306444301386074, -0.2739697960450702, -7.9254874026506235, -51.53348234572401, 9.005435945446186, -28.784368070441133, -25.775868659818958, -26.357601433841303]. 
2233.54; [-5.641886763000917, -11.723879590698964, -19.190999527226445, -7.1007416685196425, -3.5759300963175216, -11.166474229906957, 4.1693277392842205, -10.306444301386074, -0.2739697960450702, -7.9254874026506235, -51.53348234572401, 9.005435945446186, -28.784368070441133, -25.775868659818958, -26.357601433841303]. 
1975.71; [-5.641886763000917, -11.723879590698964, -19.190999527226445, -7.1007416685196425, -3.5759300963175216, -11.166474229906957, 4.1693277392842205, -10.306444301386074, -0.2739697960450702, -7.9254874026506235, -51.53348234572401, 9.005435945446186, -28.784368070441133, -25.775868659818958, -26.357601433841303]. 
1993.97; [-5.745726046916935, -8.502404753445946, -21.28520403745339, -6.32089037785709, 0.8763953344330799, -9.932721147237068, 0.856671539334172, -9.73177780108815, -0.4840961862310861, -8.680264088151848, -56.61610185859932, 8.022082596477862, -32.22052692077503, -30.967936042107624, -28.726225334118027]. 
2133.18; [-1.9522003631263036, -8.867657225340583, -15.92589784561507, -7.935304688211206, -0.2808774806482739, -7.595902082247283, 2.055941048401085, -1.4913292808312981, -1.7996030957972207, -2.127149411805309, -38.028611196044935, 4.794540573553368, -20.0485789592343, -20.883757744198167, -19.129732720273]. 
2249.92; [-5.641886763000917, -11.723879590698964, -19.190999527226445, -7.1007416685196425, -3.5759300963175216, -11.166474229906957, 4.1693277392842205, -10.306444301386074, -0.2739697960450702, -7.9254874026506235, -51.53348234572401, 9.005435945446186, -28.784368070441133, -25.775868659818958, -26.357601433841303]. 
2482.96; [-5.641886763000917, -11.723879590698964, -19.190999527226445, -7.1007416685196425, -3.5759300963175216, -11.166474229906957, 4.1693277392842205, -10.306444301386074, -0.2739697960450702, -7.9254874026506235, -51.53348234572401, 9.005435945446186, -28.784368070441133, -25.775868659818958, -26.357601433841303]. 
2565.22; [-2.353126288362472, -8.914068756752485, -14.714226309752583, -6.129516174709079, -4.102336319999026, -10.968704137139431, 1.3075747935697886, -9.073754481905912, 1.5477714511107878, -6.47296592604282, -39.477170001086066, 0.5163582384192011, -22.069813864805976, -15.740451469612006, -19.2784938717854]. 
2599.35; [-2.353126288362472, -8.914068756752485, -14.714226309752583, -6.129516174709079, -4.102336319999026, -10.968704137139431, 1.3075747935697886, -9.073754481905912, 1.5477714511107878, -6.47296592604282, -39.477170001086066, 0.5163582384192011, -22.069813864805976, -15.740451469612006, -19.2784938717854]. 
2568.99; [-3.393323040126383, -6.46393215601112, -15.941786230475339, -3.1650381437725414, -2.384550993107699, -11.019983986862584, 2.3846079561528852, -6.036098312712207, -1.6477525928620937, -3.0032265568106755, -41.23903947646373, 5.366597738964803, -21.625965545945753, -18.145757238693765, -19.359988580126185]. 
2982.9; [-3.393323040126383, -6.46393215601112, -15.941786230475339, -3.1650381437725414, -2.384550993107699, -11.019983986862584, 2.3846079561528852, -6.036098312712207, -1.6477525928620937, -3.0032265568106755, -41.23903947646373, 5.366597738964803, -21.625965545945753, -18.145757238693765, -19.359988580126185]. 
3194.28; [-4.168636189099551, -9.011150016706223, -12.547876980920808, -5.275264973206176, -5.293020421908132, -6.658941344173886, -1.1358901897106106, -5.585920116662436, 0.5549385783317841, -7.102732819569912, -33.014816030869966, 3.683436088128823, -18.565657552184092, -13.989800958284574, -14.218518446743824]. 
3585.66; [-4.8664300348975456, -4.487561893715305, -15.208325967735915, -2.6203153735786984, -2.304717264827797, -8.090754567251707, -0.2862712113016581, -8.491740126415452, -0.9642868841923287, -6.92269758732249, -40.17335666768263, 6.47241662309209, -24.09527860068192, -19.32587104506417, -18.7423337328339]. 
3928.04; [-2.3846788318734027, -4.714149015040638, -11.778725196088923, -1.5162192457524952, -2.6234172418407926, -9.457123140124594, -0.5283159391521437, -6.742338700062456, -0.7975651507676811, -4.313676152622449, -33.57258258462055, 4.752030873050213, -18.9821931430197, -14.854938459286494, -14.685536966587684]. 
3881.16; [-2.3846788318734027, -4.714149015040638, -11.778725196088923, -1.5162192457524952, -2.6234172418407926, -9.457123140124594, -0.5283159391521437, -6.742338700062456, -0.7975651507676811, -4.313676152622449, -33.57258258462055, 4.752030873050213, -18.9821931430197, -14.854938459286494, -14.685536966587684]. 
4574.97; [-4.884917611910807, -6.114017018003251, -14.11990307851164, -3.4195493728514963, -2.665725999200972, -7.234236170521998, 0.04880988071423775, -6.58867277135154, -0.7858419179966478, -5.783717007345666, -37.76373183002234, 7.064973722127707, -21.51419800657433, -18.142715563775237, -16.79580893949963]. 
4263.48; [-2.4837612598897563, -5.739783284351801, -11.751318910832158, -1.187416843846906, -3.3925236495591444, -8.314443857420937, -0.196910199254047, -5.941310790521226, -0.7419633766686156, -5.203432641567031, -31.490050398208105, 5.437942088328689, -17.599485752604267, -13.587246391401518, -13.018392227074159]. 
4655.78; [-2.2152858231899057, -4.673741021168173, -11.087232393047195, -3.4071652305768683, -3.325770359218177, -6.026888623593888, -0.9293033055596654, -3.7209436563267957, 0.2569501810867459, -4.774755484303915, -28.267781662093945, 1.3082675707112639, -15.604759779555854, -11.466380176614845, -12.180737998102975]. 
4961.51; [-2.2152858231899057, -4.673741021168173, -11.087232393047195, -3.4071652305768683, -3.325770359218177, -6.026888623593888, -0.9293033055596654, -3.7209436563267957, 0.2569501810867459, -4.774755484303915, -28.267781662093945, 1.3082675707112639, -15.604759779555854, -11.466380176614845, -12.180737998102975]. 
4361.63; [-3.1223496786439835, -5.42879975818611, -12.29172928690719, -1.6910483214354752, -2.902400747511942, -7.622454240809813, 0.8023529721332403, -5.445137347766319, -0.40289025060722117, -5.04129853769495, -34.25740170200718, 6.959265113416066, -18.565442368460854, -15.59198392730164, -14.585480011562217]. 
4558.59; [-1.9501884847838125, -4.606059072251952, -10.697216904494534, -1.8336125031535973, -2.296251056224556, -5.805373425104052, -0.15184908043968004, -3.6232506109472578, -0.13793159534955324, -4.310059501700402, -29.04809048875059, 6.138199861777634, -15.968997339068647, -13.88751421120773, -11.999334166200844]. 
5039.98; [-0.8158776825600336, -3.2668491752678857, -9.483504465019761, 0.14753086587182995, -1.5129365996456028, -6.897125427088903, -1.1330098399673123, -5.7539948296474694, -0.01860649515004953, -4.839174772624223, -27.373412504375814, 4.327846652393526, -16.491184692342955, -12.298947377487496, -10.741990291122558]. 
5664.16; [-0.33051028901199997, -4.626268574367558, -7.529158624216252, -2.6005223642345445, -3.5082322400413877, -6.9033279239719345, -0.4684582437619796, -2.168151344897692, -0.3174687348885895, -1.928889091325415, -23.123519889338542, 2.0439782496369645, -11.917482855797155, -9.153294048153276, -9.52668340531292]. 
6764.73; [-0.30767030737688494, -2.5355811373011763, -8.898567571610446, -2.08714425534862, -2.552918784362378, -7.202211381583332, -1.420360614285467, -2.847222102496633, 0.17759383222461597, -3.039361480063053, -24.80904610785965, 0.6082738565188031, -13.777068110607416, -9.821994214735309, -10.236170427230652]. 
