
nSamples 100, nElitists 100, initialNoise 0.0, noiseStep 0.0: 
5.43; [1.3491416583139841, -1.2413119254175347, 13.250769986803226, -7.6646674847697085, 0.551203971436712, 6.424001347326175, -3.714898588306597, -5.743920717533777, -1.4992615347082054, 10.932600679762437, -2.9434573576234473, -0.05016367294841007, -2.7502445685661616, -25.122636787360634, 4.591890830291546]. 
35.87; [-3.182840904218244, 2.79841645601776, -5.367836982488981, 0.6996783953783876, -12.930502629790059, 6.056100829491454, -19.926856636972097, -10.632441095630735, -22.731030109230083, 1.0015626232660118, -15.093650967501027, 4.757558275057302, -15.75381584273723, -19.206541026022723, 1.982338736661824]. 
78.26; [4.096414764825999, 3.1249329578919878, -18.343373358996153, -2.685257712635727, -12.543615969806588, 2.666799732910433, -27.791937927783245, -8.369237838738979, -6.469236566502442, 3.942051254796871, -16.35667740046338, 3.0967793862543282, -18.88053371662102, -16.12129353805776, -4.823355486641142]. 
84.82; [12.909659765920562, 5.7834467431958885, -15.340846982177766, -1.7265865254716002, -10.613805805205507, -5.048835041018021, -25.51273835943463, -5.684978098431282, -13.32762675310954, -9.113474137340862, -19.072883993741872, -1.266831608496524, -17.416283513629885, -18.18889312847109, -8.676843165154281]. 
81.17; [12.909659765920562, 5.7834467431958885, -15.340846982177766, -1.7265865254716002, -10.613805805205507, -5.048835041018021, -25.51273835943463, -5.684978098431282, -13.32762675310954, -9.113474137340862, -19.072883993741872, -1.266831608496524, -17.416283513629885, -18.18889312847109, -8.676843165154281]. 
89.32; [6.2525897506614045, 20.428055320035096, -27.577584212046297, -2.016959518819645, -19.62192868735268, 12.549359794068893, -37.415399987813615, -7.784536886996355, -9.909338249057576, -6.501043268748148, -29.172450830282752, 11.199181377663802, -34.08075993595524, -38.04100133422251, -3.8817607064157507]. 
99.43; [6.2525897506614045, 20.428055320035096, -27.577584212046297, -2.016959518819645, -19.62192868735268, 12.549359794068893, -37.415399987813615, -7.784536886996355, -9.909338249057576, -6.501043268748148, -29.172450830282752, 11.199181377663802, -34.08075993595524, -38.04100133422251, -3.8817607064157507]. 
106.15; [6.2525897506614045, 20.428055320035096, -27.577584212046297, -2.016959518819645, -19.62192868735268, 12.549359794068893, -37.415399987813615, -7.784536886996355, -9.909338249057576, -6.501043268748148, -29.172450830282752, 11.199181377663802, -34.08075993595524, -38.04100133422251, -3.8817607064157507]. 
223.3; [10.708206683185574, 11.080437679572622, -13.323386770130266, -6.781566095483707, -4.44164338443424, -3.317867976444658, -15.134196007957893, 0.11474229315829021, -5.197814276075838, -4.705126109343368, -25.14751967318654, -2.27195838391504, -20.904549964729483, -20.26378989873065, -1.6375559452918131]. 
206.95; [10.708206683185574, 11.080437679572622, -13.323386770130266, -6.781566095483707, -4.44164338443424, -3.317867976444658, -15.134196007957893, 0.11474229315829021, -5.197814276075838, -4.705126109343368, -25.14751967318654, -2.27195838391504, -20.904549964729483, -20.26378989873065, -1.6375559452918131]. 
257.18; [6.64548258091979, 9.76297620989294, -10.113411813728643, -7.97412876764615, -8.036232277931248, -3.109531402772669, -16.210162113879786, -6.388567154212035, -5.079283416137405, 1.760152906222336, -24.49273200029923, -0.14464177764733943, -16.570135484031717, -13.521090449099269, -2.952921029685269]. 
296.81; [9.726800421313795, 8.48755553147858, -16.929473161304056, -0.5451871283991587, -8.064394977200216, -2.4620619621061905, -21.324532999829053, -8.130089819627221, -10.364993473442857, -3.954885097206249, -28.148403517445328, -0.09856055854221957, -20.272918900180606, -18.331368537527926, -1.5327436243036305]. 
306.62; [9.726800421313795, 8.48755553147858, -16.929473161304056, -0.5451871283991587, -8.064394977200216, -2.4620619621061905, -21.324532999829053, -8.130089819627221, -10.364993473442857, -3.954885097206249, -28.148403517445328, -0.09856055854221957, -20.272918900180606, -18.331368537527926, -1.5327436243036305]. 
337.1; [2.859976551332272, -1.7990156993530757, -4.9670844170802955, -4.116093368517968, -1.8441300835671868, -2.096872576699604, -8.68536724856098, -5.167640155230398, -4.974655790491153, 1.1672058641185148, -13.697423990703955, -2.434727903042865, -8.993405617378844, -6.462305557989378, -1.6053741462050364]. 
341.32; [6.870870809397952, 6.844257352956685, -11.618349737556045, -4.4597999175728305, -6.463079547537418, -3.494404187636751, -18.763154246621134, -7.96396018402761, -10.427295609913532, -2.324773658389198, -25.533799295508345, -0.716863424047264, -20.698727398639566, -14.89207512692303, -0.6738764841427889]. 
556.35; [13.774974841830733, 4.427562459571595, -15.478762473944954, -1.7044485234535127, -3.7220599814733424, -8.112186682228693, -16.659477779734928, -5.81620685323549, -2.1247432677301656, -3.329890346240625, -25.663616455168036, -3.3084259532885434, -19.208673360289758, -12.773452958200073, -2.4078270528161285]. 
546.38; [13.774974841830733, 4.427562459571595, -15.478762473944954, -1.7044485234535127, -3.7220599814733424, -8.112186682228693, -16.659477779734928, -5.81620685323549, -2.1247432677301656, -3.329890346240625, -25.663616455168036, -3.3084259532885434, -19.208673360289758, -12.773452958200073, -2.4078270528161285]. 
686.91; [5.617089327856028, -0.4236850873025606, -5.957110614803796, -2.998332176915656, 1.3793151751401354, -6.148053133323215, -6.0455778712165404, -2.198269129754217, -2.562443059830182, -0.1529475028505598, -18.511524278283208, -5.995970011719043, -10.107069141114279, -7.611384136341961, 2.505809262674576]. 
905.81; [8.354135033795552, 3.2657712636105334, -11.97415148065984, -1.4389389575514486, -0.03773770665376919, -4.8614419104677475, -11.564601102191528, -2.9267274367479095, -0.42528167534283057, -1.5040688577648764, -25.22890369260448, -3.0022748936392163, -16.508348356398763, -12.322368387374109, 1.0407659049962819]. 
850.58; [11.080010576842733, -2.5660967017937137, -8.122171778461432, -1.9611076119895932, -2.406109490271681, -7.150806841203208, -9.797804800009633, -5.825767842780603, -3.3136101726099985, 0.7819796570834576, -24.193832687335664, -5.2600989375180776, -13.814762621690138, -9.969469433030717, 1.901545258617126]. 
944.23; [7.804143408070792, 2.46445400267109, -6.432262520553502, -6.5567744970850566, -2.44955547902246, -3.2665708220555576, -7.1200684891205634, -4.902915773331982, -0.8964343330504901, -0.3565789891212321, -20.955922449702136, -4.318691766181438, -13.075824150674453, -10.713465331656082, 0.10366670086385917]. 
1138.24; [8.806702063644844, -0.5627365932684611, -7.08312020662832, -2.5766099428392604, -1.2574293062437318, -6.610050317934718, -7.275169232799128, -6.903907715230619, -1.8096801543607142, -1.6876878092195808, -21.049465261611267, -4.887872112247829, -11.523215111513917, -8.603182153876055, -0.7512523877345636]. 
1455.54; [5.167992822953007, 2.1056420811398437, -6.0960892622968705, -5.058453603208449, -0.029619047976194413, -2.4891917290310888, -4.607416343394631, -5.339828589346061, -0.8997979372299818, -0.7598522254907718, -18.55858904397472, -3.0952920591690276, -10.207461682515055, -8.417723903674649, 0.33731339736521865]. 
1216.91; [5.167992822953007, 2.1056420811398437, -6.0960892622968705, -5.058453603208449, -0.029619047976194413, -2.4891917290310888, -4.607416343394631, -5.339828589346061, -0.8997979372299818, -0.7598522254907718, -18.55858904397472, -3.0952920591690276, -10.207461682515055, -8.417723903674649, 0.33731339736521865]. 
1860.59; [7.659344013960934, -2.797956485906575, -3.7924594530501983, -3.529854423319227, 2.071335427942321, -3.069960674144866, -2.4037171041583463, -3.221875805452792, -1.0672846650601038, 1.9236083571984997, -20.505472877174327, -4.035893951382252, -7.405805289331779, -8.276226439099487, 0.6985067825104903]. 
1768.52; [6.608632547587912, -2.5743675129579042, -4.06446034702973, -4.739804667529992, 0.3527908837330862, -3.819731896337789, -3.3082291269534476, -3.311315913869703, -1.7817466654741223, 1.2898712793859999, -18.995190443941688, -5.640998706291085, -8.268273619816839, -7.601708988218072, 0.27347337593158577]. 
1613.01; [7.26325896869285, 0.573744182125923, -6.311371593580873, -4.481724512626468, 0.03619909445742331, -3.601351473242694, -5.289608103355107, -4.394422434952109, -1.4521168797671669, -0.025398091181259186, -21.351373388993387, -3.8631377908405993, -11.452078115756592, -8.855040368455038, 0.10014987896430766]. 
2044.1; [7.659344013960934, -2.797956485906575, -3.7924594530501983, -3.529854423319227, 2.071335427942321, -3.069960674144866, -2.4037171041583463, -3.221875805452792, -1.0672846650601038, 1.9236083571984997, -20.505472877174327, -4.035893951382252, -7.405805289331779, -8.276226439099487, 0.6985067825104903]. 
1916.49; [7.26325896869285, 0.573744182125923, -6.311371593580873, -4.481724512626468, 0.03619909445742331, -3.601351473242694, -5.289608103355107, -4.394422434952109, -1.4521168797671669, -0.025398091181259186, -21.351373388993387, -3.8631377908405993, -11.452078115756592, -8.855040368455038, 0.10014987896430766]. 
1903.37; [7.26325896869285, 0.573744182125923, -6.311371593580873, -4.481724512626468, 0.03619909445742331, -3.601351473242694, -5.289608103355107, -4.394422434952109, -1.4521168797671669, -0.025398091181259186, -21.351373388993387, -3.8631377908405993, -11.452078115756592, -8.855040368455038, 0.10014987896430766]. 
2440.79; [6.953040386305809, -1.0850970096832637, -3.686162356890109, -4.594663785393652, 1.144827579760799, -2.3473348888196766, -3.606268650335294, -3.4599554109882513, -1.8287419955146764, 1.052345171498737, -20.438874346501702, -3.8545295968199467, -10.976466897763537, -8.918576046480574, -0.39933574822579615]. 
2102.73; [7.7291917202483695, -2.032796316267133, -5.34019414857968, -3.293083811621633, -0.1126420284768375, -4.556942038310969, -5.384468779430268, -4.374442329863872, -2.082530730933164, 0.8280079010005272, -21.19507573071625, -4.225030118076232, -11.530374746654722, -7.180431876774408, 0.8914778046889389]. 
2216.57; [7.921060691376133, -1.0531516240260257, -5.453577107094307, -4.674683533886423, 0.7064176279541453, -3.7226989433327082, -5.801605959486714, -3.047037934330466, -1.4019341297549786, 0.6684469038294042, -19.81831491823382, -5.144690405250293, -9.247406789834915, -7.073717465158401, -0.6904051192207846]. 
2463.83; [8.552600124910251, -1.8891086184771262, -6.346348173813669, -3.646241827719274, 0.03916266406843932, -5.190512004846738, -5.234161358821115, -4.598000925419924, -1.6829060058810672, -0.12086398761318629, -23.34374125164496, -5.109534948583949, -12.930276507342224, -9.292271931949143, 0.6462741054765034]. 
2370.85; [7.6128549526301565, -1.4882879688267596, -4.18596427024508, -2.901981794865451, 0.8097356225193304, -4.6124774305536445, -3.7240812600074156, -3.3738875718640786, -2.168752714970386, -0.11117697117978054, -21.32329023616398, -5.5880353080360585, -10.514053155123143, -7.797892563379329, 0.6815038846907809]. 
2516.02; [7.955153966108047, -2.4275164239309026, -1.777916417934109, -4.417630764748711, 1.2755615033722, -2.0777344858418956, -2.117308999124095, -2.5967069191385326, -1.142974714931154, 1.8424967234119665, -19.823523642750832, -4.4760659319466045, -10.256710874142549, -9.562549165635607, -0.5642235053498128]. 
2507.86; [8.134883076398108, -0.6712364777352576, -5.165042004916591, -3.9529038272180403, -0.294064361240211, -4.561837259818665, -5.724354012558879, -4.414709404475387, -3.2286907553013187, -0.7869877062215109, -20.438058931480086, -4.909295299563581, -11.788710241257913, -7.639980023218739, -0.8793768280707144]. 
2801.76; [8.921418748546532, -2.395238282446363, -4.471929956726582, -2.6821360916206816, -0.4482732067341928, -5.149407844540303, -5.695989551097573, -3.011788318155105, -2.1352811033243264, -1.6097743834691618, -21.670985300822085, -6.562408955694925, -11.864625149936053, -8.071445452011412, -0.037430857893186814]. 
2577.58; [8.760752951888257, -1.9672530107181478, -4.834271434015408, -3.7037772533956095, -0.16491266837629198, -4.313965220269935, -5.636070627744405, -4.243690150893546, -2.184706609289843, -0.13782125136056977, -22.38398597412412, -4.6139307589252905, -11.682170486760494, -8.69247482896026, -0.6983303462250002]. 
3137.01; [7.300499422135294, -2.518387600261647, -3.7848689655309835, -3.1347332856959453, 0.13623848958615364, -4.35261327252869, -5.08463125466692, -3.288188612599004, -1.9323284943083427, 0.8425752489953828, -21.0946047321991, -5.0886322457059245, -9.448403343399974, -5.5078743601182385, -0.7011485548240628]. 
3096.36; [8.114915883835774, -1.5962365429026946, -4.643459748037553, -3.4920911471838125, 0.2939918355663737, -4.119818907884657, -4.841387743586075, -3.1523503364668466, -2.5319361112465533, -0.11905809867025596, -21.892651272765413, -4.752522280008859, -10.691706424307496, -7.708787311392726, -0.7900458690820726]. 
2849.41; [8.001495221093876, -2.3627086466123584, -2.7573095023666556, -3.8178684303587143, 1.4246165851066135, -3.491199029256596, -1.7900913079429883, -2.9993284734391628, -2.0430008178930916, 0.8118664839386905, -20.40668933410594, -4.054293885805952, -10.908328982979393, -8.924422470603979, 0.23297824600521128]. 
