
nSamples 100, nElitists 100, initialNoise 50.0, noiseStep -0.1, height 20, nFeatures = 15, nTrials 100: 
1. Score 6.86; {-14.931761881269232, -1.052005391660087, 2.0356917006256077, -1.5478114730699455, 2.7049156445404057, -9.837301017555035, -13.92286210433257, -3.1484348525267682, -4.013864795216958, 4.428753742306658, -5.801917859644181, -7.113296398149563, 0.10685460770472377, -8.59616465289892, 7.607674695402714}. 
2. Score 36.64; {4.9427142511221405, -8.936120410597841, -13.138150743500113, -1.3724677935789287, 8.82503329582325, 1.0274305440691818, -4.85053129398525, 5.49393898398907, -16.734188123250863, -6.850400446934077, -27.96470843630887, 18.743343707371178, -3.523344702838527, -34.38475001382988, -8.563880241444181}. 
3. Score 199.5; {11.967562145421939, -21.190490904814762, -5.009188433658023, -19.570334180538694, 23.76516910536705, 5.846087825070755, -17.730538977337183, -4.613334492291938, -14.385211058975088, 7.09965335522339, -25.852228618839902, 4.563949540661162, -33.31536608512361, -32.58141787357188, -1.047511872913792}. 
4. Score 779.14; {6.635745691793029, -23.347725719063714, -15.211729992855664, -8.183176368755609, -2.298042589920291, 10.996223326052673, 7.839581686809151, 1.0693367702656191, -0.6796599223041149, 7.91979838087223, -26.58160617473422, -2.081415330520164, -13.739498153006299, -31.64949016836256, 2.748353099666618}. 
5. Score 779.28; {6.635745691793029, -23.347725719063714, -15.211729992855664, -8.183176368755609, -2.298042589920291, 10.996223326052673, 7.839581686809151, 1.0693367702656191, -0.6796599223041149, 7.91979838087223, -26.58160617473422, -2.081415330520164, -13.739498153006299, -31.64949016836256, 2.748353099666618}. 
6. Score 720.79; {6.635745691793029, -23.347725719063714, -15.211729992855664, -8.183176368755609, -2.298042589920291, 10.996223326052673, 7.839581686809151, 1.0693367702656191, -0.6796599223041149, 7.91979838087223, -26.58160617473422, -2.081415330520164, -13.739498153006299, -31.64949016836256, 2.748353099666618}. 
7. Score 819.23; {6.635745691793029, -23.347725719063714, -15.211729992855664, -8.183176368755609, -2.298042589920291, 10.996223326052673, 7.839581686809151, 1.0693367702656191, -0.6796599223041149, 7.91979838087223, -26.58160617473422, -2.081415330520164, -13.739498153006299, -31.64949016836256, 2.748353099666618}. 
8. Score 1916.61; {5.16541431900191, -24.062910403121272, -4.209485933953125, -26.322867975976926, 7.670659751960414, 0.9770531876147786, -25.460985026185828, -12.878782879753725, -18.01310887591897, -3.3410734315725517, -89.22073460597585, 18.67049780993071, -70.12455823956762, -57.753594170301874, -4.563694319657578}. 
9. Score 3589.0; {17.2128159500468, -45.73015332065212, -18.508613034047098, -25.157822283205956, 10.131451546899264, 7.730443416259046, -23.99702956672246, -1.0723816466318565, -17.40428194813162, -5.553313343460479, -80.2299177178765, -2.990430828190142, -55.99178605710243, -51.605477221695, -6.049396882465305}. 
10. Score 4374.46; {17.2128159500468, -45.73015332065212, -18.508613034047098, -25.157822283205956, 10.131451546899264, 7.730443416259046, -23.99702956672246, -1.0723816466318565, -17.40428194813162, -5.553313343460479, -80.2299177178765, -2.990430828190142, -55.99178605710243, -51.605477221695, -6.049396882465305}. 
11. Score 8269.05; {22.780494478151105, -58.90833232426324, -28.29710888812745, -34.6538166497553, 8.557178080868637, 9.81890593916993, -12.798565165614427, -19.204536282314066, -24.973024287501445, 2.3414682063516574, -143.71707975958503, -1.1072205147626066, -88.60791827438008, -92.68948373890798, -21.212324618756835}. 
12. Score 9040.87; {22.780494478151105, -58.90833232426324, -28.29710888812745, -34.6538166497553, 8.557178080868637, 9.81890593916993, -12.798565165614427, -19.204536282314066, -24.973024287501445, 2.3414682063516574, -143.71707975958503, -1.1072205147626066, -88.60791827438008, -92.68948373890798, -21.212324618756835}. 
13. Score 9454.14; {22.780494478151105, -58.90833232426324, -28.29710888812745, -34.6538166497553, 8.557178080868637, 9.81890593916993, -12.798565165614427, -19.204536282314066, -24.973024287501445, 2.3414682063516574, -143.71707975958503, -1.1072205147626066, -88.60791827438008, -92.68948373890798, -21.212324618756835}. 
14. Score 10329.92; {25.08082966763228, -63.352960988065995, -36.32431583760854, -20.495374625430554, -7.754331428291657, 9.381887916999702, 6.819448536603918, -13.310390656847833, -21.532140341027443, -2.7862850155985166, -126.27468603996829, -9.927851991126353, -80.09088116594938, -91.65412455987735, -17.948281840857227}. 
15. Score 9894.76; {25.08082966763228, -63.352960988065995, -36.32431583760854, -20.495374625430554, -7.754331428291657, 9.381887916999702, 6.819448536603918, -13.310390656847833, -21.532140341027443, -2.7862850155985166, -126.27468603996829, -9.927851991126353, -80.09088116594938, -91.65412455987735, -17.948281840857227}. 
16. Score 10854.98; {30.64005981711172, -58.19485657737049, -21.06441682846745, -49.41102264375774, 12.265596857160915, 5.853643719495926, -24.602326241201375, 11.98547633436538, -24.415460315725106, 13.037622530107065, -145.1708630104905, -41.93208062670012, -105.47919053569521, -91.6426013261016, -27.55059391057226}. 
17. Score 28443.28; {27.599665650473288, -63.67885284793523, -16.487830638831095, -18.529968475173785, -10.926770955313028, 10.188907854475096, 0.35971065665889235, -17.227753416895535, -16.82018046471827, -9.534191894196127, -160.52420791321694, -21.95045306186509, -84.15308507599013, -90.0477406120529, -22.8287866124613}. 
18. Score 26564.07; {27.599665650473288, -63.67885284793523, -16.487830638831095, -18.529968475173785, -10.926770955313028, 10.188907854475096, 0.35971065665889235, -17.227753416895535, -16.82018046471827, -9.534191894196127, -160.52420791321694, -21.95045306186509, -84.15308507599013, -90.0477406120529, -22.8287866124613}. 
19. Score 31454.84; {27.599665650473288, -63.67885284793523, -16.487830638831095, -18.529968475173785, -10.926770955313028, 10.188907854475096, 0.35971065665889235, -17.227753416895535, -16.82018046471827, -9.534191894196127, -160.52420791321694, -21.95045306186509, -84.15308507599013, -90.0477406120529, -22.8287866124613}. 
