
nSamples 100, nElitists 100, initialNoise 50.0, noiseStep -0.1, height 20, nFeatures = 15, nTrials 100: 
1. Score 90.11; {-5.5299849687141736, -5.585473499725246, 1.00673800854931, -7.7457132092130525, -2.717516049242561, -3.1633290309441566, -8.183590602311376, 10.557619527480425, 3.940625523438478, 3.324603396901977, -14.29766620238234, -10.907295382549849, -6.309991821357391, -17.574158835528348, -6.444224616863721}. 
2. Score 151.98; {-6.187445474895043, -8.004231389026838, -13.69726471281883, -17.968912516968178, -16.338579731350972, -0.8014022475658169, 3.3668532873801595, 10.28213518422706, 0.64169386701632, -12.743973555884779, -12.359847443247546, -15.431077822470339, -24.47769586632649, -41.129580503264116, -25.66346433851146}. 
3. Score 297.09; {-9.109682314625672, -13.849713251989527, -31.547578925323933, -10.340267348388512, -9.514343402085267, -14.569342545879223, -0.13054203056518965, 12.477884423252526, 7.323463411722885, -6.1692877690660985, -32.329787214307636, -42.31393119387815, -42.48955034852193, -52.65221139539247, -6.497616150562553}. 
4. Score 387.57; {-37.23068714827866, -7.419258062443051, -22.644190088559775, -9.390208634241471, -11.59051894266014, -32.37213122848277, 8.668703777506579, 32.726053252465086, 11.43493243690488, 3.5325352528714884, -77.99675260193126, -60.106444158654284, -79.5516884920465, -102.65909091638216, -21.48346075365773}. 
5. Score 434.44; {-16.909184650082665, -6.280458392009481, -13.546886839330504, -20.887204265062746, -4.249687855290009, -17.784605556787085, 3.7740826017076916, 10.36360171522838, 10.461394097895688, 9.87202317937704, -52.840588722390564, -38.298302635627664, -44.08063503098423, -58.03481751913295, -30.29715523163738}. 
6. Score 820.77; {-34.56170580715886, 3.9333549320263383, -12.629192445051682, -17.49328037509505, -13.991553368245434, -28.418262194306244, 1.4370085744452243, 13.884360497701488, -1.8586322859890725, -9.139634007166256, -74.05762593196823, -22.27479100514749, -64.43273162433448, -57.174297409849, 1.3495069876494696}. 
7. Score 1016.46; {-23.172267547892094, -12.534720683046501, -18.61967302344804, -27.50422974106032, -19.407621794383523, -30.607762970769585, 7.147911483329668, 36.44821960326972, 0.6284580674573412, -9.238656719691232, -82.12067699713671, -36.886245030438154, -73.60775708693183, -57.248266816391, -12.23744538221735}. 
8. Score 1899.33; {-14.256684921294733, 3.1000817600629755, -36.587291724574456, -43.78441704097871, 5.412595601211375, -41.54335553674473, 18.3610982215328, 12.672740911029676, 15.412069088023888, 3.8560194694345507, -91.74617714032544, -50.288376006967894, -94.43916696249845, -70.70456775161105, -25.55968840711105}. 
9. Score 1920.58; {-14.256684921294733, 3.1000817600629755, -36.587291724574456, -43.78441704097871, 5.412595601211375, -41.54335553674473, 18.3610982215328, 12.672740911029676, 15.412069088023888, 3.8560194694345507, -91.74617714032544, -50.288376006967894, -94.43916696249845, -70.70456775161105, -25.55968840711105}. 
10. Score 2250.56; {-12.218051844597685, 1.4639486043927192, -40.193111592564335, -24.19218310522961, -11.387568965296778, -45.48211492528074, 18.523812580881764, 0.8253399739386929, 4.358947933232356, -0.9159264678267318, -102.35775197045692, -15.927119991725654, -73.03979851838605, -47.86419065941016, -18.777826637000064}. 
11. Score 3108.53; {15.381990901709791, -0.47734783099205913, -22.63238389308861, -38.66847710550957, 5.326403018185191, -14.746074287834595, 16.106665150955468, 24.027486893293602, 5.779016048370339, -5.744710780932602, -85.33843003858715, -44.51665447865686, -78.8061459124058, -76.4037460718746, -14.53558608011174}. 
12. Score 2806.92; {-16.993814985629854, 10.816150009464337, -16.60542850920731, -17.081598668377993, -10.596131936296786, -49.409886792837064, 19.110469675268032, 11.429622642953024, -0.4051861404790369, -4.358341336817786, -101.10833428807545, -3.998195141070866, -70.68114144848971, -62.60024828931328, 4.939204917913724}. 
13. Score 4083.13; {-8.487073725202205, 11.916643245975546, -32.02935043030624, -31.996710006495178, -7.706092310160812, -25.875482464954892, 15.513129402279704, 7.677754975841623, 7.11757550616979, -4.849034206809212, -112.29036850546773, -29.745958951486358, -69.48440087850639, -54.974030000851656, -28.082967280838854}. 
14. Score 4955.11; {-8.487073725202205, 11.916643245975546, -32.02935043030624, -31.996710006495178, -7.706092310160812, -25.875482464954892, 15.513129402279704, 7.677754975841623, 7.11757550616979, -4.849034206809212, -112.29036850546773, -29.745958951486358, -69.48440087850639, -54.974030000851656, -28.082967280838854}. 
15. Score 5943.51; {10.589413725577058, -19.538476859105444, -26.002728066814402, -11.840224945728993, -7.451543831889518, -9.41510443114056, 2.6242076386740365, 7.040243576698221, -19.600349333596146, -13.648782431196093, -108.40547185912223, -37.24634561951137, -55.69976735338881, -58.83043684774938, -20.425421780780677}. 
16. Score 8132.62; {-6.886548268212201, -24.04734377845269, -28.50825315444969, -22.542108476507885, -29.98544186086565, -38.983437221135034, 0.3964711187800418, -7.47521078364513, 2.7222649101161376, -14.365205244786237, -134.8776548858089, -12.959198405806944, -78.291508116495, -67.69990608713732, -22.989454523104758}. 
17. Score 9097.17; {-6.886548268212201, -24.04734377845269, -28.50825315444969, -22.542108476507885, -29.98544186086565, -38.983437221135034, 0.3964711187800418, -7.47521078364513, 2.7222649101161376, -14.365205244786237, -134.8776548858089, -12.959198405806944, -78.291508116495, -67.69990608713732, -22.989454523104758}. 
18. Score 18669.51; {20.455934739680533, -20.35972966520608, -11.755734919931328, -4.379962744605304, -8.974351270053578, -34.61181649098814, 8.38391829229423, 3.853363736689878, -17.191565826598833, -15.357420834539546, -137.72394698983234, -40.46219869468227, -80.41455773551756, -65.06567432156783, -4.600008386269916}. 
19. Score 25655.68; {45.07418814459647, -13.453026068944435, -44.08966362887691, -2.4222160441933767, 6.492519764735853, -8.756917952284148, -20.959914172253523, -18.626407488410216, -22.48849498476017, -22.353621409766177, -157.17982697296526, -42.200157127686666, -44.287917744084226, -48.69245061464517, -25.732578992649685}. 
20. Score 40306.33; {17.794918745885422, -14.597335064401705, -14.224388527825477, -15.072049120797528, -24.975435112746844, -22.85687229009579, 0.8315247121892853, -9.0505169645228, 1.5114439548391725, -17.66172874897112, -193.58179307325253, -7.554378271426209, -61.744509354683565, -65.88464429075356, -28.786035698606447}. 
21. Score 46760.61; {27.069221244760136, -17.390088139559325, 5.330701132405235, 2.4123175232696745, -10.320181407838513, -39.550508847020076, 5.99800969342773, 3.3007843141235047, -14.792257550637787, -7.714145485302259, -153.14642265476127, -35.77798439873161, -72.70720415003254, -52.90724765030777, -25.38401885224134}. 
22. Score 58528.57; {26.017334215680822, -22.111760024776686, 0.9894507069938854, -3.182656511765474, -0.2600689844999593, -36.981246410752156, -0.03498880881133459, -27.246287388633988, -36.03522360457822, -13.13354832029324, -166.15908777048028, -36.771227861058975, -66.99584620253604, -39.36688415709137, -15.065793317587579}. 
23. Score 133446.54; {62.598551391665275, -54.86822979239354, -5.103616723896241, 8.324637143531309, -7.276225601358133, -17.41482045927334, -3.7467129014401923, -18.154752284937068, -8.28932043335682, -34.92788905600461, -151.77604903938754, -44.8589938160967, -60.92656386273437, -51.6595865587649, -20.732408030118762}. 
24. Score 122406.07; {41.656900252581515, -31.15928883272381, 5.948551237151232, -12.901855836499728, -9.056213859878374, -21.66737613828638, -17.072467848574156, -22.944185092269358, -35.191895269114795, -12.112482935335912, -184.65624590593836, -27.552145472745156, -45.55780822455678, -32.54189725864684, -34.52490744422331}. 
25. Score 190180.58; {42.36262260606786, -28.72090696637179, -19.26694730350269, -2.5380193220407916, -5.7087505392263935, -20.6895236400067, -10.291341197700078, -26.617964368027167, -16.881168348424353, -28.908256366982947, -161.34605011175688, -32.23261727147768, -52.25090045982806, -40.7272141765658, -29.66161852448554}. 
26. Score 168071.36; {42.36262260606786, -28.72090696637179, -19.26694730350269, -2.5380193220407916, -5.7087505392263935, -20.6895236400067, -10.291341197700078, -26.617964368027167, -16.881168348424353, -28.908256366982947, -161.34605011175688, -32.23261727147768, -52.25090045982806, -40.7272141765658, -29.66161852448554}. 
27. Score 201342.45; {36.52361841617633, -46.941419642737884, 1.986329232106172, -23.603907805510282, -0.638433451306641, -35.144279433367316, -9.416508168331864, -21.889833846580302, -23.250025316031497, -27.440898919269266, -217.05355024307377, -19.07057122939112, -61.32217790333769, -54.01256268832437, -27.420483697144125}. 
28. Score 210473.83; {36.52361841617633, -46.941419642737884, 1.986329232106172, -23.603907805510282, -0.638433451306641, -35.144279433367316, -9.416508168331864, -21.889833846580302, -23.250025316031497, -27.440898919269266, -217.05355024307377, -19.07057122939112, -61.32217790333769, -54.01256268832437, -27.420483697144125}. 
29. Score 183726.8; {36.52361841617633, -46.941419642737884, 1.986329232106172, -23.603907805510282, -0.638433451306641, -35.144279433367316, -9.416508168331864, -21.889833846580302, -23.250025316031497, -27.440898919269266, -217.05355024307377, -19.07057122939112, -61.32217790333769, -54.01256268832437, -27.420483697144125}. 
30. Score 280533.61; {46.64182351362457, -27.390657669417852, 9.40932172531621, -10.274035260594133, -5.813811127647838, -21.92108151061719, -5.0597078763955, -19.867112375471287, -18.524336734895304, -17.221867449368933, -182.19988783163535, -20.062017410481516, -37.967376173885306, -37.93204675801183, -28.8176213071986}. 
31. Score 242915.13; {46.64182351362457, -27.390657669417852, 9.40932172531621, -10.274035260594133, -5.813811127647838, -21.92108151061719, -5.0597078763955, -19.867112375471287, -18.524336734895304, -17.221867449368933, -182.19988783163535, -20.062017410481516, -37.967376173885306, -37.93204675801183, -28.8176213071986}. 
32. Score 266401.32; {43.91936422659815, -40.48247579356957, -8.505597780131698, -6.965605986543078, -13.218776234082181, -23.078374521621605, -3.238113816693536, -7.062524112582196, -6.803377497212072, -22.27573356500739, -184.31398907256892, -35.83720035136225, -57.45364745745125, -39.2832329785403, -44.28980300499023}. 
33. Score 257460.98; {46.64182351362457, -27.390657669417852, 9.40932172531621, -10.274035260594133, -5.813811127647838, -21.92108151061719, -5.0597078763955, -19.867112375471287, -18.524336734895304, -17.221867449368933, -182.19988783163535, -20.062017410481516, -37.967376173885306, -37.93204675801183, -28.8176213071986}. 
34. Score 367536.37; {40.75630274271989, -36.235287769904126, -0.9831365908860041, -4.010717511515682, -9.206891877877174, -40.769231909053396, -14.166500362234721, -35.83306353365366, -34.28954279215965, -29.730258069608972, -166.72806578378152, -22.779701582680033, -70.33728692471463, -25.866496579492228, -29.270765787178874}. 
35. Score 295457.82; {40.75630274271989, -36.235287769904126, -0.9831365908860041, -4.010717511515682, -9.206891877877174, -40.769231909053396, -14.166500362234721, -35.83306353365366, -34.28954279215965, -29.730258069608972, -166.72806578378152, -22.779701582680033, -70.33728692471463, -25.866496579492228, -29.270765787178874}. 
36. Score 304170.8; {40.75630274271989, -36.235287769904126, -0.9831365908860041, -4.010717511515682, -9.206891877877174, -40.769231909053396, -14.166500362234721, -35.83306353365366, -34.28954279215965, -29.730258069608972, -166.72806578378152, -22.779701582680033, -70.33728692471463, -25.866496579492228, -29.270765787178874}. 
37. Score 347663.28; {40.75630274271989, -36.235287769904126, -0.9831365908860041, -4.010717511515682, -9.206891877877174, -40.769231909053396, -14.166500362234721, -35.83306353365366, -34.28954279215965, -29.730258069608972, -166.72806578378152, -22.779701582680033, -70.33728692471463, -25.866496579492228, -29.270765787178874}. 
38. Score 296039.87; {48.30973899565049, -35.32974570962304, 5.482941920342761, -11.379834151970192, -15.74538715970703, -24.348266281841116, -8.8911066879489, -17.95243675308496, -24.50000820497005, -18.56852703777644, -162.122576615568, -37.73834120144009, -63.48113137884842, -33.62575224380615, -36.810990101839394}. 
39. Score 307984.35; {56.270016819782306, -51.558151013480845, 1.626611700242894, -10.281792125788968, -18.088478559762507, -49.74289704268758, -11.711252314879806, -29.01759650349974, -35.40184704945953, -30.28759551198666, -196.53610583777248, -36.01293098484385, -74.69697892264237, -41.84260328788131, -26.453482752259426}. 
40. Score 359951.01; {40.75630274271989, -36.235287769904126, -0.9831365908860041, -4.010717511515682, -9.206891877877174, -40.769231909053396, -14.166500362234721, -35.83306353365366, -34.28954279215965, -29.730258069608972, -166.72806578378152, -22.779701582680033, -70.33728692471463, -25.866496579492228, -29.270765787178874}. 
41. Score 348733.48; {40.75630274271989, -36.235287769904126, -0.9831365908860041, -4.010717511515682, -9.206891877877174, -40.769231909053396, -14.166500362234721, -35.83306353365366, -34.28954279215965, -29.730258069608972, -166.72806578378152, -22.779701582680033, -70.33728692471463, -25.866496579492228, -29.270765787178874}. 
42. Score 309912.46; {40.75630274271989, -36.235287769904126, -0.9831365908860041, -4.010717511515682, -9.206891877877174, -40.769231909053396, -14.166500362234721, -35.83306353365366, -34.28954279215965, -29.730258069608972, -166.72806578378152, -22.779701582680033, -70.33728692471463, -25.866496579492228, -29.270765787178874}. 
43. Score 320645.29; {41.240127362897844, -40.7465109026692, -1.7749397630987236, -7.857608829493511, -15.491436494410937, -37.264708643781844, -3.7963827700807116, -18.837611538542227, -22.56053529035777, -17.63469598483487, -183.70219308943643, -33.80194473256293, -58.07290016276676, -36.13013703126981, -31.109223876229912}. 
44. Score 351077.56; {54.5560960843004, -44.750650661724045, 9.65635470098112, -19.976040186943496, -14.617519462761766, -43.21312723442462, -14.24510492085944, -40.94276351612331, -30.532514408898713, -35.05079921149917, -228.2089053320621, -54.144684907068935, -63.93947748289485, -23.966103358304714, -40.741399414427676}. 
45. Score 393652.85; {40.75630274271989, -36.235287769904126, -0.9831365908860041, -4.010717511515682, -9.206891877877174, -40.769231909053396, -14.166500362234721, -35.83306353365366, -34.28954279215965, -29.730258069608972, -166.72806578378152, -22.779701582680033, -70.33728692471463, -25.866496579492228, -29.270765787178874}. 
46. Score 398084.01; {54.5560960843004, -44.750650661724045, 9.65635470098112, -19.976040186943496, -14.617519462761766, -43.21312723442462, -14.24510492085944, -40.94276351612331, -30.532514408898713, -35.05079921149917, -228.2089053320621, -54.144684907068935, -63.93947748289485, -23.966103358304714, -40.741399414427676}. 
47. Score 364371.07; {54.5560960843004, -44.750650661724045, 9.65635470098112, -19.976040186943496, -14.617519462761766, -43.21312723442462, -14.24510492085944, -40.94276351612331, -30.532514408898713, -35.05079921149917, -228.2089053320621, -54.144684907068935, -63.93947748289485, -23.966103358304714, -40.741399414427676}. 
48. Score 391984.14; {52.15214974431373, -42.47419155082264, 1.3645381682410065, -17.958380121536422, -12.656873085472833, -44.032598022527594, -8.124116154010224, -31.378672369035854, -24.97787889505563, -35.03974217733419, -202.50350582742973, -34.818017324221515, -65.28187723591013, -34.63666445165114, -41.88830551941774}. 
49. Score 397202.75; {52.15214974431373, -42.47419155082264, 1.3645381682410065, -17.958380121536422, -12.656873085472833, -44.032598022527594, -8.124116154010224, -31.378672369035854, -24.97787889505563, -35.03974217733419, -202.50350582742973, -34.818017324221515, -65.28187723591013, -34.63666445165114, -41.88830551941774}. 
50. Score 418463.93; {52.15214974431373, -42.47419155082264, 1.3645381682410065, -17.958380121536422, -12.656873085472833, -44.032598022527594, -8.124116154010224, -31.378672369035854, -24.97787889505563, -35.03974217733419, -202.50350582742973, -34.818017324221515, -65.28187723591013, -34.63666445165114, -41.88830551941774}. 
51. Score 347545.81; {40.75630274271989, -36.235287769904126, -0.9831365908860041, -4.010717511515682, -9.206891877877174, -40.769231909053396, -14.166500362234721, -35.83306353365366, -34.28954279215965, -29.730258069608972, -166.72806578378152, -22.779701582680033, -70.33728692471463, -25.866496579492228, -29.270765787178874}. 
52. Score 362874.02; {54.5560960843004, -44.750650661724045, 9.65635470098112, -19.976040186943496, -14.617519462761766, -43.21312723442462, -14.24510492085944, -40.94276351612331, -30.532514408898713, -35.05079921149917, -228.2089053320621, -54.144684907068935, -63.93947748289485, -23.966103358304714, -40.741399414427676}. 
53. Score 363012.93; {52.15214974431373, -42.47419155082264, 1.3645381682410065, -17.958380121536422, -12.656873085472833, -44.032598022527594, -8.124116154010224, -31.378672369035854, -24.97787889505563, -35.03974217733419, -202.50350582742973, -34.818017324221515, -65.28187723591013, -34.63666445165114, -41.88830551941774}. 
54. Score 362614.32; {52.63042164891844, -34.307548597243354, 0.716376481088429, 1.5407506077560633, -14.476016795593667, -54.54229350860511, -22.39004515764011, -23.110115686183832, -25.945671880483566, -40.11128140520468, -214.825570742117, -32.12851987099623, -65.56745031201511, -28.28548450441249, -37.86379700502972}. 
