
nSamples 100, nElitists 100, initialNoise 0.0, noiseStep 0.0: 
43.63; [-8.874207681135696, -10.23329598870884, -9.413838221158242, -4.9859800008649815, -5.821483606491141, 13.518487444164265, -8.461326579376466, -7.206826166704808, -4.019154108950301, 3.339041069180149, -15.851829825164687, -9.360008471006253, -7.652265390178503, -21.41017396628333, 3.773304682394529]. 
479.25; [-5.878257357717219, -18.453295118787572, -7.86045474132496, -11.783678118518187, -9.449995889206669, -0.8919122351335356, 4.057246636351536, -6.6460659502620105, -2.495018971576234, 3.859941441603479, -29.779433792037754, -0.9360496761044863, -16.16673036237477, -24.915001091015725, 1.6689041457039941]. 
384.73; [-19.443497214557162, -17.630634493817396, -22.53102314064327, -35.90475085507518, -27.00605528800438, 0.14756544978310715, -0.37165674636334955, -2.6590203532445384, -10.389368202987196, 3.553710386698069, -64.56730271332161, -14.008442675222469, -24.023784497981225, -39.03253933644521, -3.98565183807787]. 
457.97; [-5.878257357717219, -18.453295118787572, -7.86045474132496, -11.783678118518187, -9.449995889206669, -0.8919122351335356, 4.057246636351536, -6.6460659502620105, -2.495018971576234, 3.859941441603479, -29.779433792037754, -0.9360496761044863, -16.16673036237477, -24.915001091015725, 1.6689041457039941]. 
574.93; [-4.802058053143222, -16.233289386995235, -20.091870808175184, -32.038561974028504, -10.828971154700172, -4.553781947020879, 8.132789625359385, -0.3593894056435638, -7.859384645160499, 3.592561046848046, -55.472698904326236, -9.653359416985081, -22.480555659388223, -31.18548435340535, -1.4456105674792985]. 
622.24; [-9.34760292643826, -11.963857013618767, -17.608278505842698, -20.78923258047054, -16.382530084321974, -6.903774136668458, 3.7355340122813434, -0.19568701464547855, 1.2951555127919185, 2.800879879734339, -49.19472880738346, -3.143444605218412, -18.73916464576023, -26.21411764362803, -1.2300163316455004]. 
620.04; [-2.391090728523535, -24.517752965316443, -12.232654937503682, -20.245959093204604, -15.35696630218554, 3.8480898269541663, 5.347134010920085, -3.9952253236314887, -9.622719429625693, 10.078385080973835, -51.83781165695013, -2.018171105061933, -23.848032941210935, -39.71561808271983, -5.328605268688788]. 
704.53; [-3.969725748529683, -20.87543121147295, -9.699824674733842, -17.18341587289348, -15.660471084417713, -5.263201266271681, 8.323247953594182, -1.363361624202482, -0.08404951524966897, 6.419193210739081, -40.96487443444774, 1.4299680460189315, -20.21267615047153, -28.95165569181618, -1.705089551567128]. 
655.95; [-3.969725748529683, -20.87543121147295, -9.699824674733842, -17.18341587289348, -15.660471084417713, -5.263201266271681, 8.323247953594182, -1.363361624202482, -0.08404951524966897, 6.419193210739081, -40.96487443444774, 1.4299680460189315, -20.21267615047153, -28.95165569181618, -1.705089551567128]. 
635.19; [-9.34760292643826, -11.963857013618767, -17.608278505842698, -20.78923258047054, -16.382530084321974, -6.903774136668458, 3.7355340122813434, -0.19568701464547855, 1.2951555127919185, 2.800879879734339, -49.19472880738346, -3.143444605218412, -18.73916464576023, -26.21411764362803, -1.2300163316455004]. 
829.37; [-2.1634812263440093, -12.78463000688346, -5.418697536625102, -11.770304771418282, -1.4816918214956658, -4.566406365459747, 5.121692950393366, -1.1396344104139677, -6.660641631826792, 0.7151866756594458, -33.74682697204612, -0.6016235745276122, -14.600207753188965, -21.21866791526813, -0.27086185176737887]. 
912.53; [-2.1634812263440093, -12.78463000688346, -5.418697536625102, -11.770304771418282, -1.4816918214956658, -4.566406365459747, 5.121692950393366, -1.1396344104139677, -6.660641631826792, 0.7151866756594458, -33.74682697204612, -0.6016235745276122, -14.600207753188965, -21.21866791526813, -0.27086185176737887]. 
721.54; [1.574646303245883, -17.891134219368016, -9.178117092662916, -15.645936795366548, -9.836664523836339, -1.9317782729877577, 7.682191677978196, -2.8593455977909072, -5.42628426542152, 5.737811275228177, -43.441212984253895, -0.1256486305660811, -18.238744777230636, -28.4508798941107, 2.5489379961079215]. 
964.27; [-0.760669477440449, -14.856003851635215, -2.0845218807661006, -9.641289320470143, -8.049616541823841, -9.622286732745813, 6.80254197532341, 3.556868054454439, -3.8817421521583246, 2.587141166266405, -40.54417791033469, 2.796990944190682, -18.224317623358537, -25.688054781508868, -3.727186572161072]. 
1006.66; [-0.760669477440449, -14.856003851635215, -2.0845218807661006, -9.641289320470143, -8.049616541823841, -9.622286732745813, 6.80254197532341, 3.556868054454439, -3.8817421521583246, 2.587141166266405, -40.54417791033469, 2.796990944190682, -18.224317623358537, -25.688054781508868, -3.727186572161072]. 
1030.29; [0.03573072667276822, -14.02477534011712, -4.471551712576845, -14.679571936341596, -3.7145326016282034, -5.138241649763801, 4.771250534535973, 1.8469788703177354, -5.973827820146197, -0.35042761016250923, -40.817914302559046, -2.563298357246247, -14.398620791653975, -23.61247201610373, -0.06061071475106683]. 
1015.55; [0.03573072667276822, -14.02477534011712, -4.471551712576845, -14.679571936341596, -3.7145326016282034, -5.138241649763801, 4.771250534535973, 1.8469788703177354, -5.973827820146197, -0.35042761016250923, -40.817914302559046, -2.563298357246247, -14.398620791653975, -23.61247201610373, -0.06061071475106683]. 
1183.43; [3.05947401665009, -17.777171127280724, -2.4586022000923977, -15.911334211845178, -1.859357410675715, -2.4576546118717157, 8.777310494188432, 1.3818775150106204, -11.55749001494711, 2.4581313218727554, -43.84277477479414, -0.5035793198115759, -21.12407747688496, -29.079941055983316, 1.2953755385080274]. 
1178.59; [0.03573072667276822, -14.02477534011712, -4.471551712576845, -14.679571936341596, -3.7145326016282034, -5.138241649763801, 4.771250534535973, 1.8469788703177354, -5.973827820146197, -0.35042761016250923, -40.817914302559046, -2.563298357246247, -14.398620791653975, -23.61247201610373, -0.06061071475106683]. 
1319.15; [2.702416904453955, -14.948207587389486, -1.9922709691158431, -8.884241889858998, -2.268754565137643, -3.381454210798451, 8.232255651276917, 3.0162163526986703, -4.32799123772715, 1.9187401272057, -36.77585619179985, 1.2037624798022566, -16.449451014717308, -26.100175221122043, 0.13774892280710532]. 
1372.53; [1.8194486503320264, -16.212197257465313, -4.18670873117845, -10.665474284341666, -4.845339384468818, -4.005273673671431, 8.079144444087357, 1.2391315250395982, -4.726218774532146, 4.0040874797112735, -37.56464124169195, 2.3144778555536036, -18.179313264584852, -24.807918907300486, 0.3955502824539549]. 
1254.79; [0.45041412832066985, -15.839933570649078, -4.461972931828376, -11.55678867151936, -2.9811544932462173, -5.236152251024469, 6.542397219892994, 1.361321165139895, -5.418724859712825, 1.9568093386317504, -40.77197448847582, 0.024891867527183087, -18.44225346741578, -25.957311282562813, 0.6668895533419791]. 
1347.67; [1.8194486503320264, -16.212197257465313, -4.18670873117845, -10.665474284341666, -4.845339384468818, -4.005273673671431, 8.079144444087357, 1.2391315250395982, -4.726218774532146, 4.0040874797112735, -37.56464124169195, 2.3144778555536036, -18.179313264584852, -24.807918907300486, 0.3955502824539549]. 
1381.92; [4.16406807131701, -17.361071838236484, -3.7368789471849935, -9.834899848445245, -7.527046743904288, -7.51577979474237, 10.608110473842546, 3.043745194663543, -4.7035763673943025, 5.039361466935109, -42.636761638175194, 2.6279532300801005, -20.567202446033825, -29.129432412576193, 0.6875927734797818]. 
1476.75; [5.330591810753342, -18.012051628751536, -2.3963244825027727, -7.3209310623684765, -4.724692148095206, -4.747787958293476, 9.499766782750562, 3.9284166742365185, -4.572273348609353, 4.682904265688339, -40.06371136463604, 2.76773268668599, -18.439380981075946, -28.407189922547364, -0.1919353075156831]. 
1446.82; [2.285176783340527, -13.184606005050783, -4.19030467471027, -11.671212060344876, -0.7809204392016942, -2.3379862762268457, 7.569584066866047, 1.1633817702833882, -6.926857931518469, 0.8093896671410512, -35.253562939519576, -0.5570198790885585, -17.834908395854175, -21.370367116782134, 0.8003556613032957]. 
1869.4; [1.7990735630277537, -14.92169102223039, -4.594465609920834, -9.739954640280514, -1.8135848321849188, -4.035710915885295, 5.47228644308098, 2.143317599386868, -4.524477682865439, 2.594349317929679, -37.51310869536708, 2.246600431618089, -16.370548220849834, -23.439210448414155, -0.042978219580878316]. 
1559.62; [2.285176783340527, -13.184606005050783, -4.19030467471027, -11.671212060344876, -0.7809204392016942, -2.3379862762268457, 7.569584066866047, 1.1633817702833882, -6.926857931518469, 0.8093896671410512, -35.253562939519576, -0.5570198790885585, -17.834908395854175, -21.370367116782134, 0.8003556613032957]. 
1719.49; [3.3252708319348203, -16.57739321181627, -4.689838578002212, -10.571220656237472, -5.800631893578112, -4.334589458649228, 8.538291650293232, 2.7423503776977975, -4.278392303559247, 3.660080572701373, -43.308803728598484, 2.5734966402522375, -18.592765307991264, -27.145437503645475, -0.9651358619932295]. 
1609.14; [4.991797728758924, -18.973877957766305, -5.239299762107914, -9.659091848386183, -5.064107691601446, -2.59593676579937, 10.141612112420917, 4.737432034477983, -5.586084616600702, 4.74858881098148, -44.21558570490957, 3.1722416058267537, -19.68318207330085, -31.187440131681765, -0.4447724033969821]. 
1624.27; [4.380701331051332, -15.820761806354048, -4.601588765885021, -6.738752125832443, -4.742321923028559, -3.7012888123178813, 9.720173230987815, 4.119767984233064, -2.949322014472722, 4.890925367667861, -38.422020392784276, 3.7414453955025277, -17.417426668772492, -26.164053296057872, -1.9017069161330935]. 
1736.44; [3.973973953357829, -16.359757978562996, -3.758152580257871, -8.697301707456836, -3.4599877743977556, -2.0886731267298115, 9.961366692400713, 3.7381506763964554, -4.655477698570609, 3.367445912912199, -40.11199782750084, 3.543024816088842, -17.49125372445012, -27.461288788155766, -0.7327072547771374]. 
1778.98; [4.729777119735754, -16.869447269059012, -3.852649907871785, -8.418360094414043, -4.368168247934267, -2.7858862027409614, 9.879654873586627, 2.500699539558096, -4.7999616265714415, 3.8809481855938923, -38.4486031743838, 1.219838667529005, -18.516782253906992, -25.979080233964837, -1.0494179385231162]. 
1814.86; [2.7526777771463746, -14.349549955270023, -4.174311062752921, -10.54192177424321, -1.5350624159006467, -3.4396339520030557, 7.139994854249605, 3.975819790924897, -4.236520888558153, 1.9785478015601512, -40.45628141805932, 1.8182416318749335, -16.962781540768056, -25.879348440233436, 0.1188289437075779]. 
1807.87; [3.257310799917648, -15.641802434767127, -2.3580342824027127, -11.398737555920434, -1.8762236121170988, -4.085259212955748, 6.993933853098502, 1.961733025721235, -5.295432293341138, 2.0857205971171533, -41.112094865344325, 3.287096158515769, -18.140197521677557, -23.53564614073958, 1.3613613052450648]. 
1946.16; [3.945555946722786, -15.983948778589836, -4.642080690648674, -9.949553697795713, -5.17024244569139, -1.800445715710051, 9.9816393544613, 3.915202288859647, -3.6299283269612657, 3.2118576865179427, -42.912811071545654, 2.1775683531064858, -18.31950970899461, -25.737274008410814, -2.4382321807599703]. 
1951.29; [2.4242784960185197, -15.310464561989912, -4.649431094910156, -10.099586226087698, -2.4774321746978476, -3.2111042522741595, 7.9096331772109725, 2.006722760427087, -4.266823866230446, 2.8992731020149685, -38.506855743967165, -0.05241667962263197, -17.862979760155103, -25.367509209269254, -2.745118925659349]. 
1887.86; [5.217221939415396, -18.67495405106152, -3.9789640396054944, -8.605290462765748, -6.506877711962382, -2.4985612420435337, 10.41985215663497, 3.5165189777778774, -3.907267815625372, 4.609583903570137, -43.639627340275375, 3.5503530969985393, -20.301638300998693, -28.788517856353764, -0.5854961838040085]. 
1958.1; [4.563520330100692, -16.81544995414701, -3.839053092822505, -7.9297694833190935, -5.727568031815471, -1.2053925340760854, 11.113994159389401, 4.397143305904901, -3.054342249898469, 4.129138536390348, -42.993914969808, 3.0234293253199596, -17.827061692002996, -27.90157818040259, -1.3086087621001168]. 
1944.22; [4.628206892952855, -15.95807344932382, -4.386647897627359, -7.402370601103114, -3.780427595159125, -2.235268266147876, 9.17022010322593, 3.1671360226888043, -4.317120664720402, 4.013393448377261, -39.165692865561155, 2.3598364734088038, -19.082305304062466, -25.546768001668752, -0.31629190855641387]. 
2069.57; [4.576809450626513, -16.02091639253695, -4.75153148706533, -7.958570456145696, -4.7629883535857065, -3.8686374372087036, 8.302145406450132, 3.71484387765127, -3.294851948135979, 3.9692668545904874, -42.15952463026331, 3.8959276402936944, -17.57338492199362, -27.276809630030268, -2.0076738431163768]. 
1913.02; [4.917783793238986, -16.29876187967086, -4.142559436090179, -8.702910080085942, -4.172727507684412, -0.7715984044284689, 9.663518436077187, 1.6562955928299938, -4.359660108952773, 4.452826699073193, -39.642538401900154, 0.2833788029744304, -18.649045943540568, -25.600760791385408, -2.2581722757275444]. 
1945.74; [3.48976909129718, -16.330736193106894, -3.688558140469287, -9.404432500758702, -3.9925061021827344, -2.3499470577413817, 10.083096845221691, 3.72562280544889, -4.204163397581998, 3.6141395001538936, -42.22652343878537, 1.3342261837519338, -19.93452495644581, -27.710491629248384, -2.8997256004912417]. 
2287.2; [5.102949156715784, -15.432165409084398, -3.5492921967214563, -7.535992991256126, -3.691726979315805, -3.304926611704993, 8.700174123437696, 1.1710867369983187, -4.2294058938328565, 3.3822648618810516, -38.37464880754528, 1.0339075936410809, -19.16799853599866, -24.886576687470445, -1.4300672935643863]. 
2288.99; [5.102949156715784, -15.432165409084398, -3.5492921967214563, -7.535992991256126, -3.691726979315805, -3.304926611704993, 8.700174123437696, 1.1710867369983187, -4.2294058938328565, 3.3822648618810516, -38.37464880754528, 1.0339075936410809, -19.16799853599866, -24.886576687470445, -1.4300672935643863]. 
2215.04; [4.902344161153193, -15.141417051023701, -2.8083814385134596, -8.55527570946494, -3.40855264456112, -3.1588718138031733, 8.219286447436032, 1.0624497732597453, -5.207449561358091, 1.6051077798705469, -39.06018233974566, 1.045547744959267, -20.163484183059087, -24.799523334455987, -1.6250027003845973]. 
2179.14; [3.9944371563219145, -13.700119057152188, -2.6923330847905245, -8.205762520760025, -2.5293308162961496, -3.479507096108, 8.192999661604944, 1.1149684120405212, -4.690332757904686, 2.884940300301558, -37.31358557501145, -1.166873473963792, -18.0304253963996, -22.507402615869765, -1.5218804587082655]. 
2156.96; [3.9944371563219145, -13.700119057152188, -2.6923330847905245, -8.205762520760025, -2.5293308162961496, -3.479507096108, 8.192999661604944, 1.1149684120405212, -4.690332757904686, 2.884940300301558, -37.31358557501145, -1.166873473963792, -18.0304253963996, -22.507402615869765, -1.5218804587082655]. 
2415.41; [4.6185842306013045, -15.045284552621215, -3.9161617291074093, -8.61959320899197, -3.6749866137235947, -3.168492555851938, 9.071537462340787, 3.170164074425364, -3.453846611143695, 2.3225494249823013, -41.88033417593364, 2.8720896964720337, -18.848733899157182, -26.498906369432607, -1.3036824953885984]. 
2622.55; [4.734834367114915, -15.425324287475101, -2.578888048887977, -8.509576378434819, -4.032776093172749, -3.044766820036979, 8.748250835596256, 1.1636516761281555, -3.7435752204801314, 2.4348361379961427, -40.555715241067354, -0.6913851527045265, -18.498037694648183, -25.367730787136754, -1.5918015408763533]. 
2391.69; [5.990492710806402, -15.257554538326039, -2.8951638960970403, -7.0305432605809495, -3.292467734474723, -2.9808783979895965, 8.651294871548677, 1.6011959545883445, -5.118243987707022, 1.7949030807269408, -39.30614765208972, -1.2765917330347136, -18.16378021075808, -23.87217865545386, -1.6746563142121058]. 
2505.81; [4.327964813202238, -13.37293101312025, -2.016022201214102, -8.919559855583648, -2.326222122696561, -2.95425062292854, 8.58185848306906, 0.4987639281319347, -3.8876587238573617, 0.7639255719737172, -35.802675107830396, -0.6931403246386836, -18.887714704901956, -22.869357999354236, -1.7995070345328694]. 
2592.41; [5.618120105068465, -14.548121616261612, -3.3641984636415563, -6.902655590394409, -3.1954841131820158, -2.677988508891459, 8.547422412014775, 1.7733595366959702, -4.867278812070646, 2.46725413265456, -37.99359238206618, -0.55290179885511, -18.719903157156658, -23.80661039702627, -1.4631365444257056]. 
2454.19; [5.990006565278064, -14.271595952261139, -2.4596187458234127, -7.499810650727799, -3.717919853465644, -2.8788155240214732, 8.266720310147113, 1.738631571023439, -3.005710159661745, 3.6555029973662396, -38.94106061579815, -1.2170231419521351, -18.491437036181917, -24.36332194175998, -1.0392147527671958]. 
2674.12; [6.59144089368999, -14.620850395673973, -2.3511410393126355, -6.404058497231242, -3.227449442459713, -3.1476192779012777, 7.595494039098721, 1.2879622755117235, -4.457504217245517, 2.43937686106202, -37.99511456222601, -1.5810021903023075, -18.164486568546586, -22.74131495659813, -1.4109952191911723]. 
2950.92; [5.092142454624685, -14.455384330640547, -1.4815885397190296, -8.07827441829521, -3.3591173898115017, -2.5325095302534777, 8.139283630620726, 0.4978743820406204, -4.064554612885723, 1.4404310300939376, -40.05457784508535, -0.965276411839749, -18.115272554929955, -22.66762421087344, -1.0458552360993898]. 
2873.69; [5.336179868962041, -16.739872991274428, -3.5624803366901316, -8.4800516180984, -5.280012932292231, -2.5434635118768982, 8.681462595598836, 2.5258442988796515, -3.530152195135487, 3.7709519959127373, -43.123012600858225, 1.2643044535537764, -20.60279506679833, -26.679450115875927, -2.1294072791723275]. 
2984.36; [5.015803139783292, -12.741240688205933, -1.3031564065479762, -7.373449033524846, -3.2482795477181643, -3.0291833991045696, 8.485468811956846, -0.3599800105284685, -3.693534875889945, 1.2675866020452298, -36.48222950160725, -1.8327877373378523, -17.869088714046374, -21.873595468725846, -2.1797130061456023]. 
2860.65; [5.322440092267988, -12.72937507745752, -1.502420264397062, -7.494716102977526, -3.0690900797855662, -2.566736803560017, 7.4868743842919585, 1.7816139033238985, -3.7747743273622905, 1.9161405938108906, -38.903613245343976, -2.2161405556788307, -17.10606079829657, -21.741953977156065, -0.7830943611494121]. 
3017.74; [4.909150266240997, -14.477918207946773, -1.857481916047075, -8.206034906716836, -1.799800768247667, -2.1306632659426397, 8.657805320686126, 2.267150144107726, -2.7042019486554936, 1.9981137109878369, -40.76859292794411, -0.4385421992656815, -17.95392966319054, -24.14260630855009, -1.299846223501792]. 
3261.95; [4.74619508792762, -13.724114432331277, -3.0812790215982706, -8.826563288276438, -4.211834924755124, -2.099882848112048, 7.765400275192175, 0.48208576481741583, -1.9733703243452678, 2.6025244945280805, -39.54317775329046, -0.9441186001907825, -18.651343096025492, -23.098561819259558, -2.171143565393111]. 
2932.3; [5.317085755115461, -12.20358229669992, -1.6989881666390048, -6.850612505218016, -2.5040507531368776, -3.098401886833055, 7.921642376120056, 1.0761254768962445, -4.112749850898561, 1.2291164124225014, -37.369461136125715, -2.226686088879192, -17.88151924387703, -20.484907636154972, -2.356538404537]. 
3125.38; [5.209428934117993, -13.697059589782576, -3.4031346755325433, -7.857721557024047, -3.79464866891513, -3.191779328737071, 8.433861889317827, 0.5456915169822968, -4.059264682814639, 2.0148728453306486, -38.82671158733954, -1.7111021425390522, -19.381139339346852, -22.827727676710595, -2.0804979191697877]. 
3108.23; [5.562404995091346, -13.008524522422565, -2.078000642845582, -7.038200217666114, -1.7118947602106132, -3.085862451348266, 7.4563658611686, 0.3785803741605043, -3.696079367011923, 0.5961059305543444, -38.18480502759532, -0.9362061686632895, -16.393931503523554, -20.918855968315988, -2.0919305610807237]. 
3405.78; [5.662220100731174, -11.636559987049619, -0.5701267191998078, -6.933950618125421, -1.3724875644739574, -3.3500587291316464, 6.406064905521413, -0.6890627637513953, -4.435634217161464, 1.2925977696918491, -35.07646335933003, -1.5191723364295964, -16.385124740843676, -19.683761480582152, -1.4113879063756998]. 
3091.82; [5.809704578835911, -13.073899045839008, -1.8616936289640975, -6.570630090285891, -1.9633334547917174, -2.6584245075750177, 8.082763183039082, 1.719289060630945, -2.934363746373996, 1.3317540135509678, -36.95139527170565, -2.6704520711001263, -16.379018133210185, -22.21542569915131, -2.4689715777417653]. 
3326.89; [5.0931857329070125, -13.084925609222031, -2.789865713129284, -7.258438764260611, -2.700726828501333, -3.359703457429348, 7.177314864927564, -0.1303928670868797, -3.7071845584538092, 1.6526610896566067, -37.33996306709263, -0.5112217755491015, -17.966769840021545, -20.299835230466815, -1.578971403055466]. 
3245.53; [5.245771919486692, -13.432403466575163, -1.8718941770836228, -9.335281901954426, -2.018014064427128, -2.055686687166427, 7.891709302890793, 1.238632217639843, -2.3482452341269884, 1.6015914137612097, -39.061469281849384, -0.8725421942450224, -17.630925708643737, -22.099926341366544, -1.4362946205944116]. 
3501.32; [5.572343883760806, -12.866986367289254, -1.7151157223728464, -7.917453387115662, -2.6294785389568203, -2.162895933191072, 7.3382463454457625, 0.11124929716898757, -2.54956308480573, 1.5270978342584596, -38.01887850230278, -1.340035390291931, -17.882230186813917, -21.323632121998692, -1.507118042768993]. 
3652.79; [5.701028629832283, -12.381034542165576, -2.2842184542143587, -8.57716436697899, -1.8375257316267801, -2.7301266946052967, 6.4673164668191285, 0.7415326209552011, -3.0563410267401956, 1.6264046892743111, -37.48040785562692, -2.8852145938082576, -17.949508612074364, -21.224409637691195, -1.6738948956466504]. 
3519.27; [6.069853602527871, -11.650549130056614, -2.277824511842419, -7.157367050847791, -1.547650212305245, -3.4749178623911217, 7.2079359120608215, -0.9093730172257886, -2.6801946439945343, 2.15595168368614, -36.61348104482237, -1.1312336820017967, -18.183958227635053, -20.45218702698701, -1.9541602773426372]. 
3613.96; [5.701028629832283, -12.381034542165576, -2.2842184542143587, -8.57716436697899, -1.8375257316267801, -2.7301266946052967, 6.4673164668191285, 0.7415326209552011, -3.0563410267401956, 1.6264046892743111, -37.48040785562692, -2.8852145938082576, -17.949508612074364, -21.224409637691195, -1.6738948956466504]. 
3471.8; [5.7527275802913085, -13.561706361678237, -2.41391047715641, -7.6156351574353796, -2.93512820804767, -2.0659833343868743, 8.244093232967753, 0.7771024416743574, -2.049821979131489, 2.395497420278796, -40.720504374459836, -3.1359571959257995, -18.500316641611416, -23.30455661890506, -1.7400539929389578]. 
3636.0; [4.8884992624564365, -10.635406464724705, -2.284904862057959, -8.078160239718468, -1.747656413218004, -3.607966871156413, 5.042471233708464, -1.7937518814684834, -3.2645877524505607, 0.96028674464069, -36.04305548978406, -1.6728110755340633, -16.992010180102696, -18.88592902976854, -1.5195888932893755]. 
3524.61; [6.320946074005075, -11.864618773813113, -1.241201077414082, -7.16536036089532, -2.6999770212252128, -2.7032718258350714, 7.239603360056558, -0.24867846362747514, -1.7582104337147482, 1.3392034784578044, -36.694193772774106, -1.7832305941206368, -17.153097548644446, -19.99140823642367, -2.7206233641508812]. 
3709.36; [6.266649056892621, -11.930963757158537, -2.062434352273435, -8.13845580453697, -2.1734678171238584, -3.136531525927137, 6.852131823321611, 0.6098185097514136, -2.8353647097935646, 1.032343606897396, -38.68711716578227, -2.660420357519715, -18.348606795361228, -21.074518961268147, -2.1000191148357312]. 
3850.49; [6.248593245710269, -12.739494381728774, -2.4032778492177806, -7.023939495178788, -2.5733329549260637, -2.587892083637379, 6.568351705077688, -0.1891456739767733, -3.05204294875402, 2.3149682968041323, -37.77262982967346, -2.8717703696203185, -18.96729291590888, -21.21203860838051, -2.201512763243428]. 
3813.89; [6.053132001070239, -11.265226616768429, -2.6956374098535694, -7.446750029238501, -2.360412869274726, -1.999878540601324, 6.61977103668785, -0.5867310164203726, -1.989995183005244, 1.1955870244579787, -37.65697919325366, -1.969262913013388, -17.596233849462212, -19.72069609635892, -2.3001820691087262]. 
4060.38; [6.368413555489541, -11.309092641488848, -1.5177981139636878, -6.241264559072895, -2.6121283138431246, -1.0145028975865187, 6.4537212431820015, -0.1636632869997728, -2.699721908621411, 1.9683574412599782, -36.445395421965564, -2.8810355668245067, -17.419708532556964, -20.038974179733604, -3.465492923390701]. 
3883.22; [5.0319860537333785, -10.9307028044594, -1.9492413237918447, -7.175495776746348, -2.7953176803006965, -0.9566805233279208, 6.01782528760115, -1.380143837630389, -1.7235373182252613, 0.5591051521740644, -35.59852365207652, -2.14903060024104, -17.447655834636738, -19.009186280269073, -3.0608517053722832]. 
4112.88; [5.268197307879188, -11.385405546441168, -2.2929563146111267, -6.554365156766947, -3.864074579398375, -1.9554528614406639, 6.624133957655894, -1.2957138214170298, -1.7786541486957934, 0.5735061214732938, -35.26432913508493, -2.20724598821243, -17.078964822541266, -18.99526317619374, -3.0450797743147917]. 
4051.87; [6.349409895258355, -11.700190295159977, -1.5149876937361388, -7.129207032730108, -2.815043345222133, -1.9753264001647601, 7.370765711682361, 0.11727888445465326, -1.7790201934423364, 1.06709555561839, -37.343782982932, -2.1674783763859424, -17.75782961698771, -20.441763740272094, -3.557651476357573]. 
4209.93; [6.231162376036064, -11.925461884563818, -1.4197364592796522, -7.246976598036398, -2.806308975249409, -2.2336161630115696, 7.487956655372425, 0.5150128432707162, -2.32674640587139, 1.7606103888592437, -37.51664476412988, -2.569071599787315, -18.45922352691849, -20.51384667587172, -3.4905001365192545]. 
4282.13; [7.15435344008846, -12.922844347983368, -3.0555570096606237, -8.002337675007958, -1.0115139979057428, -1.963403979262548, 5.492241721460086, 0.509366936187228, -3.693163223994805, 3.017093254955414, -38.96594086752943, -3.3906934702702776, -18.987374851116964, -21.447054460223757, -2.8981727490771076]. 
4519.06; [6.530187537158011, -10.282439747223828, -0.5241876002438868, -6.564416737836354, -3.5598664842596994, -2.1637434487034324, 7.400587152055347, 1.2210383454770297, -0.28154184535688676, 1.8173609819802405, -38.74999471221258, -2.681885576614783, -17.869798517458978, -20.673174384407165, -3.376479264135086]. 
4147.66; [6.9303031302099996, -11.208784164633933, -1.4642866560532986, -6.634907957779389, -3.6540553882726323, -2.875377312294492, 6.4787862380425985, 0.012454112321334032, -1.7760221708006398, 2.5708561398661027, -40.139032005419665, -2.7228511291510746, -18.442898203759714, -20.988979616685416, -3.8764417201497596]. 
4345.75; [6.9303031302099996, -11.208784164633933, -1.4642866560532986, -6.634907957779389, -3.6540553882726323, -2.875377312294492, 6.4787862380425985, 0.012454112321334032, -1.7760221708006398, 2.5708561398661027, -40.139032005419665, -2.7228511291510746, -18.442898203759714, -20.988979616685416, -3.8764417201497596]. 
4406.77; [7.808246994884035, -12.959130516382467, -1.200728483316709, -6.03997207751213, -4.242463449179763, -3.2054128294919044, 6.750900201930897, 0.3153672753856542, -1.420880471709776, 2.7523448307805003, -40.868263977276925, -3.065656251018018, -18.89686073823757, -21.15243763038653, -3.49730695521177]. 
4605.67; [6.134556118689449, -10.284826549164741, -1.2891969286067209, -6.470272874773502, -2.7330747062503757, -2.8245947043447566, 5.682991199060131, -0.783998178746115, -0.9447959315369092, 0.41413951339893074, -35.20198666686755, -0.6870487216930439, -16.534846895477695, -18.784385637030383, -3.0054723761054847]. 
4413.29; [6.822613207267601, -13.018251496787709, -1.2404047802762557, -7.147492816733809, -1.9908574551949338, -2.1067704941514878, 7.28167995173118, 0.6474175380181137, -2.099941427708108, 2.83620441187219, -40.182545560502845, -3.784169356436335, -18.409418644643594, -21.139669799762522, -3.8301301166969264]. 
4478.07; [6.82841678149607, -10.633252423483482, -0.8876667507012415, -6.179187337321956, -4.056812489338473, -1.3802275391104744, 6.305705598214422, 0.24436733568054753, -1.0440489099568127, 1.9744735261745465, -36.9281348031394, -2.6616759486378303, -17.494645132410763, -19.43667084111911, -3.7495996857108578]. 
4722.67; [6.82841678149607, -10.633252423483482, -0.8876667507012415, -6.179187337321956, -4.056812489338473, -1.3802275391104744, 6.305705598214422, 0.24436733568054753, -1.0440489099568127, 1.9744735261745465, -36.9281348031394, -2.6616759486378303, -17.494645132410763, -19.43667084111911, -3.7495996857108578]. 
4796.13; [7.208212809735422, -11.503067695446287, -1.4644996206437744, -6.702359263006959, -2.819896785143444, -1.1975425494094645, 6.6124542585945205, 0.6837381576787928, -1.5104197234936385, 2.360287451436892, -37.972594682942336, -2.7271800893401577, -18.27808842825917, -20.89321361535652, -3.070902718578076]. 
4883.97; [8.256373533678955, -12.731011047209883, -1.6894910709094755, -6.946904890640015, -3.127645234005992, -0.9040455123198472, 6.5662949353991635, 0.12327067603099245, -2.1648032348953663, 4.031357262129635, -39.73966512977404, -3.4102347117457184, -18.011382913859283, -21.73138443790086, -3.498354023098014]. 
4565.19; [8.563625139266088, -13.545520698518713, -1.2116189140676656, -7.473519751632858, -2.8132481705189374, -2.7769696941704045, 6.758184453234476, 1.3735053514147997, -3.0987720756966493, 3.076370847717479, -40.251400477645255, -2.3884112944672786, -19.963204291273527, -21.15289213094566, -4.261992672685529]. 
4883.74; [7.248118994291536, -12.214205683787753, -1.7273475794376287, -5.998423671664484, -3.4833283513130913, -2.4407604494634647, 6.059907487133875, -0.23942038143037844, -0.7639019365919212, 2.4459802935947144, -39.42320104601393, -2.4131543429386806, -17.963372064318634, -20.84551705719275, -3.463271800032975]. 
5177.59; [7.201487371659565, -10.527750583398836, -0.8253127400060161, -6.148972085590344, -3.3798257451489375, -2.1981678611689097, 5.722185576418674, 0.14839596655898962, -0.08075004417729414, 1.6839009814546015, -36.9668790044696, -2.015679126116863, -18.357697003063254, -19.312574483903607, -3.9974118100664766]. 
4971.39; [6.988532458527973, -10.690332656393146, -1.268578792888809, -5.542709235858926, -3.259751559834218, -2.6678237823165034, 5.773888228973112, -1.1525556160401826, -1.0992377775006354, 1.600494655738586, -37.98406106818377, -2.782382597621032, -17.409090685258196, -18.705596783444584, -3.1284794298046674]. 
4837.7; [6.095016019655612, -10.13740516712802, -1.3360516058256005, -6.7112603535257245, -1.5560692194433503, -2.5688884531353935, 5.636303429816465, -1.2484717612342353, -0.49938519625782196, -0.548813703010298, -36.29962435338675, -1.7728211221368575, -17.00594273905702, -19.056910949804358, -2.7681586356326826]. 
4714.03; [6.942064149060541, -12.258362134178826, -2.242965907665747, -5.7308646874987605, -3.624562377299693, -2.225235260603614, 5.447509811589014, -0.19950961803212192, -1.006527044828921, 0.2215590518733377, -37.459206094588666, -1.1197713393929243, -18.38265745827849, -20.14149355176055, -3.9614216426185926]. 
5142.94; [6.930223214582153, -11.21912174373149, -1.1110126233195174, -5.387965116421725, -3.7015386796744543, -3.354517035979216, 5.701748824568222, -1.2701924440580568, -0.6808580792754131, 0.7057916335309413, -37.80085693996082, -1.3290758900896202, -17.58996606027013, -18.699536933779015, -3.7604672821392735]. 
5483.19; [6.9186799054746135, -10.848046392015458, 0.8221846227494674, -6.2145572455705285, -4.02816411404352, -2.66055712937055, 6.174592008918398, -0.2814974192119793, -0.008578357120826996, 0.8209644678862866, -36.952899038342736, -2.042999409152451, -16.57465331860576, -19.030049323065604, -3.2302018522971574]. 
5410.14; [7.662108294126487, -11.838595891884562, -0.8190921523288812, -5.63318719893505, -3.097035444972094, -0.8277897795614946, 5.754322653870733, -0.12562703634449454, -0.36813018701399985, 1.355437772623274, -39.42177468796637, -2.1571167278581576, -17.977046677633826, -19.080540404496013, -3.8128454182042075]. 
5466.5; [7.475566796581923, -10.09749820292311, -1.302927269425875, -4.986132801193467, -4.257399303469001, -1.5524934480552561, 5.727941907861938, 0.0290024525581275, -0.5386772508269189, 0.9007263532254055, -37.222072870752534, -1.752458528268846, -17.552893157028876, -19.660354910455062, -4.428460599229618]. 
4820.5; [6.949875127377319, -11.268339875069994, -0.2737877394985113, -5.558154051202287, -2.125720463017645, -1.3064952461844874, 6.087074666315321, 0.16535859538997655, -0.13747792272161746, 0.37417750882948997, -39.15198741995625, -1.6415732312355733, -16.992291095927563, -20.03786843094731, -3.7022627542428297]. 
5205.14; [7.797393700637615, -11.62311505044973, -1.1000372868609452, -6.338865569126699, -2.636013653976832, -2.3165710120864476, 5.349975124807266, -0.10128714238496478, -0.8235089769177064, 1.3635375807392314, -38.10712318675724, -1.3328371838617337, -17.907371492104506, -20.274543577643076, -3.584952954696113]. 
5342.18; [7.506825080674064, -11.152886498520964, -1.9701857451433233, -5.3470989689957875, -2.9584001302306917, -1.8087369805726545, 4.710985350463321, -0.12271218918604493, -1.1963975725191736, 0.40440246145736947, -37.129673323553824, -0.5200458377639976, -17.936319786447832, -18.823899726506596, -4.517803074222325]. 
5852.4; [7.110070850903929, -11.143531093222652, -0.2950980851369187, -5.801986756735692, -3.5745409669026835, -2.1182880668720405, 5.759081081557952, -0.11031851559535691, -0.2342473356723342, 0.07820312718657563, -38.58757423976318, -2.1456979889526746, -17.47961536894003, -19.659191691902475, -3.843221196693622]. 
5313.03; [6.828638289669117, -11.256752655042668, -1.500783124972494, -5.962523962442054, -2.695708562762554, -0.9559962602592651, 6.082671636830991, -0.3209379600795946, -0.26228309642069064, 0.4674888873145112, -38.7485940260477, -2.9708947950399516, -19.096915201097765, -20.066718775537872, -4.353698130705262]. 
5927.34; [7.335958070501295, -9.711565863723132, -0.49114716055487356, -5.683393189514552, -2.1230356021812784, -0.7498589763005609, 5.7807250497652145, -0.08038533929267627, -0.3530348237432228, 0.3508625236408887, -39.117434814200074, -2.2087669564706287, -16.981474671286705, -19.632910477723858, -4.109670406071731]. 
5484.08; [8.031182983779118, -10.839928569938165, -0.4633617003167032, -4.942731170030554, -3.456186112706357, -1.0295790526726885, 6.563858056052549, -0.01620100683763953, 0.38333915695016474, 1.7823115801589453, -39.89248803073244, -3.6506514142425925, -17.345579114032823, -20.108729293778055, -4.296598755854061]. 
5358.57; [8.031182983779118, -10.839928569938165, -0.4633617003167032, -4.942731170030554, -3.456186112706357, -1.0295790526726885, 6.563858056052549, -0.01620100683763953, 0.38333915695016474, 1.7823115801589453, -39.89248803073244, -3.6506514142425925, -17.345579114032823, -20.108729293778055, -4.296598755854061]. 
5714.52; [7.400159530472999, -10.327141682810499, -1.1323322922220527, -6.269816285328662, -3.405200603847069, -1.901144678198499, 5.903821452451525, -0.7930363252196124, -0.22048817637880092, 0.9886309105135624, -39.718159436186895, -2.782933041100586, -16.92951124110778, -19.366445235528715, -4.103157030662084]. 
5622.76; [7.898763042343612, -10.072964379686846, -0.9301879688847412, -5.605183181088061, -3.1502825578686746, -2.4060632897699987, 6.279324601173175, -0.8680019609288208, -0.381532047850928, 1.1912170821426056, -39.759608589376015, -3.14611783798576, -17.144956848576868, -18.906809573605507, -3.4461528348826374]. 
5640.06; [7.8108666684636425, -10.505147390815557, -0.3954745193216341, -5.052424843580914, -2.3868739797688434, -1.6373219349795625, 5.250239625937993, -1.0291899242375269, -1.3487034057622678, 1.8932295789468117, -39.4151931251535, -2.353562127954298, -16.822898470326717, -18.812242284119296, -4.850469263147063]. 
6056.23; [7.201606797762279, -9.433531279620434, 0.19572608464354257, -5.856770140379902, -3.245350634175238, -1.5168255991115482, 6.216528400013208, -0.11828855220715839, 0.3988196470492629, -0.08971675909775634, -38.502038943920724, -2.9576376536562305, -16.332356034858506, -18.202627045559268, -3.4129514275658437]. 
5937.88; [7.650651629783107, -9.55850654867049, -1.4032495230441302, -5.00720058691448, -3.0675536362326703, -1.2817750139759876, 6.933454246373195, 0.16252061004209561, 0.34081146970900483, 1.1006726083655312, -40.164321261575914, -2.868015524379072, -16.78499341172818, -20.22587611488297, -4.40527478883877]. 
5879.39; [6.620762516984793, -8.630306418196323, 0.0010723173349970194, -5.5533300841475395, -3.468478480232623, -1.3003104890967916, 5.047516486727406, -0.5851190252113669, 0.4315923150527535, 0.4467291754307816, -39.392856978373395, -3.2709042249423295, -16.018596796501974, -18.704380413226243, -4.4974838832026025]. 
6310.43; [7.191990888198082, -8.717554794370626, -0.6930643185588624, -4.045284458706259, -3.1707384113666004, -0.6941617703490959, 6.06544337503261, 0.3131047837535952, 1.2615637125552064, 0.8050835509075677, -39.58121892466076, -3.8540140889108367, -17.096753070820554, -18.35855847624373, -5.033290077749607]. 
5747.94; [7.633275998287623, -9.82359786699243, -1.474251824176271, -5.675051227214835, -2.0718336063076146, -1.51016142190164, 5.926043324446393, -0.6742142395927333, -0.3927323624510346, 0.74634010394213, -38.917706012840156, -2.471566425028326, -16.429830761402478, -18.61220307007348, -5.133650142858096]. 
6035.2; [9.017517515141225, -11.643224803704456, -1.9705445646963469, -5.408598690689349, -2.981157362375759, -1.172533134265565, 7.194714088909289, 0.821573817354132, 0.6699843859695196, 0.6318148097036147, -41.555178764106635, -3.139112875714606, -18.943326626559227, -21.630021819961062, -4.93393071116287]. 
6682.68; [7.311600324894868, -9.024759577588624, -0.4743099617941311, -4.7735628405026125, -2.1969818616689474, -2.581406361049493, 5.628262106668632, -0.5067030879063981, 0.2782940193908352, 0.015893120944064587, -38.39091898190271, -2.7193129508276424, -16.550692690399096, -17.33694033580877, -6.178365053492886]. 
6898.53; [7.654714992695784, -9.624446791154622, -1.3646728021108758, -4.849773610524752, -1.4540398126249279, -2.1130426703722276, 5.043558023269908, -1.3717451919440435, 0.08252358195947515, 0.6866011604543845, -38.78140933531257, -2.9861902853393496, -16.055255048464055, -17.67624742825729, -4.728083356640399]. 
6449.34; [8.108452768660491, -9.61531576444461, -1.6291646898023127, -4.267802534455173, -1.7749578885329105, -3.16184651256439, 5.530438300962633, -0.8919433903807632, 0.27433268550257783, 0.5037984006941083, -39.04001466791092, -1.7208405740690091, -16.748041995463257, -17.511847300886696, -6.1999821362522285]. 
6423.14; [8.193349437284011, -10.615532401663524, -1.7043619457526928, -5.131957646154697, -2.1210824257908816, -2.973230624269329, 3.9629027783067636, -1.6016374846631165, 0.41207070973785864, -0.6585153482201953, -38.18091191279035, -0.5982311716182358, -16.95398271838856, -17.583964924018254, -4.842710194310949]. 
6193.98; [7.608349458875599, -9.78070270703948, -0.7404870228046456, -4.927321185759686, -2.5071532421194145, -1.8233571386702132, 6.068698144568488, -0.0746614060028743, 0.5267408637760943, 1.3942513925933504, -38.159176822865035, -3.6920224280458642, -18.214521621623586, -18.343516063908417, -5.649667646592107]. 
6555.22; [7.437638473593298, -9.435010052940719, -1.3042013668296717, -4.28441693832162, -2.915642788546727, -2.2238266889024, 5.05851056995145, -0.6768222028132757, 0.32117768638225386, 1.1563644580014212, -38.93020366171514, -2.058419826371747, -15.571729908834785, -18.132768616691173, -4.316857939907599]. 
6504.36; [7.802050318934339, -9.662350890550286, -0.6646216956122507, -4.584903409414407, -3.0970815163600953, -2.0542763604316407, 4.673901899518844, -1.6778936152999584, -0.836732920709714, -1.177048697470594, -38.67193458219751, -2.272768769163124, -16.673221363961176, -17.620781103724994, -4.59934500401551]. 
7233.09; [7.608267700831301, -10.53370333793982, -0.40378312602598354, -5.120325648904299, -2.608765813023408, -1.7729248888784306, 5.3592220514908355, -0.738130219542313, -0.8242727398503793, 0.5316046825298898, -38.732668329999385, -1.8542570828606464, -15.617544023152929, -17.501386633438685, -5.072545257262099]. 
7014.17; [7.9726228627271505, -9.69038639473093, -1.0958022900513193, -4.3216095501827185, -2.6076191783194997, -2.1037522881513446, 4.885609299684447, -0.3054476855420748, -1.0239331823603461, -0.14039846088366265, -38.94422662869706, -1.7736278519726065, -15.804235127097199, -18.004225040205572, -5.245068900970501]. 
6708.34; [8.485802369189834, -9.721013639995304, -1.8484813314263713, -5.272047121003612, -2.1232513542792906, -1.8490858994791755, 4.514477370060553, -0.607509103279578, 0.06443251336277644, -0.10575215820282377, -38.58582016154171, -1.9171410972864638, -16.196108050993775, -17.64084093154173, -5.11831690802473]. 
6624.4; [7.9726228627271505, -9.69038639473093, -1.0958022900513193, -4.3216095501827185, -2.6076191783194997, -2.1037522881513446, 4.885609299684447, -0.3054476855420748, -1.0239331823603461, -0.14039846088366265, -38.94422662869706, -1.7736278519726065, -15.804235127097199, -18.004225040205572, -5.245068900970501]. 
6476.94; [8.596035447278021, -10.460880436861226, -1.4644048298003436, -4.001576982569597, -3.4291775212258093, -3.461309286868799, 4.756452674371172, -0.584838599860712, -0.8015936715134955, -0.37449600133181926, -39.69472070407007, -1.6419145322092108, -15.213933362528875, -17.42334866699786, -4.384892006361396]. 
6979.91; [8.059676058589288, -10.531189522447407, -2.1380008457768325, -4.23715937291271, -2.3820220503195753, -2.689811919060964, 5.042396906651401, -0.22242511192577785, -0.04070613646389812, 0.0961615747128099, -38.63636362557916, -1.1937324473115825, -15.157729737149058, -16.97381283106578, -4.613508166581505]. 
6928.22; [9.345108041811397, -10.380808038978975, -1.1043274818526592, -4.306772355323937, -2.0672047123568245, -2.1807779728719434, 4.132833010440798, -1.535147668121773, 1.0545036343288796, 0.48310001333755387, -38.00229592387052, -1.7909552829416722, -13.855919393074094, -16.57647987743508, -4.5313996481804235]. 
6526.25; [9.279563880668876, -10.341942744528291, 0.1003571123838285, -5.547517590261515, -2.5099290750792576, -1.5544515746417007, 5.399119276114349, -2.2993547294657803, -0.19220248638995163, 0.41692414355546736, -39.08949384310095, -3.6380491384705085, -17.085102473252554, -17.567675215638957, -6.17357516274448]. 
6826.48; [8.308774024382531, -9.428660463985986, -1.3277059652349243, -4.443200995842691, -2.40041952926394, -3.0612086134459835, 3.8631482773402968, -2.2265918113333423, -0.861539500745035, -0.5529033681425062, -37.85136892652891, -1.841578869631753, -16.10270971684356, -16.486426849736624, -5.158485352929648]. 
6842.55; [8.333167992799295, -9.276205541855768, -0.5436514731852027, -3.602844102822205, -2.9630667191615956, -3.075760534023662, 3.834533789359555, -1.9425580131849627, -0.3306246918291386, -0.7468641586740146, -37.74848258022271, -2.6401339162760245, -16.218227067948483, -16.87898627442044, -4.995234188722828]. 
6758.99; [9.706201020386576, -9.795194630622088, -0.5345849708171266, -3.0342721625224183, -2.1004065881210376, -2.236942689257117, 4.166513140523949, -0.759031928826711, 0.502369081111519, -0.700829340226649, -37.908518250436835, -2.4421141924218843, -15.998232691967909, -16.599939458431425, -5.279980669033828]. 
7116.07; [8.650255173752953, -10.37910896760645, -0.9951253896119967, -3.2143357462169186, -2.9616336935604615, -3.2962549513113673, 3.373406090976844, -1.275758189222692, -0.9468554101088433, -0.8506461164883281, -37.93271680525877, -1.6015135640658262, -15.83388704993776, -16.617415222987475, -5.104964153402113]. 
6841.83; [7.808876473886242, -10.158857796604567, -1.3738526124972645, -4.804050692613956, -2.2878001362237415, -2.742070057374109, 4.676093523451838, -2.54853638562263, -0.3941610700854476, -0.6873131461878463, -38.26119762861443, -2.7266942899346605, -16.809951841642395, -17.421750164184623, -5.6646466584500885]. 
6882.45; [8.296127318794758, -9.782374724286084, -1.5128668416644058, -3.4804155840850806, -1.7738855904304902, -3.6696359404870784, 4.142576860359344, -2.2381734280888645, -0.42376572974695714, -1.0345998474316807, -37.43308075687201, -1.964632361985378, -15.163121562323163, -15.859220392161479, -5.058341053933486]. 
7330.84; [8.308774024382531, -9.428660463985986, -1.3277059652349243, -4.443200995842691, -2.40041952926394, -3.0612086134459835, 3.8631482773402968, -2.2265918113333423, -0.861539500745035, -0.5529033681425062, -37.85136892652891, -1.841578869631753, -16.10270971684356, -16.486426849736624, -5.158485352929648]. 
7257.63; [7.966369141923346, -9.704963933381569, -0.7387653862936678, -4.2463965322210395, -2.031874412649167, -3.1660726466855187, 3.9110466571868696, -0.550319416510473, -0.6064792911520236, -0.2904258871557276, -37.33402192460842, -2.279771475612598, -15.824828998866522, -16.293297911847166, -4.872454482522655]. 
7085.25; [9.115128646199079, -10.426688480270899, -0.709592026400057, -3.9971547351499574, -2.8188879583454676, -4.461177812252547, 4.602087362790819, -0.36721638163866743, -1.0007868392287371, -0.8905634051318714, -39.81271106548883, -2.217108518593562, -15.05398945875948, -17.40964569627848, -5.316941997943748]. 
7142.39; [7.952892708096076, -11.128245438798935, -0.7341964929625764, -4.388116151176625, -2.697942874335532, -3.775303862950784, 3.289985419698211, -0.2449060427122387, -1.086550431789952, -0.8685490556448574, -37.65660351384757, -2.4866956340159456, -16.096077389654056, -16.170651464012735, -4.470071164590325]. 
6452.88; [8.761541050880338, -10.038724359524744, -1.0493918646002596, -4.086104918559991, -2.6929655300243174, -3.132414145363731, 3.9099328494875047, -0.8373227703140856, -1.5151152867032571, 0.3429684757091475, -38.27750807776199, -2.6973512756102522, -16.216430744225498, -16.888259702153356, -5.089103460439888]. 
6929.31; [9.333528759941723, -10.552518805010806, -0.7547663788435819, -4.054726458303129, -2.0856727043149323, -3.155897145920514, 3.760865233924578, -1.8476421476812372, -0.7420425042708834, -1.2526254263617447, -38.61891292046826, -1.9706390256395585, -16.263990732017863, -16.24056528799468, -5.846817380794258]. 
7440.87; [9.32321930998423, -10.45559047269557, -0.6105859880048288, -4.296252503114932, -3.7698328571055035, -3.38288810906937, 3.602402148504925, -2.6298994492450465, -0.8818370563945629, -1.1886081988141879, -39.73363941138859, -2.2242677990373982, -15.480346369027199, -16.232496226071046, -4.8385221990857765]. 
7433.78; [9.009159217035641, -10.040027959838518, -0.7620148126905647, -3.9217270098796932, -2.3605791559943192, -2.7971331324278785, 3.280107951330356, -1.982436315357483, 0.35144550600933594, -0.8837892498903082, -37.618976125676156, -1.4858800910358485, -15.558155032320824, -15.065563825260684, -5.608226873750793]. 
7598.84; [9.333528759941723, -10.552518805010806, -0.7547663788435819, -4.054726458303129, -2.0856727043149323, -3.155897145920514, 3.760865233924578, -1.8476421476812372, -0.7420425042708834, -1.2526254263617447, -38.61891292046826, -1.9706390256395585, -16.263990732017863, -16.24056528799468, -5.846817380794258]. 
7470.18; [8.886334342130535, -9.541796924394566, -1.1588574572320685, -4.25916008608844, -2.872194749050616, -2.7754790896894876, 3.23533624394895, -2.448736689470466, -0.5116879201025837, -1.6760014895542805, -37.53074202292485, -2.125491307632169, -14.618597639047675, -15.787854341473842, -5.213867441198874]. 
7450.59; [8.614165165038326, -9.891484667460015, -0.5999847189018567, -3.56124378731141, -2.331978147605008, -3.8962000525371105, 3.734929307857557, -2.272694816487851, -0.31576996398684787, -1.6449781530422813, -39.0785899100941, -1.2652329622754324, -14.166769353659296, -15.567927325388263, -5.29450324761378]. 
7598.15; [8.2912148750393, -9.606223677366414, -1.4004586451536762, -3.179686585822264, -1.7624700578084507, -4.214264616774057, 1.8870785072896468, -1.665329631989445, -0.8616803610683905, -2.3756773931671153, -38.403695095804174, -1.7513400732521243, -15.826322373455508, -15.529618258740975, -5.330980807284979]. 
8581.29; [8.367621516672338, -9.875117323091585, -0.40078581211844, -4.340240589627058, -2.7590067912083476, -2.1226717733838685, 3.8593755377135075, -1.2475592622239657, -0.3267811007061726, -0.8950440826827804, -38.71056067702471, -1.7562785733621287, -14.70695571450327, -15.825168643632272, -5.3035374258325]. 
7533.74; [9.379493532989596, -11.681223853657249, -1.9046735430010697, -4.269566847874552, -2.4409609819902065, -4.125845217071673, 2.9201787227487466, -1.2405570633987992, -1.5681380993614367, -1.7000677248872176, -38.27462588289046, -1.8847264896113989, -16.092602444418834, -15.252106171981673, -5.334614164088173]. 
7887.96; [8.68192292305574, -9.817827412168388, -0.9175748523873335, -3.3324776894339188, -2.802079055278809, -3.054991744005497, 4.021673612327367, -0.7324397817882778, -1.2408415712570657, -1.5264002662029783, -39.95440992920085, -1.8538055216593394, -15.653228855382805, -16.315416010660893, -6.016232023854435]. 
7706.48; [8.153763544877119, -9.40325937265779, -1.2415513586231757, -3.2408148514968618, -2.8969519561046053, -2.576163144306576, 3.212692370373812, -0.4760621879916269, -0.2285402547328819, -0.9213745112680122, -38.79970174740445, -1.7833955399631698, -15.715360257244575, -17.085311024021472, -5.392682507667535]. 
7005.5; [8.926829326727002, -9.947181327853551, 0.0471144395192471, -4.29114180120802, -2.443465965812233, -1.523872287528238, 3.1844926884232385, -1.7599895070950846, -0.42852787117182606, -0.14408046193984891, -38.31259123315811, -2.5369375283738047, -14.407855431105833, -15.934287398186862, -5.66315460897191]. 
7816.33; [8.917153148372016, -9.585332257802472, -0.44863987893475876, -4.319417117821628, -2.01115367481209, -3.3135541897384657, 3.2794829710138345, -2.2424051180458617, -0.7961207079979585, -1.034457475044156, -39.04075695875533, -3.3613716253466865, -15.748005997863304, -15.176531176572636, -4.79924497276489]. 
7853.92; [8.926650333516715, -10.181646572904697, -0.5431097406894629, -3.9098655459161797, -2.6518714096626237, -2.6014378686523054, 2.5287227105187173, -0.9613635793448364, -1.0423230576118536, -0.7099524518094712, -38.95507797040256, -2.421130844142038, -14.921766318869155, -16.196672901586112, -4.876461866197587]. 
7490.88; [9.561265717724702, -9.290060744316113, -2.0292358220988804, -4.537154472465579, -2.6493764528067523, -3.5973850283421247, 3.6798478794025953, -0.9629224273169145, -0.9312937618523733, -1.6388618044491265, -39.12917698118705, -2.681244301064021, -16.058324521270002, -16.353267266057507, -4.918631554079592]. 
7923.5; [8.842201090278863, -10.267560791743087, -0.8895050749131187, -4.334041253623406, -2.2521333406838724, -2.790807921053226, 2.023074620179218, -1.9039523116256685, -1.4159550959351483, -1.6610761555912084, -38.07613470937584, -2.422733751625898, -14.2702994287535, -15.060027897732637, -4.963056839820896]. 
8536.88; [9.595422129196852, -10.314852600199028, -1.4419752383792075, -3.847800727076148, -2.6181542426816145, -2.3428610513957904, 3.4122431336463026, -0.21442112986009687, -0.8062793630390006, -1.2077505029651874, -39.890366892642675, -1.5890145442840673, -15.713574248223654, -16.477132381777718, -5.760392759655199]. 
7576.71; [9.470894134992516, -10.036601945252945, -0.18199787342005447, -4.080995607874714, -2.084746239636791, -1.1832164606699112, 3.0246044599861506, -2.1189306116879614, -1.9321214009207397, -1.26092863369982, -38.282407313151275, -1.7997339885520964, -15.390448315216297, -15.799305623149198, -5.582813912996597]. 
7886.54; [8.872455793121917, -10.223737197109728, -1.2394223184867084, -4.685727093366985, -2.259389106036866, -3.424797518329892, 3.4537414039990075, -0.4977089930113223, -1.0078624658559223, -1.8624806203122475, -39.25314375595826, -2.453452069179623, -14.567766274817956, -16.233754442543816, -5.294785519423726]. 
8597.6; [9.621120478163796, -9.385887995364186, -1.5101986751994143, -4.101274349509122, -2.3698386734283736, -3.7747405282964186, 3.247759567646079, -0.5037337896941172, 0.38002702639887, -0.869362473924251, -39.51519417669754, -2.4871896346750506, -14.5003088387418, -15.654105439282434, -5.245693990582586]. 
8110.59; [10.513220701941666, -11.433134246446595, -1.310754745276068, -5.074944331191503, -1.735225136085584, -2.836233165821251, 3.1913571592875574, -1.1627278189038257, -0.7527102813573142, -1.6929066516006517, -39.203761393604275, -2.575071835731819, -15.194512596960156, -15.301069030840168, -5.830413502630584]. 
9316.05; [9.739514005981931, -9.64114226140904, -1.3205879694264682, -4.012954963187473, -1.8707008731572357, -3.041397827071074, 2.358814414116271, -2.145434546081455, -2.4682782955772833, -2.8610083993418267, -40.56054443873741, -2.7344529957137134, -15.35206963491327, -15.556833016543854, -5.937133232643294]. 
8070.26; [9.144552950653829, -10.314628918319485, -0.5027432015627336, -3.467108988968132, -2.1601501169358297, -3.606477730187357, 1.7593100208708135, -1.429573285738647, -1.349861354517504, -2.561556869691314, -40.181209001606305, -2.860463504819715, -14.961076208712983, -14.917510044680332, -5.796186824479597]. 
8691.38; [9.144552950653829, -10.314628918319485, -0.5027432015627336, -3.467108988968132, -2.1601501169358297, -3.606477730187357, 1.7593100208708135, -1.429573285738647, -1.349861354517504, -2.561556869691314, -40.181209001606305, -2.860463504819715, -14.961076208712983, -14.917510044680332, -5.796186824479597]. 
8262.94; [9.011370583634985, -10.491635734126309, 0.04784983084902472, -4.594345507995484, -1.2432323175001456, -2.412806991255979, 3.448004942886961, -1.6725598131144395, -0.5071777065758082, -1.4867940405165467, -38.860585559888115, -2.1954930014128617, -13.627684085009541, -15.283501106361559, -5.963936567284129]. 
8620.88; [9.895447071015683, -10.694073089996111, 0.2614185822218006, -4.196168842003716, -0.838644818620524, -2.93862493686476, 2.7525531276640147, -1.687632823562675, -0.7941373915390231, -2.097122212263844, -39.041519357496774, -3.4001042182431385, -14.421327254060715, -15.083559025556392, -6.205926305883547]. 
8569.78; [9.104003015342082, -9.5741883748947, -0.5392665843456373, -3.1857135592354124, -2.332239075676002, -3.9143572449183437, 2.6457741669366888, -1.6985059260665585, -1.442365778630028, -1.5866332009177548, -40.452008076135044, -2.9470203607945713, -15.719897184415117, -15.0533346456821, -5.226464903019383]. 
9337.46; [9.534906702864319, -9.449813710198024, -0.6091383865545932, -4.648118055166634, -1.018786619339073, -4.085970970895374, 2.3700783896656414, -2.0828816405873183, -1.959943526244145, -2.40132873813641, -39.55843328793372, -2.7299235037421523, -13.476447001907028, -14.281289243642668, -5.910783797961149]. 
8712.39; [10.79540417906783, -9.925668889550776, -0.44224117851940103, -4.883398699395022, -0.12178487410279337, -2.8334460810828763, 1.0877841833810387, -2.50588744066818, -3.023630968168794, -2.008094369364525, -39.423550756716615, -3.4835757523416193, -14.556754667266494, -14.370428761947059, -5.285905661903793]. 
8707.95; [10.275889348401705, -10.792472163724941, 0.5939992982281762, -4.059524007440593, -2.3469035666964384, -3.5270701810858873, 2.415963829732841, -2.6950897198058548, -1.1816238567322137, -2.1664421794902626, -39.79610986717588, -3.021509354471935, -14.72880455588253, -14.730884301559602, -6.069078768025927]. 
8428.96; [11.059168609559455, -11.183152862736634, -0.4831939302408025, -3.747547872181088, -1.8430822531085667, -3.951553150168215, 1.3466189696654012, -2.272765452140786, -2.7744488358763775, -2.3581113434461787, -39.473770703954514, -2.852146494875745, -16.28296605636573, -14.676521336786342, -7.312819155609784]. 
8935.77; [10.418133638661258, -8.881483773485119, -1.5487633897149227, -3.3421984440513177, -2.540600772486056, -3.111161969672316, 2.657321199717283, -2.3119573373994315, -1.551845196570407, -3.217198026024179, -39.55509961689107, -3.396307954120508, -15.789928950681402, -15.571664138251839, -6.605751768685669]. 
8219.74; [10.768067898245834, -11.61513080389686, 0.2398455664700293, -5.73347107496582, -1.29492900881244, -4.306367002808755, 1.7755857668413788, -2.239338214533854, -1.8825062271745665, -1.679571164177895, -39.01515366312076, -2.984582400782403, -14.373696922719878, -14.403836662479456, -6.1427732074793315]. 
9079.21; [10.532175509164993, -10.654453931755505, -0.6114633876289639, -4.465888123207877, -0.7212083399790373, -3.3885577013217087, 1.3456372126040461, -1.9960694868864273, -2.390656944978792, -1.28081800626763, -38.35583363904693, -3.40747493871796, -14.097095027818149, -13.898974852703182, -6.0520503789291125]. 
8548.13; [9.422065002425319, -8.627874724012559, -0.6529042448864841, -3.057819332495861, -2.128471327596749, -3.2050629579293846, 3.8084684904767343, -2.091690195808637, -1.057873188747467, -0.976658665251938, -38.863864700697604, -4.4307273869401875, -14.48917972063098, -14.771997669280678, -4.918609880380836]. 
8517.85; [9.701253712642481, -10.227979888283334, -0.2905933961948257, -4.770498796332348, -1.8860564481051059, -4.032593149395337, 2.517820741338096, -1.8572294633943018, -0.653102949808506, -1.8785858679080734, -39.009812325656675, -4.741853322236533, -13.411259087778395, -14.835882427977554, -5.528999379857405]. 
8585.38; [10.187313324916559, -9.372940135680558, -1.5857186939829209, -4.16938487192501, -1.8809885103096324, -3.552111033589203, 2.263958039206151, -1.6984605076024155, -1.597057066300593, -2.598185316597804, -40.18105192019368, -2.924687500915516, -14.187022322658192, -14.726428426337574, -6.510267772049435]. 
8687.53; [10.581297480022585, -9.769291862606815, -1.1187867417265003, -3.978789772098301, -0.7575170709627125, -2.8738176837994898, 2.6035384462890594, -2.1234619444096094, -2.257796200765527, -1.5688985387084209, -38.588859421214586, -3.6390490832197844, -14.975152386508633, -13.7179585489867, -6.70753382810545]. 
9427.46; [10.151628770939627, -9.922454274504783, -0.9166208676504551, -5.01183256876175, -1.5377643650476742, -4.030192813266797, 2.436239692063633, -1.7920955120169844, -1.2908147235830998, -2.2835355114212335, -41.481293080790145, -3.303770445798392, -14.270955418176433, -15.075646771957588, -5.972928330208281]. 
9308.82; [10.886838793932881, -10.07416509973435, -0.7196336987143374, -4.728912418197126, -0.3579320313578287, -1.8504905861310037, 2.731346317086149, -1.1573174254547727, -1.6884113790742366, -1.8424179827405258, -39.233538990065, -3.3546677962483256, -13.556835445002267, -14.889253232171866, -6.243057837479593]. 
9377.19; [9.690092975857446, -10.245181543532029, -0.9986931287932093, -4.69026728959216, -1.99997409128722, -3.1881391790662894, 3.2947199364447743, -0.5325989891340697, -1.258646294193655, -1.5429632340360124, -39.63928019217066, -4.559177337782507, -14.82791820457024, -15.099299661179119, -6.177561994721755]. 
8890.13; [10.306208585149328, -10.919847726113, -0.3253603460221604, -5.0084191255467445, -1.0992076019357473, -3.6233303538134667, 2.811810537494707, -1.8333276141759751, -1.617360225741959, -2.2493797067309607, -40.66626730817018, -3.7679709755159836, -13.391826738542079, -14.497774895129066, -5.4884600402962125]. 
9217.97; [10.82221608733827, -11.089518104058513, -0.6802882508234926, -4.149113204647162, -1.3172397838213212, -3.2136230444453617, 1.8164203303309752, -1.2329781045616328, -0.7244630090456606, -3.141434352485777, -40.9659538425732, -3.324536421125644, -14.997811416998381, -14.201979217883114, -6.886695295039525]. 
8996.59; [10.378966996837532, -10.115647013396957, -0.6062716055440607, -4.129606128247415, -0.5613586420604328, -2.681953351150421, 2.3868567158413776, -1.0451048615932212, -1.2438463645927398, -1.7871229042867682, -39.08284954200087, -3.3461944100943533, -14.046870393526344, -14.336919396773984, -5.808316492350002]. 
9626.58; [10.499065646012648, -9.955510219426197, -0.09355794815901664, -3.99654979504989, -1.2566611700199746, -3.9754411371652796, 1.9269044823917096, -2.528772107821461, -2.105209967129598, -1.6502364168484305, -39.6642260340732, -3.6544649146308856, -12.702091953623455, -13.629122590627253, -6.0977446141233145]. 
8980.83; [10.013533963989937, -10.521541591606113, 0.6550032863110562, -4.3694757920445015, -1.487345412669801, -3.2515033939899127, 1.7750227363913846, -2.0713230974251635, -1.6518711284471796, -1.6281175866050244, -41.13263070205658, -3.9570160435902695, -12.562875974454098, -13.765897740561728, -5.704334114390878]. 
9317.22; [10.5103432018703, -10.305583885181052, -1.0385105811036288, -3.7061183949588177, -1.735853429752036, -4.2558388461468715, 2.085646892518438, -2.2119135809987407, -1.3877252105277225, -2.522323697386661, -39.99405772877812, -3.538881009069153, -15.036480101589898, -14.548760367560535, -5.964089079899509]. 
9147.98; [10.942820382242584, -10.671812670229233, -0.6210108672708172, -3.617027532603178, -1.1808907823974821, -4.384927116678186, 1.6910782014267065, -3.077434368156274, -0.8331569238730306, -2.343590530292308, -40.29579142989574, -3.2382627640759107, -13.189810516406403, -13.623211231729567, -6.459767925082218]. 
9288.77; [10.951721528187791, -10.947798704085486, -0.883567006983937, -3.6315028817273163, -1.1475022656014775, -3.5065880032853656, 2.1696914689585154, -1.7619660967478512, -0.8258809254411656, -2.666243480053798, -40.14014324926386, -2.877392924847913, -13.491691081175802, -13.691745412784176, -6.012238408096902]. 
10038.61; [10.235998091013672, -10.66580456720024, 0.5487787088934303, -5.038184722220374, -1.3074947366262621, -4.621987362009025, 1.7226177149943118, -2.7364169220438037, -1.2036773272448338, -1.8364759700459405, -41.744041637309536, -3.8543051040406398, -12.73464033765825, -13.332748310949702, -5.862651684028846]. 
9182.33; [9.851047617677438, -10.07353140850783, -1.1801562827703818, -4.410215351164644, -2.234213823068295, -3.4550025754949334, 2.4890434233643766, -1.735241920039941, -1.663238634900536, -2.0239338279249073, -40.95267497088746, -3.745109061344809, -14.39808114233337, -14.604538286035421, -5.873903922571472]. 
9177.21; [9.500568272371853, -10.031427500548915, -1.1529701300341264, -3.910295548985738, -1.3321158358375509, -4.711536575317213, 1.517083846459105, -1.671681639614657, -1.0708067643250998, -2.7465905239074724, -42.1169142684999, -2.878766608847138, -13.407652411901804, -14.401844819295764, -5.910068418718554]. 
9853.09; [10.352511651171888, -10.332909665288524, -0.6963884143399052, -3.7578417316283783, -1.1264359901370031, -4.0168914177018715, 2.1099042202590277, -2.8141295568128384, -2.289162322441892, -1.541503418671121, -39.881244127853655, -3.677404005210249, -13.002884467120527, -13.271967862578276, -6.216017626035521]. 
10278.66; [10.719395551352957, -10.724895238235518, 0.7086625755005951, -4.177852567312117, -1.2278248392852944, -3.546858214700377, 2.4299948395301456, -1.161120108859558, -0.9649612965624261, -1.325559382986366, -40.75193487108448, -4.262560086463963, -13.451567983690063, -14.037942498946046, -6.668565975475473]. 
9504.5; [9.865117125118278, -11.270188005485227, 0.48041234336681693, -3.989379665726091, -1.5573111668659128, -4.271426621401422, 2.0266012979545858, -2.47651256962033, -2.0662506120099406, -2.049296671231134, -40.383006249711514, -4.536673793247392, -13.054487952834624, -13.17733376833223, -6.16602843216194]. 
10022.13; [11.625017355440063, -11.701656945132346, -0.650629130109948, -3.3389250615919663, -0.8188078001382896, -4.318458823316034, 1.8074919166501004, -1.6649134291753227, -1.3387606994727508, -2.271026787232286, -40.69730395362961, -3.535364413819288, -13.074435281019941, -14.417271471331992, -5.851991798097357]. 
10767.94; [10.632221823458476, -9.749106004630992, -1.0186970410733798, -3.79841250812685, -1.266514220732449, -4.593525708878406, 1.6438010129523197, -2.5709569508847125, -1.821012775161573, -1.9027353388680874, -40.72277386907513, -4.011801723152974, -12.040711187723776, -13.580635237210032, -5.2112169079837605]. 
10525.03; [11.529125559423374, -10.746144982707648, -0.9317893576233423, -2.7459484460886108, -0.997983049739837, -4.148677028299242, 2.1760974186502215, -2.000234600375349, -1.5563723626716173, -2.2283390257496403, -40.20953951537186, -3.999094006142058, -14.787972330973105, -14.134392099253905, -6.609918350530614]. 
11164.99; [10.165831168382317, -10.458827752725144, 0.22325336567960197, -3.5099179024954803, -0.9922372233290164, -4.448155230806919, 2.0887004669045606, -2.519352080887261, -2.3996469054250626, -1.4290774669950603, -40.66682640175706, -4.4953807516060476, -13.910552574168246, -13.471190522803676, -6.217172600237691]. 
9552.54; [11.102109180712233, -11.262972999728103, -0.7396422745410878, -2.9790072347986722, -1.7135296733788234, -4.959142062318165, 1.7865691209204848, -3.104619505987569, -1.2818807347687697, -2.4177823111657215, -41.21572024552302, -3.272480222079902, -13.830626631855694, -13.80880729773486, -6.4923558883413035]. 
10247.88; [10.896519219372582, -11.864987708516736, -0.6086356735997379, -2.9533557094111544, -2.488171834811238, -4.935463170648419, 1.597880813517484, -2.9117929942869267, -1.4768922321766091, -3.7192824175685937, -42.358649634967406, -4.392894353457558, -13.779711680738918, -13.93088123024486, -7.553675066774254]. 
10780.22; [11.14631792395561, -11.040200631989784, 0.10468736782467436, -3.921975679089978, -2.243637859186893, -5.262579795386457, 1.4109976332888703, -2.189548108157509, -0.7845401400645272, -2.568592917373702, -42.07491145035111, -4.773824357388363, -12.548924041901026, -12.92645287797254, -6.786297205207978]. 
9807.05; [11.30527425865602, -10.102566459498194, -0.869885327452551, -2.659998247841157, -0.9988985883886868, -3.3795305678108054, 1.7386965545565305, -2.5944124238213764, -1.7660698947564557, -1.7449069903101235, -40.962451735860824, -4.286373374141044, -13.876795967061526, -14.542971111334387, -6.600933124514204]. 
10432.63; [9.763099853084569, -10.6339310538804, 0.03321612490864889, -4.183146854139134, -1.7494432467505168, -4.837745235941832, 1.2782824648276638, -2.402993716912974, -1.1096851040995792, -2.7693504554441724, -42.416751424524364, -3.4855383750505027, -13.609103081163179, -13.255389050521703, -7.1587265726219185]. 
11001.47; [10.957097069597465, -10.953257518780726, -0.6169934938392568, -3.0095698255099164, -1.427718258410607, -3.534924282964141, 1.7351903566257696, -1.2562332265236846, -0.6386091846433024, -1.796349022221326, -41.43793363009091, -4.154795672888727, -12.985426080980163, -13.380273572755224, -6.239512596106363]. 
10673.89; [10.188897442628104, -10.88327211878871, 0.037084611791776856, -3.4688183481248087, -0.712875490403873, -4.040899480402282, 1.7167071076087468, -1.7192558094968597, -1.2718857926522154, -1.6235673160744994, -40.66524817354961, -4.33704703623645, -13.077029710291724, -13.638717134233683, -6.514307391215539]. 
10565.14; [11.37478357335805, -11.879536163511666, -0.7406058781493645, -3.6895954521607632, -2.0934874925884106, -5.3291235563075405, 1.9672022050027034, -2.7004316674528224, -0.8624172113740473, -2.5802167755823913, -42.05369754638136, -4.092404050869302, -13.368504027852426, -12.76877699489822, -6.609023502935126]. 
11374.57; [11.60039270254161, -11.520705995085656, -0.2953141939972072, -2.550529362032397, -2.2051248422342242, -3.764401690858335, 1.3764486296741212, -2.8310939470412935, -2.3560558878074906, -2.6270940407991747, -41.81823935342108, -4.93839693526527, -13.345974398965229, -12.858098201864152, -7.09363835709166]. 
10408.73; [11.85932404125929, -10.835339640443317, -0.5237535599685118, -3.39633163959194, -1.9889577243257786, -4.2460117262049435, 1.9762477074423392, -2.2598910530005636, -1.523070138215468, -1.942221785593081, -42.764117723685054, -4.924018010257133, -13.772176465475765, -13.25001025355895, -7.4419714058297215]. 
11101.08; [11.940547013339346, -10.42538410607759, -0.03794599034016902, -2.0401885523558185, -2.432024862478613, -5.7674800963971675, 1.4009096623256756, -1.754215673258288, -1.800200286884404, -2.0218622552070995, -41.63188708715192, -4.865683333316419, -12.818596036622798, -12.470823196562204, -6.8801326883325125]. 
11741.2; [11.940547013339346, -10.42538410607759, -0.03794599034016902, -2.0401885523558185, -2.432024862478613, -5.7674800963971675, 1.4009096623256756, -1.754215673258288, -1.800200286884404, -2.0218622552070995, -41.63188708715192, -4.865683333316419, -12.818596036622798, -12.470823196562204, -6.8801326883325125]. 
11020.6; [11.603025933741813, -11.135275049322635, -0.9355385787107937, -2.633068071769025, -2.073735962721233, -4.745015330457164, 1.852165929982514, -1.4138878928026524, -0.6417369055175219, -1.54377712840238, -42.810578535204414, -6.350830907025317, -13.147999634000128, -13.233658091955379, -7.93857233464448]. 
11847.59; [12.063160782373219, -11.230687537071917, -1.3668257781722801, -2.2796629070371868, -1.6774470109381578, -4.8977738937951045, 1.5321904917824343, -2.5617989007581636, -2.3690994108630545, -2.399757298716613, -42.10640115161929, -4.274103641757659, -12.916725983815676, -13.074453316624414, -7.180344542558402]. 
12110.22; [11.548549710461845, -10.695178039100911, -0.0489457630127455, -3.504860847709353, -2.126271880128327, -4.2221228952904735, 1.9718010209104455, -3.1574563301690297, -2.206483086002442, -3.0329926962644516, -41.54765568514555, -5.248212638816318, -12.009134012342777, -13.458549393083171, -7.070470891105046]. 
11532.12; [12.611239627554966, -10.943273099099956, -0.8259525934539219, -1.430054403029569, -2.4606688199805595, -4.757596710481199, 2.0904553667874186, -2.89517756489346, -1.3159777260040766, -2.3793370422153126, -42.418829806903645, -5.5915134609687085, -12.370007643827545, -12.943661356592042, -7.384237108930836]. 
12234.45; [11.527119812816284, -11.436381497491803, -0.3083741051303692, -2.8953829474325468, -2.3102121005903915, -4.908095287176291, 0.9802778697303898, -3.1387531911133695, -2.5595715997290336, -2.510341564981562, -42.575235745587044, -3.8089577802454744, -13.008806550457955, -12.564455806123174, -7.807158075325735]. 
11209.58; [10.807667766509523, -11.05939349690308, 0.19084538296411713, -2.614772100195597, -2.286349197453793, -3.7900643933038296, 0.9974180654254056, -1.6845699320772312, -1.5673791874969023, -1.5898301401685635, -40.767123855405075, -6.469133347478516, -13.49668307071129, -12.812341584996066, -6.217602138577646]. 
10959.32; [11.75238817405124, -10.962450300568925, -0.45430516980790925, -1.678089239187179, -2.201791797534744, -5.726051405274472, 0.8514484340514882, -1.6219615606611377, -0.7843562458225001, -1.301549643393902, -42.31324878072006, -5.4202296728990085, -11.290460679499366, -12.412473360676126, -7.13168109602387]. 
11903.34; [12.230877191989928, -11.74584377854421, -1.011082128273953, -2.701415494741845, -2.5007882177127962, -5.724625563903511, 1.6964521825534566, -2.5763400199221196, -0.7216809793337701, -1.709190832491744, -42.65358835206644, -4.929596704618295, -12.713804472647476, -13.028355124194439, -7.643966869642328]. 
11113.1; [11.79304637432381, -10.28875481907713, 0.08659850464000529, -2.762699941213537, -2.456450140088954, -4.588923691171537, 1.1946096857605515, -1.304536227961564, -1.2943633143158049, -2.3697033717437868, -42.935238949100594, -5.616772299481649, -13.12535448398945, -13.319360051134746, -6.538468333414396]. 
11678.23; [11.409836395763538, -10.910569306746066, -0.6202668516178486, -1.9498679042312026, -1.9042306857060276, -4.0370579966660385, 1.1010914414555237, -0.7307801192890147, -1.9918232432125715, -2.2931154718099767, -42.97298252006132, -6.647386057591662, -12.16014960598966, -12.63976486312963, -7.242999693486986]. 
11520.87; [11.099847750804429, -11.096150788754155, -1.1208817853749298, -3.5110777849527803, -2.1037673800343963, -3.7616666472659364, 1.2403554739594078, -1.8399459948733452, -1.7980246000191165, -2.1269961308038865, -42.61617014151246, -4.48290846372841, -11.803232167368465, -13.530931198817322, -7.6800168331826395]. 
11887.79; [11.849719592817134, -10.072107841198221, -0.5675242958227321, -1.994455909760882, -1.7280720517881243, -3.8828535646803193, 1.0446612446491397, -2.1544097001698677, -2.7049028524485754, -2.958638588045255, -41.44399553013073, -5.02070371155327, -12.778791542066267, -12.13479752739985, -7.22361304955524]. 
12577.99; [11.210743144770689, -10.677459227157573, -0.038433491553350685, -2.851327627264271, -1.6154231265853842, -5.2703735513079755, 0.7217159284670458, -2.2231424321434883, -2.372586279684217, -2.759763526866621, -41.8926850030046, -5.961947747452351, -13.10161498015197, -11.648709937109713, -6.930808684258496]. 
12353.77; [11.773373734649526, -11.626753406461129, 0.005534225727651276, -2.4508167447355853, -1.699770104517948, -4.744979264856154, 1.4293170307108987, -2.6979402419678804, -1.8148728856997547, -2.3432159431066166, -42.98648828892709, -5.08782067084503, -12.684682795317757, -12.265275654364348, -8.285917135008647]. 
13097.23; [12.326742328045983, -10.460115141068039, -0.8898436952904805, -1.8397750535748045, -1.1912813836091196, -4.679839788678462, 0.740393697321644, -1.8513600498929599, -1.7829286448639057, -2.9172404630612707, -42.157135596480806, -5.25602051697238, -12.908624337249758, -13.091628268718896, -8.001071898079504]. 
12448.34; [11.974062867081672, -10.835580065397341, -0.5848208205072082, -2.263237800983386, -2.5694409546439454, -4.895825638312215, 1.143614239123041, -2.126877604214046, -0.9188762607255575, -2.8201509149293145, -43.506343044131235, -6.1135364052902315, -13.165529383951439, -12.380840383860711, -7.876806233553127]. 
12109.55; [12.361342742833212, -10.696163799122342, -0.6263574352868205, -0.4510842057567146, -2.271763529308601, -5.036770314431832, 1.5035640290481351, -0.9218259966083459, -1.650577178557296, -2.5661327756853063, -42.36677777013804, -6.0697404633425185, -12.68996116370296, -12.09342551160343, -7.671906758057549]. 
12385.81; [12.274952345346504, -11.073269875784614, -1.0672979393766027, -1.9023761089970548, -1.6340851191109107, -4.486628080525927, 1.244240129060817, -1.782466499518669, -1.7085996150052654, -2.0155061067441804, -41.87349128844392, -5.621580330770687, -12.557692065738213, -12.02571098595775, -6.733733645520591]. 
12238.08; [11.72932460316384, -11.123780975177969, -0.38752875597401854, -2.5843994601910776, -1.63283101231737, -4.469973151156996, 1.190273877130024, -2.8496246813429917, -1.3899889891883288, -1.0596047340947337, -42.507786740908806, -4.958343912725321, -12.14813166978734, -12.460404194180981, -7.873622938841138]. 
11450.2; [11.21487661544195, -10.761467731897147, 0.21059599224225178, -2.447351775323622, -2.6554760717853867, -5.525377554632445, 1.4189376530636608, -2.3698891235175896, -1.7802593359284826, -1.7971616576366112, -42.936744625576026, -5.739702185110094, -12.34360241514165, -12.186858489028465, -8.324301245666565]. 
12577.92; [12.04417752396588, -11.132724666135392, -0.1174334754077962, -1.7829802251711189, -2.0765823356197233, -4.737434054120314, 1.795745362883935, -1.9069166157911326, -1.2798077503369973, -2.1450422751990708, -42.72602291890359, -6.010651046896003, -11.79208728525906, -11.97496349547834, -7.93404212774687]. 
12912.67; [12.079862454477151, -10.452337724697305, -0.14724975533791806, -1.43604262199769, -1.510890741542823, -4.4277909433341165, 1.5580242552708072, -2.664397395340284, -1.166948018583207, -2.923911716950479, -42.52811010290693, -6.023741179114423, -12.784264702759547, -11.967212013882921, -8.473710960423318]. 
12712.69; [11.749337130814766, -9.367534625063163, 0.9123107020294972, -2.372257339308974, -1.6894348340873429, -4.180434463153532, 1.2210587205149568, -1.6492791044341517, -1.269692248117983, -3.4473024822969913, -43.03930304212865, -7.057858015782238, -12.222367879391163, -12.12145114854526, -7.184645461146373]. 
12610.66; [11.592836162892965, -9.800735033403704, -0.040057497581048096, -2.309224040281655, -1.8545824554603398, -4.018211738142695, 0.7352223758317167, -1.8779268213576832, -2.1211382242128134, -3.5605976400768604, -42.752039794104874, -7.4974704216950006, -11.73749564139423, -11.95141087435166, -6.771029539085251]. 
12046.99; [12.49578537008325, -11.03422827775952, -1.770747546449813, -1.3956431381507841, -1.8214513151435396, -4.487688380238712, 1.4549929359515388, -1.1035549104327589, -0.8274801608321601, -1.8782502291608638, -43.266732882158465, -5.360988142710671, -12.044117759309833, -12.47828367259747, -7.081657831341145]. 
12804.7; [12.256107938100971, -10.298264624889443, -0.4335401528827385, -2.0550457177639263, -2.634220679677347, -4.315295151268858, 0.9671412657934024, -0.9796310309657925, -1.3671588568651025, -3.332142572073015, -42.893926201162074, -6.609138947633525, -12.931549873824215, -12.535139029254088, -8.037343032210496]. 
12247.34; [11.744317532540443, -10.130727412805347, 0.4307692809153749, -2.841863808550552, -2.613576741604389, -4.135973276676079, 1.7515504658464867, -1.7106558561710572, -1.7447207150605748, -3.2220401990908707, -42.645107212655454, -6.936568839352424, -12.162548071388432, -12.026093615050472, -7.754455880175108]. 
12219.48; [11.535629413408099, -10.971887438506949, -0.1325987424355583, -2.5617609896524884, -2.2241166012602043, -4.913108020006797, 1.6400646258296574, -1.7631678083315794, -0.7476297072997807, -3.022634085501648, -43.84869059818313, -6.663251082954514, -10.550232891634595, -11.788463006432632, -7.381417825235711]. 
12499.82; [11.76763036956479, -10.9289810995705, -0.3713845845431803, -1.777145307816308, -2.3429123159777165, -4.399037155663458, 1.2013628723907974, -1.314337545584091, -1.7949997586058897, -1.981085768208562, -42.65544382706896, -6.241970565203315, -11.215483202981583, -11.874949876781628, -7.783069358182977]. 
12767.59; [12.236731471511163, -10.287737863688752, -0.07572270556744613, -1.6794813301921798, -2.9030720464675803, -5.995322833063913, 1.2128457727915922, -1.9903739706102306, -1.1981994540295386, -2.5255393930149146, -43.778068079052105, -6.92337486963199, -12.063934477776332, -11.458001875589902, -8.888156215722551]. 
12534.99; [11.374283248069805, -10.395733966970486, 0.06156987662302629, -2.5542655461437285, -2.0108253372287663, -4.72961630724074, 0.9603771842103599, -0.8923490193777268, -2.1661117522172435, -1.1702834902101902, -43.235596188124454, -6.187033532039297, -11.421148307281348, -12.639416366176281, -6.993820049446713]. 
13962.26; [12.056157888077447, -9.651815537186229, 0.7674994471492713, -3.2126560534441286, -1.6132025596181916, -5.056324561566328, 1.505675676882489, -2.304552388608239, -2.0410212785432456, -1.6048278537128735, -42.79189860336381, -5.513544071360407, -11.008677422825048, -10.81731147785522, -8.199668748960821]. 
12716.42; [12.697244648035163, -10.99924215194102, -0.7832682198664785, -1.1658981388495435, -2.1154082183162464, -5.0794195707081355, 0.2457531465290934, -1.7653099306620261, -1.3543908324850225, -3.4861324751655784, -43.19156102171586, -5.623239370217825, -11.440679509160582, -11.134941170561333, -8.41682117464784]. 
13047.99; [12.37909150947396, -11.017054648006821, 0.6572520336295216, -2.7999614070989227, -1.0522131110709818, -4.121343308451195, 1.0891191979799453, -1.619342094268692, -1.6030847031588624, -2.2869223674659778, -43.17600367144296, -6.610163432958785, -12.130955781564227, -11.988542595246672, -6.918468915460308]. 
13225.35; [11.686743288355434, -11.217194681050417, -0.6027264457655765, -2.58587492715246, -1.9421767022126302, -5.014278772177118, 0.8801525756598055, -1.6980331305316998, -1.374444238982055, -3.0891539917608792, -42.999885336116726, -6.019911444304298, -11.293982670273548, -10.887709730773787, -9.884192737736132]. 
13127.4; [11.801029373632987, -10.686181505257416, -0.5307545828907198, -1.9611115113526345, -2.409492363328092, -5.138902223475453, 0.6726853226707072, -1.2221100459477214, -0.559526211047416, -3.327730810187263, -42.79338304762499, -6.6308048064023914, -11.135558718546994, -11.495627683193916, -8.174700545864383]. 
13777.04; [11.370104805819835, -10.78541132633508, 0.07310258612225023, -2.1328783801199647, -2.301286781918867, -4.665185604335339, 1.424244429397909, -2.3833358766341153, -1.304106925556549, -1.5344161809200254, -42.9508552387027, -6.007600372532809, -11.185767956352574, -11.610948586838639, -8.397063772950492]. 
12575.77; [12.045777128025291, -9.950402567332045, 0.7291243210435497, -2.5806011842415604, -1.165682862416868, -4.90523578141391, 1.6878581504480894, -1.5916350872383092, -1.33361779787326, -1.6204646623611203, -42.396845491909716, -7.4083771469876325, -11.543924628247016, -11.442915971708674, -8.50002589123744]. 
12403.14; [11.560310561536284, -9.60849658495083, -0.5117149024525456, -2.608356300378593, -2.1565445613233005, -5.888614190618151, 0.6790360285718786, -2.5507784830943843, -1.6449771246845477, -3.1460164735107505, -42.602418367781596, -7.482614802123395, -12.375040228992196, -11.758161975047177, -8.71564334060475]. 
14134.53; [11.558106340158057, -9.265730840419547, -0.6712017482013541, -2.6622301670034214, -1.3536654803197194, -4.796927655342745, 1.1617603053338148, -2.4565806726810933, -1.3433987658627053, -2.2977571500891267, -43.423986180621974, -5.819180104330011, -11.414836822405453, -12.365815618458502, -7.861200909428368]. 
13363.88; [11.308472782882228, -11.236198223441718, -0.3160855663476283, -2.0462159352411726, -2.1167506893157735, -4.840612266332972, 1.4221564957203434, -1.830314777744737, -0.9948401530512823, -2.8166496012803712, -43.34500546607458, -6.936130304172953, -11.65312229196493, -11.6171928342089, -8.137857140330993]. 
14010.81; [11.584263452784638, -10.021311663127262, 0.17394143604714965, -2.6817989702901976, -1.0892115908674622, -4.169271362426573, 0.37896253333338475, -1.437436438890435, -1.733383378886944, -2.331444978540171, -42.76676934905326, -7.327981690283991, -11.575807969079547, -11.17183086975671, -8.877376349239494]. 
13233.11; [11.812453909158558, -10.206128287132225, -0.14806061195859968, -3.3270752225039937, -1.9560633374568126, -4.85277810903496, 0.6658183607432339, -2.7640322804131476, -2.273929513501853, -3.227890266342936, -42.216553361769584, -7.549389358991855, -12.414718177622841, -10.859523270848511, -8.899727054928608]. 
14106.51; [11.76282367527635, -10.499203585582226, -0.361580976895999, -2.116165099011988, -2.285538963915304, -5.010897033037154, 0.35941533707201445, -1.465086654751602, -1.9743173846189062, -2.0403409929550884, -42.89590846469855, -6.078594603935933, -11.148528149941425, -10.906476059899257, -8.586450391724098]. 
12880.43; [12.094100592603464, -9.953149563636739, -0.27085246564647847, -1.3296706181527351, -1.0850126296943854, -4.214434408069812, 0.12079378284677988, -1.4761229150418873, -0.6948501254548495, -2.623093976851665, -43.629385419018234, -7.860533309430704, -10.91021770069153, -11.840641385976292, -7.871472297716643]. 
12939.16; [12.149224541361919, -9.430442350284805, -0.007825902516217773, -0.9652093385431746, -1.7761450533355845, -4.137481837488868, 1.0740251110025025, -2.5273805743015636, -1.2373582876038922, -2.941063319617396, -43.309101836193875, -7.046337992169826, -10.772090580385086, -10.731326887698188, -9.220369571382053]. 
13564.37; [11.305228395505392, -10.672232501424045, -0.3487860461567526, -2.6297522848620876, -1.5485306759496726, -4.6742368729928385, 0.632693804601612, -2.049079180037966, -2.148901616837825, -2.5887296329469374, -42.340909691433666, -6.614423532428895, -11.067349792668303, -10.345837105559713, -9.377227262980151]. 
13365.71; [11.753947912922595, -9.898794515153922, 0.03516248155137451, -1.4089093273406714, -1.5770502926590753, -4.407516597066031, 2.242967493003822, -1.6860496149375257, -0.7239227774618788, -2.5161436782129427, -42.932711125714846, -7.011480910278306, -12.354813545323797, -12.779382741255805, -7.959734991832263]. 
13249.35; [12.065715980076886, -10.452131076256705, -0.03734510514048073, -2.6077402470135924, -1.86155447062796, -5.115754974981109, 0.371053395683004, -2.662328524452121, -1.7551818988606633, -2.8738200365345907, -42.21398550594849, -6.991051140011532, -10.101124150984408, -10.53479747312696, -8.264782447750767]. 
15112.53; [12.079464315747604, -9.826198215420641, 0.8113632105692458, -3.048871817902688, -1.3557544094100504, -4.647308087545397, 0.29793147582105123, -2.31079434452207, -2.137505188085427, -2.340695098039976, -42.52924934477135, -6.552926661502925, -11.027825799365111, -11.240988889538809, -9.165791330014805]. 
13285.99; [11.881719687511774, -10.150494913989052, 0.24321230807226893, -2.4432591997253965, -1.4504623486152846, -5.3762777866789335, 0.39735556747822537, -2.7725394686919085, -2.0522197228627115, -2.817484720518089, -43.629481519998016, -6.793942145403292, -11.099831011314707, -11.350226009798693, -8.329756757620451]. 
13826.22; [12.286715626688096, -10.224492990663723, 0.19834806686788733, -2.448990942076458, -2.2393377902668057, -5.4456145301387116, 0.04005011668844227, -2.4428996536645204, -2.2379476018993416, -1.9830129293528698, -42.459747309927174, -7.0550260212353075, -11.155384157123791, -9.757566934119922, -9.468046997635742]. 
14312.47; [12.676651554408302, -10.01407748212553, 0.0021991072374338283, -2.5713629175318866, -1.1560483757422424, -4.266490023787662, 0.6592139785477422, -2.7094205562531974, -1.524943622641868, -1.693269675925339, -42.77157802056807, -6.386748505226549, -9.783340429189554, -10.946877401846718, -8.660602707741697]. 
13523.58; [12.029237326913897, -9.955911140390475, -0.05800404104293501, -2.9956097962295334, -1.3151590705666014, -5.425665301470453, 0.4127810873865888, -2.384395328743772, -2.4649757593011605, -1.8888913727159875, -42.873471069159244, -7.480206413030726, -10.773019650812909, -11.185612433554725, -8.642816416831506]. 
13062.49; [12.477117635650785, -10.092450177074587, 0.18968211426167259, -3.258279766328852, -1.188764300697228, -5.228061908241681, 0.09209428787772, -1.8590952958170444, -1.3447507699816486, -2.930506776995942, -43.788640748068914, -7.030955869088914, -9.98745144457024, -11.71335029243451, -9.465283175558948]. 
13494.8; [12.286715626688096, -10.224492990663723, 0.19834806686788733, -2.448990942076458, -2.2393377902668057, -5.4456145301387116, 0.04005011668844227, -2.4428996536645204, -2.2379476018993416, -1.9830129293528698, -42.459747309927174, -7.0550260212353075, -11.155384157123791, -9.757566934119922, -9.468046997635742]. 
14405.21; [12.431391661814882, -9.671308971335325, 0.22442206357044392, -2.596560872111807, -1.5660963818167144, -4.588116074363149, 0.7773648097432841, -2.9762851083465804, -1.3018737916005425, -3.659403119920478, -43.54833842669874, -6.695471827118395, -9.353631608826309, -9.977376462048547, -8.392128014113988]. 
13883.88; [12.883662581819545, -10.689730804991038, 0.09799518848688034, -3.9051939103920423, -1.0024250281146558, -6.494126699754742, 0.8859815875950026, -2.901006157882318, -2.433061537395115, -2.4633347524270204, -43.027179451372646, -8.630090016431794, -10.425600187977656, -10.575282371554135, -8.311078965493087]. 
13186.6; [11.769350667469078, -10.693743585139991, -0.21378458248278387, -2.3029041223427633, -2.029515272611328, -4.65392464842614, 0.5954522616317351, -1.6291142873892381, -1.5413818664248968, -1.9093401346972216, -42.95940108016837, -6.147683725554973, -10.980876488178977, -10.61140390554212, -9.46212419744577]. 
13424.18; [12.319492855623464, -9.478540345460326, -0.6109675850619533, -2.6837752464008195, -1.3222514950049065, -5.470440019429051, 0.7340508631889983, -2.645886464097092, -1.923678809210852, -2.6437315943723934, -43.631106325633404, -7.715482976812748, -9.998373720214852, -9.976493887984628, -9.037541806733282]. 
13420.7; [11.519576431397576, -9.167338065205957, -0.12183119614362309, -1.750799906395058, -2.1210648376001355, -4.899011191518143, 1.162190957735978, -2.6090206470952513, -0.6071186588321025, -1.9315503271501315, -43.52916809734018, -6.740701808350783, -9.88716387974759, -10.861978573585882, -8.309079239520107]. 
13612.9; [12.723519617784122, -10.216900583282088, 0.49271031872540616, -1.8249211231202405, -1.1955610588826615, -5.140030279814996, 0.6340824063821313, -2.786561899995552, -2.0342866279344287, -1.9842621698529517, -42.57362741654882, -7.700228286551924, -10.462544620361268, -10.367026513839688, -8.908524058428846]. 
13158.96; [11.115273000063628, -10.065104595231919, -0.5370054313447424, -1.942588520770241, -1.4118619173188631, -4.935662912831689, 1.1190270017363189, -1.4028831485110203, -1.460812012312004, -2.8163463390462438, -43.34136804448968, -6.966094603341062, -11.034563680501554, -11.213847541094996, -8.551564110822003]. 
14200.85; [11.411587785522315, -9.433791168989524, 0.23723044627928147, -0.5710075351539512, -1.8593212716926408, -4.173081445603472, 0.8863399610852243, -1.3835927600361215, -1.8717636930359902, -3.2758625947228315, -42.24625151004927, -7.1229294309154305, -11.307329106645213, -11.47331382972705, -9.0145093985098]. 
14159.25; [11.593188297809778, -9.105231740812354, -0.5474518753834359, -2.283235541819995, -2.2061214465393735, -5.740225286263443, -0.026129610320274943, -2.4044276360189527, -1.3954975452003835, -1.5960151106783191, -43.06375410626019, -6.29887303305757, -10.0152932184137, -9.312814457203539, -9.177182618880728]. 
14988.01; [11.825751119409938, -9.897283566151568, -0.618373426202181, -2.466865307428307, -1.233156693641614, -4.878491859191724, 0.36770607932142635, -2.162690267593187, -2.0667738102065023, -2.5872516461377604, -44.20650635828597, -6.4532294464551, -9.506158865301845, -10.926895827419855, -8.040577235376121]. 
15498.61; [11.791767665976794, -10.047012136361253, -0.6446151574014922, -1.774486252690684, -1.700687212271275, -3.97071634944328, 0.4593929137469299, -1.539475752742227, -0.9306814512716046, -2.2469011670591628, -42.32612764655128, -6.3239881759425405, -10.679483775108995, -10.452497887042353, -9.14293926319485]. 
13960.13; [12.529000283716885, -10.066782373733792, 0.11528796037539937, -2.4792742461018977, -0.9295468732804126, -5.163763582387181, 0.4428483033118477, -1.9711025125362953, -1.6029079236052608, -3.1587674078753816, -42.53781579479087, -8.793839021737998, -11.838927359610599, -9.784629199731102, -7.9713596656959105]. 
14137.34; [11.837061991608175, -9.552841897269694, -0.1942120834299647, -2.880051026360916, -0.7451376385105714, -5.684695149788327, 0.9160690258223909, -3.0603651912915293, -2.097557315622563, -3.426634202510141, -43.70575738746225, -7.284536199986295, -10.665127668070392, -9.858164773951376, -8.578005447092098]. 
13505.32; [12.49080928683538, -10.51668617341182, 0.15334527201001888, -2.366520368030574, -0.9800903281416142, -5.735017859490213, 1.0093801386154624, -2.3252930343312723, -2.081985210808096, -2.631289078103694, -42.83928580468849, -7.623797178405574, -10.883411610285503, -10.284584035090093, -9.504060591525295]. 
14451.38; [12.129605065127018, -9.847404850937847, -0.3248571072047789, -2.731704559504245, -1.2243634297424717, -6.044728343825755, 0.1273671205761558, -2.4517577463731755, -1.4798772227260146, -2.3035280994132075, -44.02849501404978, -6.090186426945341, -10.396786956563622, -9.780970670852216, -8.817631366634245]. 
13586.13; [11.10381498374174, -9.730058748399834, -0.3653254236852213, -1.080067983637164, -1.467024853061352, -4.758148527708845, 0.85243988652541, -1.9476824005886175, -1.063060843327035, -2.2211158825222217, -42.71812782734034, -6.650931752649772, -9.828529683614292, -10.561990231062033, -8.249849179953118]. 
14686.84; [12.524954694013227, -10.235595053280015, -0.433123594037616, -2.6813120030512314, -1.4109002512675706, -6.389175012911479, -0.7704061038793117, -3.51128737694597, -1.6479691112638122, -2.892593885122433, -43.779188407676, -7.615263989900796, -11.289496358074201, -9.223386310307411, -8.654434872966222]. 
14720.23; [12.524954694013227, -10.235595053280015, -0.433123594037616, -2.6813120030512314, -1.4109002512675706, -6.389175012911479, -0.7704061038793117, -3.51128737694597, -1.6479691112638122, -2.892593885122433, -43.779188407676, -7.615263989900796, -11.289496358074201, -9.223386310307411, -8.654434872966222]. 
15330.29; [11.768183670828352, -9.770207673517788, -0.9048244955661984, -2.331467637231487, -0.7839547988178094, -5.620683249959959, -0.159126869365625, -1.6447890553384625, -1.2528075950851494, -2.2729435447389745, -43.157378295117354, -7.624292724504814, -10.304258208236666, -9.558817220877424, -8.100818194480931]. 
14324.28; [12.086470035551322, -10.996968451505472, 0.5563719382019661, -1.4952541914098263, -0.9690681186187063, -5.1097562577201545, -0.0055405944368765725, -3.1036101728084504, -1.9979016251261343, -3.0505209377145572, -42.235672899816784, -7.18162838159087, -10.181576915398773, -9.50668374625794, -9.036278005623398]. 
15382.76; [11.775961427060086, -9.773043524440999, 0.059176116243193015, -2.458880242252122, -0.9831675452444693, -5.929289866948181, 0.4835096865962414, -2.7970727881965933, -2.048252172291734, -2.554334323192262, -42.975210724931905, -7.934471581176845, -10.835275226914007, -9.78069907706959, -9.26731814900214]. 
14797.52; [12.587824734882206, -8.216975686417511, 0.16968913866787522, -1.996001070829562, -0.8148171722148634, -6.432511680101433, -0.0037315627210165736, -1.6952735388310416, -1.4683612814391358, -3.107228025973216, -43.627520567602986, -8.872826268280658, -10.36281091133354, -9.920551245471946, -7.314088773664019]. 
14281.61; [12.013475466896198, -9.380997277297475, -0.22312377962046495, -1.419193091571597, -0.1936436274573754, -5.563207141720711, -0.02600881595218482, -2.0749760936840884, -0.9620797562549919, -2.375717613871277, -44.216592623267225, -7.686948565182085, -8.474691388751953, -9.199861531555955, -7.998564259267512]. 
14272.94; [12.013475466896198, -9.380997277297475, -0.22312377962046495, -1.419193091571597, -0.1936436274573754, -5.563207141720711, -0.02600881595218482, -2.0749760936840884, -0.9620797562549919, -2.375717613871277, -44.216592623267225, -7.686948565182085, -8.474691388751953, -9.199861531555955, -7.998564259267512]. 
14174.67; [12.367990101163736, -8.961606521291227, -0.539867557408725, -1.547381331828134, -1.0945761196845405, -5.927329327429216, -0.9394599817264934, -2.899528218243717, -2.885494540982164, -2.1253558641818153, -43.4868503356995, -7.620992570159451, -10.836320828347956, -8.113573861829488, -9.055472594010766]. 
14837.7; [11.361608736005946, -9.205246891662098, -0.450665577922967, -1.24470840524, -0.770902064448383, -6.344840794491754, -1.0213814817453968, -2.842361616599712, -1.9502016936129292, -3.1999473000250385, -42.94905870418921, -7.792651636648375, -10.370015919600029, -8.700296011267767, -9.262500636389044]. 
16861.74; [12.950301849442171, -10.08576010096702, 0.059988784142595286, -2.3863025107248177, -0.5330213359452631, -6.198768553396935, -0.5330311535841794, -2.6266827687076986, -2.1611771223675804, -1.7928544466761416, -43.22607432456804, -8.824755515431326, -10.821189801538392, -9.507337300647382, -8.61012641847887]. 
14802.97; [12.132327835255646, -9.586039266576236, 0.12820572414561437, -2.004760009938213, -0.8585195967167807, -5.975921565372863, -0.41175702696895267, -2.341208344847622, -1.9812501583739612, -2.532734612648787, -43.92536172803768, -8.060438148826657, -10.517067124680914, -9.692776136619477, -9.303456188366775]. 
15023.3; [11.616691418944848, -9.16704504670422, 0.7765365156165378, -1.8984170741409299, -1.6423338519059074, -5.43276952175221, -0.1402989930936554, -2.4383758930279407, -1.938211322651736, -2.5047586906047705, -43.48863436135652, -7.050889526022636, -9.898221338270686, -9.584999158670154, -9.03265295858824]. 
14072.62; [12.281307489240193, -9.578289510062277, -0.26469456431868627, -1.8658887161405167, -1.325743185623764, -6.412198683309171, 0.12040762868904209, -1.9877592430539295, -1.8495001274049252, -2.4694479299983056, -43.71620070780831, -7.471283735332708, -9.7609127351169, -9.927588784390762, -8.05678351242066]. 
15138.33; [12.00176256633588, -8.789074842021627, 0.6941422315077108, -1.4388877119051502, -0.39437272677597746, -4.857780685271095, -1.6061542435147897, -2.0442660364124023, -2.4108499496735707, -2.7763507398539633, -44.34820559990912, -8.463247835484287, -9.049747440181772, -8.926312330393806, -7.56827439628482]. 
14006.38; [12.059699833628853, -9.621201118430543, 0.44467482479734965, -1.6603038327812616, -1.176230402521872, -4.780179277967316, -0.3462027500861199, -1.936304941660977, -2.2484583450597997, -1.825548282168584, -42.28048909936295, -8.59152272179196, -9.830869874212963, -8.933807945033807, -9.73028985743444]. 
