
nSamples 100, nElitists 100, initialNoise 0.0, noiseStep 0.0: 
29.21; [5.113255019947101, -0.09238344725222436, 2.562810698885543, -12.688079065681528, -18.364966918268927, 14.045261450629171, -6.783042569663421, -17.278299274707607, 2.2887469146463024, 4.978609572312452, -27.969692641748143, 3.800121415640603, 1.2459568752953682, -15.167147265987712, -1.343501532864551]. 
96.39; [-2.28039002174172, -23.27831076318123, -6.681651798750837, 0.8653384355117995, -27.68702241042285, 8.336483862681899, -1.660111514403065, 4.032776522419905, -12.58782627015723, -19.451225237314176, -16.34832146644323, -19.10143918889081, -16.642469335723778, -31.007280982141523, 8.57051941107924]. 
148.07; [0.5536959776345558, -37.20879501985898, -18.69634312318594, -7.50713824963783, -67.11201192107241, 28.156233014629375, 6.553455951738032, -20.995460997490056, -9.845107457186957, -50.588593845011474, -74.10233199377198, -17.876440211613023, -28.060360451298607, -78.27606335586358, 6.4543119882018525]. 
190.75; [10.292613861814797, -42.93543171810482, -17.1214424791293, -1.3358844159715526, -36.47694806965848, 19.9801770880827, 0.2777176949772896, -15.327113703122151, -28.735952604558385, -29.339370128324543, -36.10847509015908, -13.122746287460796, -37.475973755532436, -61.386006966699185, -8.000722125548506]. 
175.17; [17.1020807837522, -68.43619476105384, -27.315740055835608, 6.812402670987712, -63.22136423906633, 29.86225709685413, 5.943767416948408, -20.877405547026292, -31.314512726143022, -61.58772390467642, -65.8535428708663, -8.927110387070229, -51.77585783752939, -91.13521060827046, -3.151514453477786]. 
181.06; [27.19232572891253, -48.3184373155931, -16.412879512069576, -4.757199666370791, -66.46246829353451, 30.4277944632411, -2.002962977710614, -32.880251345772294, -26.152218767902347, -43.14231639674359, -83.45783325986577, -22.63851499678956, -45.15705765054436, -94.62001125484386, -4.425833516966594]. 
198.99; [14.893638003816397, -32.50528653341122, -23.1050474984962, 1.9135785998653856, -21.119097423630482, 8.849903388068991, 3.3356977505867604, -19.53686514182664, -15.36217745642464, -41.09921626242958, -30.71246045040474, -2.15873512862019, -40.574150848313295, -45.76000191912949, -8.720923243657008]. 
196.05; [18.074070148318306, -44.07458695340814, -8.775096866735254, 3.2749685625865905, -38.03083158306458, 16.68134461412307, 1.4772947893863928, -14.050366116832441, -21.214824276196495, -29.467789860788518, -40.577383076393915, -9.400925533062626, -39.35470276264172, -56.618497289292364, -3.190510741380483]. 
222.38; [18.074070148318306, -44.07458695340814, -8.775096866735254, 3.2749685625865905, -38.03083158306458, 16.68134461412307, 1.4772947893863928, -14.050366116832441, -21.214824276196495, -29.467789860788518, -40.577383076393915, -9.400925533062626, -39.35470276264172, -56.618497289292364, -3.190510741380483]. 
