
nSamples 100, nElitists 100, initialNoise 50.0, noiseStep -0.1, height 14, nFeatures = 15, nTrials 1: 
1. Score 23.0; {-0.1741337805617526, -17.60126374514939, -13.561936266413188, -5.771806286721821, -0.2431076368959259, -5.713678306416119, -4.29269801179532, -1.2782163323920281, -3.065654379159191, 13.74438794075932, -0.37039018668616003, 0.27821469412861677, -10.380302920181695, -1.4149984250605419, -0.842877246394801}. 
2. Score 32.0; {-2.1877742349346607, 0.24868724659817795, -17.918397934445924, -4.48659672719181, 2.166477328909268, 3.0552768624604374, -5.1059346171172, -5.70161275540412, 1.891799272068053, -7.9494454619842045, -8.851191659452889, 2.320043276764533, -10.780785439983852, -6.282232682022082, -11.352733748388307}. 
3. Score 127.0; {-5.518294582380518, 2.8217448077596927, -5.2217923349662225, -14.507638394576105, -3.1683860804891415, 2.8336841122801335, -13.575223349033756, -7.617458516212923, 23.34607640840696, -3.3664637449077466, -15.694064784450546, -18.08701409359781, -33.87039911781068, -42.51896971992479, -24.868106758932154}. 
4. Score 1802.0; {5.970313847357554, -6.907071099972045, -6.167237837919988, -4.560427297880242, -5.057398238998143, 2.1774844681369476, -3.4134401442314757, -2.628105978185423, 0.05326305234061479, -2.2065365313518686, -32.132298173788826, -16.39051159332434, -13.456682088364744, -15.779187313720065, -2.6110979156622385}. 
5. Score 572.0; {28.037780928648054, -26.17734591933562, -4.723972373749421, -17.89474479929441, -6.8215063474375714, -1.4765183939274786, -6.944537838037115, 13.208948357642821, 16.639766312842482, -11.873787407973978, -60.23045883437648, -16.723032142581154, -17.975755237803696, -26.492401202748173, -6.3331802838721725}. 
6. Score 2404.0; {5.970313847357554, -6.907071099972045, -6.167237837919988, -4.560427297880242, -5.057398238998143, 2.1774844681369476, -3.4134401442314757, -2.628105978185423, 0.05326305234061479, -2.2065365313518686, -32.132298173788826, -16.39051159332434, -13.456682088364744, -15.779187313720065, -2.6110979156622385}. 
7. Score 1267.0; {6.49282542965223, -5.0850491937347275, -14.582030257505576, -30.16376103431829, -12.511488376181187, 16.413084341117376, -4.9196014049886445, 4.445463140818031, -1.1555355042237387, -4.715532512704105, -68.86680157333227, -14.308044540403152, -31.660526814686243, -41.774760063281775, -17.040002763824308}. 
8. Score 4880.0; {5.970313847357554, -6.907071099972045, -6.167237837919988, -4.560427297880242, -5.057398238998143, 2.1774844681369476, -3.4134401442314757, -2.628105978185423, 0.05326305234061479, -2.2065365313518686, -32.132298173788826, -16.39051159332434, -13.456682088364744, -15.779187313720065, -2.6110979156622385}. 
9. Score 1694.0; {25.17755210146646, -39.30423267674423, -15.192905195363675, -26.53635901841644, -23.61987329893155, 11.646560363072535, -12.540799426181945, -6.507884103603624, 24.076111309155483, 8.383789779161749, -76.10075528855451, -39.61021599857625, -52.386303919097585, -63.2071128055539, -27.199106192814}. 
10. Score 2127.0; {40.58611640508676, -20.84130148258344, -2.2065787143322027, -30.707349699025684, -3.766870556527264, 4.613528610685951, -12.673339399644398, 3.9563011698347195, -11.084126740922853, 19.785876463719035, -96.39179370274195, -47.959280771325595, -47.762776498139196, -34.03410895312271, -4.637140601219201}. 
11. Score 3476.0; {41.37544755720626, -42.36997809964342, -2.916432624094078, -36.55280504425778, -24.439125783439593, 4.083523331168536, -15.898971485013142, -5.124184556707673, 12.451934834020015, 15.754198613480781, -77.73366880837327, -71.30662376322117, -88.4051730956771, -59.755811175935726, -16.525750498915745}. 
12. Score 2380.0; {32.086842323364415, -19.8672824278736, -5.094748701127369, -11.170671622530511, -22.399729924213105, -5.429230647801285, -20.013139435285503, -5.42578768169558, -5.208834079620724, 14.96643408653861, -74.25391907012246, -35.93258809084945, -55.43158198616028, -34.69239648662051, -10.335115324476442}. 
13. Score 4377.0; {32.92286383063054, -25.389234774024295, -1.0388793257522586, -23.18885368128862, -7.095199705687367, -11.733100646468134, -9.430538443820257, -4.972597954503575, 1.829707527693642, 12.850204834368895, -92.48608336940029, -50.15542944296668, -57.29480267849589, -34.74799748911158, -10.728766610482795}. 
14. Score 5031.0; {58.25722455300064, -28.216753432709787, -22.22112563548106, -18.073922775264087, -21.492482172993366, 6.175994895699598, -24.630335777241207, 20.875640276553394, -2.914807568842478, 18.07343737535473, -125.25428880979035, -31.033410514544602, -58.21509206791276, -57.709387339263344, -31.238736751403177}. 
15. Score 4647.0; {58.25722455300064, -28.216753432709787, -22.22112563548106, -18.073922775264087, -21.492482172993366, 6.175994895699598, -24.630335777241207, 20.875640276553394, -2.914807568842478, 18.07343737535473, -125.25428880979035, -31.033410514544602, -58.21509206791276, -57.709387339263344, -31.238736751403177}. 
16. Score 3386.0; {58.25722455300064, -28.216753432709787, -22.22112563548106, -18.073922775264087, -21.492482172993366, 6.175994895699598, -24.630335777241207, 20.875640276553394, -2.914807568842478, 18.07343737535473, -125.25428880979035, -31.033410514544602, -58.21509206791276, -57.709387339263344, -31.238736751403177}. 
17. Score 3952.0; {32.06753807092277, -29.961631043944347, -21.06042676259473, -3.5381252369400418, -31.069898585356, 19.476354979504904, -15.264896306257128, 10.52191044306149, 9.648893279769215, 32.16249720358288, -115.66681733520491, -17.66684483234454, -71.87365171477751, -56.7786266449263, -34.70968173950389}. 
18. Score 6589.0; {33.35698213388255, -15.872973580009825, -17.92047895418892, -2.104356936272863, -21.77485116868468, -19.578647465865753, -7.025842196523323, -16.345346328174625, -8.098616766187524, 3.6943360334833364, -119.97797739152051, -37.47270445394029, -67.90561432709985, -45.85613250907442, -22.10200049829485}. 
19. Score 6469.0; {41.08193564964734, -37.24714545238914, -23.7773251944076, -2.3356942611118914, -6.835139508213189, -0.9883579872521775, -24.808520507707012, -5.777192524956781, -6.380095085053238, 6.251963243050444, -116.90252983428837, -56.815393075605456, -62.36347363503506, -44.571655903952404, -16.794481642465996}. 
20. Score 8006.0; {29.27847191642283, -21.695049432087675, -22.90345560159544, -15.015994891935339, -15.61513377697927, 0.02771485236623228, -12.401539924013056, 4.727831924778619, -18.58409930644644, 11.408244501406328, -112.17657409079386, -30.54343199048388, -66.79935036881439, -39.56224937175764, -31.710281753683034}. 
Average performance now of best params: 18315.28
21. Score 4979.0; {65.84933564473046, -72.99124302627669, -18.86521243215183, -8.712803591075382, -30.791279122113416, -6.571759697704779, -33.48489915056753, 1.4847126478885775, -13.450327430671553, 4.610040998140572, -136.68613646267752, -49.84097386404007, -73.61914219060512, -61.76650070330814, -18.45252978149177}. 
22. Score 8970.0; {44.68353628673851, -41.746296754184264, -3.3144076062017795, -8.12714061003813, -11.895971851853691, -10.732989347012595, -21.941779401701705, -16.087541713605912, -13.89503506632453, -3.082427824838571, -149.39229887954454, -48.56237666807273, -65.5934519251941, -31.76824879334216, -19.596682176746278}. 
23. Score 6943.0; {33.498760086451114, -41.95669673700411, -38.236602449782005, 10.593317603976267, -13.040143143315102, -26.00685942014283, -31.595137877353388, -36.261209729702394, -10.849149430998652, -8.285727677845246, -147.8977679464473, -52.944430399233525, -58.172515157200074, -14.474229492684614, -28.7057839295443}. 
24. Score 9116.0; {53.92979245399657, -33.107782764443066, -14.33192669979888, 17.633518687993917, -6.659949743300446, -37.00601847832044, -18.818601193862776, -9.3943227619888, -17.22353591486882, -5.078876362383922, -150.8524195630502, -59.629908751026896, -65.87011796441489, -45.56189837512367, -37.703665199000795}. 
25. Score 6718.0; {49.52720234214694, -37.0038661665781, -18.33872940729757, -12.4490822497193, -24.397635287315207, -15.088346484122898, -23.718036837312997, -20.19781807713516, 8.641065469182223, -2.785644793441254, -161.2997893877629, -57.117713870599275, -59.92145563971227, -59.031890567486386, -21.738796092225748}. 
26. Score 13799.0; {46.241820183998826, -18.64801156007227, -6.168369895939556, -23.458422595734515, -19.451671889647496, -1.5500717000718325, -5.841877182610576, -14.642091430392519, 0.3856046354246949, 7.727124103359731, -121.8871353847321, -52.094092777672245, -90.08449306230597, -60.82154160738298, -26.713251650024013}. 
27. Score 20326.0; {47.97840531592005, -44.07743621783416, -17.897578537327874, -19.13625822315862, -24.72891572495584, -39.356364558081054, -3.3290053585024584, -6.008841705413911, 2.3744151464080447, 2.615904735466487, -170.73466200528125, -39.61348801014473, -79.45702508397942, -35.39111539641827, -31.854859001342433}. 
28. Score 14535.0; {47.95921170418618, -50.17051247137164, -6.810064281652048, -0.23032623041333355, -16.96832042812666, -2.724244986068781, -10.379585792754703, 11.854931918799831, 3.426027809504344, 16.54616312613882, -136.19994004127784, -53.69137667606296, -72.39525421408447, -74.9191261843292, -45.20763085670052}. 
29. Score 6655.0; {45.152048690901516, -34.977019187165666, 9.706225149998485, 0.10741068345400873, -17.335043113327618, -23.162961039904957, 0.04985289741437171, 15.07214937193218, -8.269635771386506, 9.287397913526126, -155.37727871224035, -48.13365292019358, -93.92560881798715, -75.38011278313058, -42.17120507419997}. 
30. Score 11430.0; {41.37161644405628, -29.553085177629747, -12.763405795961244, 0.5187325886577563, -19.793571162470517, -25.716043367620177, -14.693443609862648, -19.54694621710622, -8.978831530226264, -12.896582156362285, -144.70550127666655, -47.534800143704445, -81.16679077713471, -43.01068871069007, -20.8759099534303}. 
31. Score 35909.0; {54.58848103565158, -44.35448542859916, 12.433187098636242, -23.15257758059588, -24.166026775779066, -29.43183960026246, -9.946409484289289, -12.060217694275195, 3.364670824629627, 16.825296919941643, -169.37190805536878, -62.53349252260318, -77.03091022182004, -42.75943042171567, -47.7292039175624}. 
32. Score 12042.0; {41.37161644405628, -29.553085177629747, -12.763405795961244, 0.5187325886577563, -19.793571162470517, -25.716043367620177, -14.693443609862648, -19.54694621710622, -8.978831530226264, -12.896582156362285, -144.70550127666655, -47.534800143704445, -81.16679077713471, -43.01068871069007, -20.8759099534303}. 
33. Score 13280.0; {58.830627227580905, -48.8864602275267, -27.730647269988346, 5.246795295871683, -4.499958693470957, -15.313365493157683, -5.805479697632859, -16.19296786781041, -9.927555843799404, -4.456187803697139, -134.5141796772764, -41.52436850426114, -85.33204266227699, -40.6676778213615, -23.260988573620985}. 
34. Score 20883.0; {56.979134983071106, -53.17115671126918, -7.824547878244585, -23.408530409067502, -25.457996083688688, -24.893654859629798, -16.441338895274356, -16.255480387105266, -7.9300256666181195, -1.0044382257399427, -167.5019114437343, -54.534486672506766, -84.01644993932383, -42.11819282089556, -34.277669715411584}. 
35. Score 11614.0; {68.77944378916885, -61.303986060662524, -1.9704338650659956, -18.070957680970487, -19.149616912245957, -28.669531317456695, -15.404486444591695, -39.61947385036754, -4.427449159649438, 8.235879202222131, -172.30897384830868, -56.35613403810717, -94.08914514553632, -43.42436301923067, -59.034669772459196}. 
36. Score 10431.0; {59.96564811979121, -26.53615561352005, -10.396558878995485, -8.675408011580032, -13.38042748096705, -43.8499656829256, -2.3808011348614304, -12.029398145779767, -15.233516267242974, -5.887638165001455, -161.1541613072616, -70.08274854993277, -90.670570269872, -44.753736848715675, -20.351020915317314}. 
37. Score 14771.0; {45.63278043532153, -38.97949246093575, 9.515734813964192, -9.434624836454399, -21.23284861554702, -33.5102129751267, 11.155018543993291, 10.264703473843202, 16.24568470771432, 2.137393000131495, -165.19975218407222, -56.25934770322684, -48.79679799296653, -51.08376604359828, -33.6128938640143}. 
38. Score 15224.0; {35.36623846669958, -36.817597307862385, 1.8081122240815724, -11.17744026570319, -2.747745270299596, -0.7712412687255785, 6.227791353319995, -3.1156930271850953, 12.798176293313691, -0.833280990822229, -135.55385204896524, -54.076076760913764, -50.76214825996427, -47.03850789618229, -33.273271117449866}. 
39. Score 14657.0; {58.002867932694855, -30.74251059640816, -12.679949250180481, -4.5625519633058165, -16.57231206560895, -37.54109190879907, -6.553160973911682, -27.699067977111703, 7.165367757880413, 1.6096742511106013, -162.68356851329415, -63.10851357637975, -103.80896709744732, -50.96816277293058, -38.145065205489736}. 
40. Score 14548.0; {51.11758522628368, -36.865804647717596, -8.273338111636749, -21.902467648678503, -4.820614374278527, -11.51999985206181, 14.02772805443572, 5.8359372897638035, -1.411543512043501, -17.130207749832152, -156.9936096047109, -49.525967840054996, -73.30521220796408, -54.840309962638166, -45.34899135190034}. 
Average performance now of best params: 131558.6
41. Score 13787.0; {53.677257105312016, -35.842426274507645, -13.944359581429953, -5.645893010260642, -15.706949312355556, -36.47916823768813, -6.62960482415594, -7.461165057238971, -3.4108779464490095, -11.954075431769397, -162.5581812375926, -50.07849721142381, -70.53858299485628, -45.05409665803411, -27.41449961804848}. 
42. Score 17081.0; {68.3516278715313, -43.529314878298315, -5.741373409399763, -8.270876035255904, -13.723772639937533, -19.389810120556643, -2.161401300718608, -21.383780180326298, -20.50152017018315, -20.744254404966075, -154.56650029040728, -62.841667151301664, -106.89591756728176, -44.390980468522606, -40.23665126895328}. 
43. Score 16500.0; {68.3516278715313, -43.529314878298315, -5.741373409399763, -8.270876035255904, -13.723772639937533, -19.389810120556643, -2.161401300718608, -21.383780180326298, -20.50152017018315, -20.744254404966075, -154.56650029040728, -62.841667151301664, -106.89591756728176, -44.390980468522606, -40.23665126895328}. 
44. Score 17122.0; {59.96229404307825, -51.80635316987903, -31.785519361179176, -13.81835078720107, 10.332036561594771, -38.15469501728454, -7.2519142536198915, -23.813845073871768, -2.938648248987179, -14.852483323476173, -169.43433610810027, -77.74704910298479, -97.34691006887564, -38.10786459129171, -34.53399523941451}. 
45. Score 17158.0; {44.54946843481441, -22.156745470741974, -8.703118650089166, -8.026712703281802, 0.8360399409630244, -42.059630647331126, 15.908705160819574, -12.031202347879844, -19.44152044128707, -18.71953023635659, -176.00537834009586, -47.70323936705963, -66.14314740200915, -49.33584975703043, -33.49074245443254}. 
46. Score 23300.0; {53.677257105312016, -35.842426274507645, -13.944359581429953, -5.645893010260642, -15.706949312355556, -36.47916823768813, -6.62960482415594, -7.461165057238971, -3.4108779464490095, -11.954075431769397, -162.5581812375926, -50.07849721142381, -70.53858299485628, -45.05409665803411, -27.41449961804848}. 
47. Score 15212.0; {45.335271386596276, -30.432400290278427, -23.683718464653744, 12.257037806221547, -14.440356672749557, -30.29021906047266, -0.5019471969823122, -6.330150257124725, 13.175822592947979, 6.81394756004027, -162.11162628161946, -47.413780095136076, -46.35284256973365, -54.41747997177086, -23.062600948985967}. 
48. Score 15705.0; {56.69331380308906, -36.78635576339092, -0.8739788485198297, 14.67858501400756, -5.08665201414914, 8.321295479999502, 19.677784715768613, 29.571608027981554, 24.341685750480075, 39.386257911352, -162.31470004701936, -48.745064423364624, -44.43544485152343, -74.09371622518216, -39.17622970887101}. 
49. Score 12882.0; {58.531876156702516, -26.42204721067101, -3.393568757420086, 6.19627408032255, 7.139365089203017, -25.536758102194195, -4.301676797529815, -13.804674701040954, -15.465559210921274, -42.030119378953465, -155.6049511839406, -48.07314059960829, -84.8041106053551, -53.345615403586685, -28.475868991239075}. 
50. Score 12408.0; {47.61491638358113, -47.982706689242534, -2.0717862376345373, 6.6561405618278675, -10.942441862032425, -22.558233296098354, -0.6774259923302894, -17.724435942541234, -7.250586930095488, -13.708250596581228, -196.82380286003456, -46.14726102625811, -82.08880303646059, -53.67991709765735, -9.83689356732987}. 
51. Score 14343.0; {58.531876156702516, -26.42204721067101, -3.393568757420086, 6.19627408032255, 7.139365089203017, -25.536758102194195, -4.301676797529815, -13.804674701040954, -15.465559210921274, -42.030119378953465, -155.6049511839406, -48.07314059960829, -84.8041106053551, -53.345615403586685, -28.475868991239075}. 
52. Score 22570.0; {49.383293787024726, -30.451736702062735, -22.005809868797677, -6.552589330296321, -3.8051212146793874, -7.6878870100310515, -8.750484710970074, -18.235107803302412, -5.348892556729046, -16.255090048123936, -175.52480586379144, -33.49018491081921, -95.6241772263951, -52.30501695583734, -54.86654788250113}. 
53. Score 20281.0; {45.97864875075024, -53.829896351677306, -12.193901179951338, -9.651598123954777, -11.942504495008253, -6.877679940944997, -0.025545591332379658, -5.964710093942689, -12.717873077470056, -15.803563886213848, -175.9813528283075, -33.183142647987275, -75.21955446780655, -57.68763636032977, -22.586323610618294}. 
54. Score 29047.0; {45.97864875075024, -53.829896351677306, -12.193901179951338, -9.651598123954777, -11.942504495008253, -6.877679940944997, -0.025545591332379658, -5.964710093942689, -12.717873077470056, -15.803563886213848, -175.9813528283075, -33.183142647987275, -75.21955446780655, -57.68763636032977, -22.586323610618294}. 
55. Score 12910.0; {50.78621165090243, -42.4375068703308, 0.8654544872363878, -1.560745342045215, -21.148786183790094, -12.603705510499694, -22.928857022300303, -16.54518889607921, -8.454810709132573, -28.636988384663564, -176.77954367096905, -30.027998554750077, -98.35310219307232, -73.74054446780958, -40.56756763987066}. 
56. Score 15624.0; {62.53103978742229, -51.587390402087976, -4.714419460896128, -13.573945546768337, -2.323804779253569, -31.300762790830866, 9.14692269987226, -26.229988178054782, -0.3539020138988871, 9.616529951257753, -181.93226843357849, -40.674012013345745, -121.56079692053852, -46.213374445657955, -51.39743876221844}. 
57. Score 31949.0; {50.923077513149, -34.7741006143899, 1.6569865443114775, -12.010517427529205, -8.863482928173383, -23.686655797075094, 9.922032175564258, -18.332233784906492, -15.204748073287043, -4.968410484617879, -166.52727253263456, -47.65030423084499, -88.33121068827359, -43.92088809146725, -31.14788346241989}. 
58. Score 29751.0; {49.112666073036195, -54.00135606530071, -6.563486904155536, 6.669181674297917, -6.20562163632928, -38.42148574533658, 1.3462049762674884, -42.1946527943022, -6.494695411712904, -37.56715393336331, -218.6544794235999, -71.95455510028559, -111.14944538722075, -55.951361722167256, -47.16399102474521}. 
59. Score 15732.0; {62.95367255399906, -32.478086193180545, -0.1293483981134802, -4.801353412060188, -18.91185807645312, -38.640999506766136, 14.641496543287145, -12.31347072770648, -11.049388467138959, 0.7328981715459406, -211.9250957875185, -53.6879910502858, -73.0121806292177, -49.349627974335576, -53.36007175099503}. 
60. Score 21226.0; {52.170636571182655, -23.602522893128196, -22.948961345889106, -9.565508145019724, 5.899550237950326, -15.353587758565997, 11.082348528864896, -18.387105730192754, -25.450615026291885, -18.14656604724743, -181.44027250507077, -67.73433512030155, -75.97623553684369, -40.42866272495017, -51.46681119991458}. 
Average performance now of best params: 41434.96
61. Score 18505.0; {63.784399547526775, -38.3020429020543, -3.2122244468099197, -18.264770375213544, -9.251625313930575, -14.83392847181039, 16.358113382035402, -26.255008978191146, -5.645633104891148, -16.826309111286005, -205.9212119259608, -49.6916475545006, -99.02720141502286, -69.31869869291891, -23.92228534487598}. 
62. Score 21096.0; {75.59632125434045, -60.785180713442344, -15.845947174045126, -15.49229869930601, -18.63517838697065, -46.205697368424474, -12.592128974963599, -47.65394537416526, -21.3517579748099, -19.8031747937324, -211.16265402699563, -75.82389869926237, -164.78300846645584, -62.87242073032688, -41.251641225623345}. 
63. Score 19842.0; {44.74500620503242, -34.053506187779675, 1.408849134012705, -3.9486753421817244, -9.97561028745542, -32.890610211638, -15.850908272363931, -34.11089353630703, -42.24175327081532, -28.0003970709865, -145.7696157006194, -47.10282580186056, -117.88134577796282, -32.49590001809244, -14.75184015116282}. 
64. Score 16404.0; {67.58855814537065, -46.404608312284324, -1.7333817177960045, 7.637013008432234, -8.473918345585819, -58.25594963448344, -2.807556901624289, -35.207483152022874, -39.66111044011838, -21.72951481702058, -208.8825479404064, -64.39986705150412, -95.6075054088389, -43.77984579610413, -32.08384555430367}. 
65. Score 27409.0; {65.3784563255798, -58.503288849761006, -24.94767956095542, -19.45833058522422, -14.421580279368882, -16.262672550677344, 5.134579434760646, -52.49471304224748, -16.319731986442044, -28.484121405346503, -198.40938151547044, -53.83134884294167, -134.7134086285363, -74.9560980431293, -25.701813722801656}. 
66. Score 19650.0; {56.21749913586612, -50.82136108883478, -33.44260792812313, -17.688062633868437, -6.407865476578021, -38.034790816401554, -32.500325062379346, -19.546481774820307, -36.43059207219014, -43.54056963977182, -147.79432424700474, -40.589214434485726, -88.69104856106063, -28.123709281054143, -19.946709070034643}. 
67. Score 16009.0; {80.86750587514493, -59.96855753294998, -21.927881940135627, 6.759395388172832, -30.926056148806442, -25.617837075009618, -15.453175748627116, -38.13804100597886, -7.449776968801995, -45.51372200253411, -182.6219037791724, -65.59662493280617, -119.23600302130647, -64.61613393981509, -20.418989992357805}. 
68. Score 23429.0; {82.76737725387024, -58.66143369585377, -10.12513122442285, -2.655142919808693, -10.77564034304328, -55.32288492733775, -11.73880484287768, -56.541817749235754, -17.945829307183715, -35.94099280952052, -263.4032031494355, -87.08638589525007, -126.661572765093, -49.892725260900136, -50.373495816550616}. 
69. Score 29225.0; {73.95905058464282, -56.37772232656922, 4.28150892609964, -6.467121575504333, -11.95588749707446, -48.27922341656347, -8.034639011688032, -9.296166234001124, -10.681191587486923, -4.92000355751312, -203.57807048030577, -66.93793811747878, -102.39185745771508, -44.03085300398217, -50.39943459575785}. 
70. Score 25189.0; {71.67086913106283, -48.395706446060665, -6.812194478152884, -0.12033060352177749, -27.896818278522268, -46.75672018677533, 3.5145692048809813, -48.590566828837915, -36.23139957180973, -40.37320828298119, -229.12772693561746, -57.24830775891617, -132.69591760268187, -71.17750196594346, -52.27101781823261}. 
71. Score 13862.0; {64.6567979442027, -47.543407198283745, -18.261078551351087, -8.790904162228033, 0.44265547260287086, -38.520290958589655, -22.138056820630077, -35.12391024874743, -27.73399055759422, -49.01055651460149, -172.09696248388258, -69.06650114658807, -91.92569327294812, -39.882826581439446, -28.454933708411538}. 
72. Score 17244.0; {73.11150867038857, -45.92312267306595, -16.065656200570753, -3.509391794767362, -10.602380257221823, -52.86603451434878, -6.486264167081146, -38.210607801602066, -27.86025798673596, -27.794704351166377, -266.86031945993733, -71.36793581658048, -103.6314055072587, -73.76125345812625, -32.10691815811988}. 
73. Score 29712.0; {88.63798809913528, -55.521189107597976, -4.726293480712563, -10.077905972646771, -16.8421230361259, -30.117308630416495, -13.694689596001488, -26.217786649291163, -34.84430973401756, -40.97283470546134, -252.28673847029017, -81.36789635739609, -117.81757587079875, -58.980262909636664, -54.50289397382836}. 
74. Score 28773.0; {67.48083435646389, -62.569667615990326, -22.231886323237187, -16.14753366725519, -16.16366494605624, -45.90674189461101, -30.669888737173274, -47.031795480958536, -9.336865227557245, -51.448648882336094, -281.69627679134, -50.80482170541776, -91.10171197149067, -54.799637869357035, -40.94579137639907}. 
75. Score 19257.0; {82.68600523816116, -79.8680572283848, -8.054229083468135, 0.8227704031901304, -27.66383692186293, -50.47974151452045, -7.40850236824254, -41.16911112760195, -26.27405695220387, -18.82882597252534, -308.6200843774987, -103.28298280742567, -114.88763797713683, -54.94128519775966, -45.81812586680549}. 
76. Score 49777.0; {72.17483118367421, -64.4014695136391, -18.974570128249738, -6.253793496897048, -7.620612114553904, -51.848156127086426, -19.39096968087797, -46.74254757960589, -20.44918920266259, -48.98305242390056, -292.7886219759274, -54.93248899552601, -102.66726315913601, -46.85565609240241, -37.5255274342926}. 
77. Score 23094.0; {52.60090742585042, -56.97495237996414, -7.567433225488297, -19.240959960004133, -38.936071029234384, -53.759078218272954, -19.68030060219526, -70.08032317902284, -20.88933916170576, -35.81932136206756, -278.21606268985465, -41.92636309822267, -134.20772163339677, -49.600444764964465, -41.36136438184242}. 
78. Score 22919.0; {70.51393780501806, -74.28766716439989, -12.049779584356335, -11.00852242344306, -24.231529130995224, -57.73912777032504, -24.167041583044913, -53.377994309765235, -23.628580243352427, -48.01706208225197, -310.5451049063313, -45.55833936440774, -120.63554587208881, -47.11385366709709, -47.0452990085217}. 
79. Score 20969.0; {79.19074261933471, -54.23936511723028, -15.26386090777832, -19.831141973277134, -21.570898414614735, -33.148529246978754, -0.1738031273952494, -26.375522209708752, -19.758373018097917, -26.070967927019588, -264.3041070129443, -65.5804842214613, -112.4101911612442, -62.35105692812118, -40.84997934747702}. 
80. Score 26050.0; {81.56811900350411, -72.9646854374317, -8.55709382642902, -12.683740691025744, -17.265146502160157, -57.168633029620565, -9.708158729972563, -44.08892797447681, -10.935777215276898, -24.108819980208118, -229.6491854504594, -55.58568141678714, -134.82831350984765, -62.4836262845995, -47.27166153854643}. 
