
nSamples 100, nElitists 10, initialNoise 50.0, noiseStep -0.1, height 14, nFeatures = 15: 
1. Score 20.01; {-4.744783812249498, -5.3143072695949165, -5.319540370336618, -5.993725994930186, 0.6993762983719677, -6.80018718501699, 22.788596750023487, -2.770057576702813, 18.661362362419208, 2.506178931668643, -8.51706654961837, -23.946565056980763, -26.11042585875944, -19.751033211264406, -3.4339509772241095}. 
2. Score 104.88; {2.197562822147943, -23.525703803127403, -11.086748760212663, -3.808218044959507, -4.046907322452864, 1.6822078233080662, -1.230232682926505, -3.4098548768371995, 6.728356257411134, 6.367873168918948, -12.282776723948103, -13.815495903807953, -7.126053851670491, -12.292932641690289, -1.0567781671530212}. 
3. Score 131.27; {7.2766982561777285, -20.190991699880172, -4.3152354852281505, -9.433140776882297, -9.942086384094017, 4.661270498551222, 8.510951521905914, -8.97095972221637, -1.2808112634471476, -6.810713983545725, -3.9185457167586994, -33.05605091966291, -23.85725841023853, -19.433563782966992, -5.04645567738282}. 
4. Score 171.34; {-13.051742839981758, -25.91223616552982, -20.84136769348841, -14.479537808515401, -12.436911610943405, 4.435431753729601, 2.2834404496760876, -10.248637298883162, 4.381302372699334, 8.240712959332633, -2.6400494967202572, -23.18629467447224, -44.416923372556695, -22.604079844413953, 3.9678495171194013}. 
5. Score 341.71; {2.4101246848303353, -14.648904600166457, -12.65840533451224, -10.230044916879915, -12.13087988418093, 3.689275022315471, 3.8149600197123035, 3.747295216873721, 2.006627169356052, 10.405687886231869, -10.685422754569256, -26.165829872389352, -22.636039237890603, -21.897568163257795, -11.204594644232902}. 
6. Score 352.62; {2.4101246848303353, -14.648904600166457, -12.65840533451224, -10.230044916879915, -12.13087988418093, 3.689275022315471, 3.8149600197123035, 3.747295216873721, 2.006627169356052, 10.405687886231869, -10.685422754569256, -26.165829872389352, -22.636039237890603, -21.897568163257795, -11.204594644232902}. 
7. Score 1021.11; {3.529980959633601, -8.953182608166209, -9.108208665860833, 5.002268466166453, -11.728122999390036, -9.58738365235251, -3.9385490837548587, -9.055305155261022, -0.16179564197326357, -4.806351064390269, -33.82083914096965, -12.869569489496048, -40.74621938025695, -18.41535237812796, -4.803633643658778}. 
8. Score 1046.34; {11.579679839330442, -9.499770366944665, -10.56924942721237, -4.48097734703659, -10.514625597342256, -11.231261155869865, 5.558001852813924, -9.836837030109338, -10.001390334531987, 4.3652138525612285, -43.48257775029853, -4.324326272767188, -61.32000994238991, -27.74807248724088, -6.347044651213806}. 
9. Score 1247.1; {5.600262857630557, -5.979364817427138, -12.368822283644807, -5.142000198538524, -9.548693531025965, -12.43836011224451, 4.779710454019179, -7.384953600055821, -8.53975356994783, 3.9023083159224, -43.991479500709886, -20.12681828716168, -48.2084360116225, -20.938866883153135, -13.946641652367521}. 
10. Score 1920.79; {5.198027346207784, -17.436963116910132, -8.175969577492637, -11.371033466654792, -2.9814949797825747, -8.498964020010474, 5.535223661631732, -4.721470426009299, -6.857812262680227, -20.55032806105439, -41.43982080290285, -11.835704688435401, -58.00840614189231, -27.770281679288736, -8.525202328238692}. 
11. Score 1629.06; {5.198027346207784, -17.436963116910132, -8.175969577492637, -11.371033466654792, -2.9814949797825747, -8.498964020010474, 5.535223661631732, -4.721470426009299, -6.857812262680227, -20.55032806105439, -41.43982080290285, -11.835704688435401, -58.00840614189231, -27.770281679288736, -8.525202328238692}. 
12. Score 2067.81; {19.041922949473275, -17.48074289930874, -2.7031548782896433, -6.082368495256951, -7.97235452595682, 3.2143315889981015, -3.394421298244348, -13.268554132278702, -9.727449497211515, -14.383695361180093, -42.67724517447609, -18.881427003049417, -54.8383459220585, -25.437145107651194, -4.230258100353435}. 
13. Score 2351.86; {20.879107959065703, -18.550204850984148, -8.564547216609371, -13.118410066170537, -1.8430630155829242, -13.186158440537845, -5.016257612092905, -19.236627839124154, -9.925582459199752, -25.310113658386378, -53.77432356659521, -15.417190368714031, -55.113149061395696, -12.275385590407264, -15.921060684257254}. 
14. Score 2155.65; {17.358741407081755, -11.96937168073792, -8.386528316471571, -10.476330338544361, -0.8638109175951874, -4.16290129358319, -0.10332466007568786, -0.8517586943346513, -7.540213955905696, -4.379908774495848, -39.616328173221675, -22.553918891453, -51.78996792927356, -29.082186926110133, -12.664403069724148}. 
15. Score 2553.06; {18.23487598877303, -14.75290341480911, -14.247299277093806, -7.2385531345467875, 0.5933355395011388, -5.611194624272752, -10.300188435172624, -20.85716061016252, -19.8440221690352, -11.815710501009622, -71.79604687961253, -13.407004953856875, -65.24037243068717, -32.36277070748381, -0.7445976165271393}. 
16. Score 3222.23; {23.508851098700998, -20.54529502488815, -5.7186443698612095, 0.5024666027196076, -2.2428618002628538, -9.965276903946785, -4.703379676135736, -9.166911108707147, -21.80224171303816, -11.910840962828086, -71.09169667775811, -17.034630067100817, -58.35833594874351, -28.268099071579712, -5.46570060708202}. 
17. Score 3426.13; {25.434796020395144, -14.749056888519394, -10.045775557077988, -21.144021844016855, 3.383804997012933, -11.693927027949924, -11.309676260393694, -12.910259963615479, -21.3618830109883, -10.33099644764116, -79.73667347130043, -20.551283044922577, -71.25851251130962, -31.602395896028426, -6.997785634957299}. 
18. Score 3767.04; {26.361607320940696, -22.631600585413278, -2.2203239843107108, -4.36221651064479, -0.02265399364074394, -15.314144168210738, 1.1345103893692592, -9.229736304881468, -9.294199898869113, -3.948113915511418, -70.82707216402825, -9.860013050156011, -55.39332067102573, -32.01151935413446, -4.478009532745684}. 
19. Score 3706.61; {26.361607320940696, -22.631600585413278, -2.2203239843107108, -4.36221651064479, -0.02265399364074394, -15.314144168210738, 1.1345103893692592, -9.229736304881468, -9.294199898869113, -3.948113915511418, -70.82707216402825, -9.860013050156011, -55.39332067102573, -32.01151935413446, -4.478009532745684}. 
20. Score 5934.75; {29.17901420008848, -22.723200302094583, -3.1564200231745048, -8.277944868831314, -5.928853922955876, -20.689007871476097, -7.1713215000560275, -16.715173168350148, -16.0080373753755, -17.27905439642857, -84.05149262128019, -17.757729823262192, -60.85089964804638, -20.256450311920815, -13.132117919198754}. 
Average performance now of best params: 179794.05
21. Score 6088.61; {29.17901420008848, -22.723200302094583, -3.1564200231745048, -8.277944868831314, -5.928853922955876, -20.689007871476097, -7.1713215000560275, -16.715173168350148, -16.0080373753755, -17.27905439642857, -84.05149262128019, -17.757729823262192, -60.85089964804638, -20.256450311920815, -13.132117919198754}. 
22. Score 6685.01; {29.17901420008848, -22.723200302094583, -3.1564200231745048, -8.277944868831314, -5.928853922955876, -20.689007871476097, -7.1713215000560275, -16.715173168350148, -16.0080373753755, -17.27905439642857, -84.05149262128019, -17.757729823262192, -60.85089964804638, -20.256450311920815, -13.132117919198754}. 
23. Score 5268.7; {29.17901420008848, -22.723200302094583, -3.1564200231745048, -8.277944868831314, -5.928853922955876, -20.689007871476097, -7.1713215000560275, -16.715173168350148, -16.0080373753755, -17.27905439642857, -84.05149262128019, -17.757729823262192, -60.85089964804638, -20.256450311920815, -13.132117919198754}. 
24. Score 6070.92; {29.17901420008848, -22.723200302094583, -3.1564200231745048, -8.277944868831314, -5.928853922955876, -20.689007871476097, -7.1713215000560275, -16.715173168350148, -16.0080373753755, -17.27905439642857, -84.05149262128019, -17.757729823262192, -60.85089964804638, -20.256450311920815, -13.132117919198754}. 
25. Score 6808.62; {29.17901420008848, -22.723200302094583, -3.1564200231745048, -8.277944868831314, -5.928853922955876, -20.689007871476097, -7.1713215000560275, -16.715173168350148, -16.0080373753755, -17.27905439642857, -84.05149262128019, -17.757729823262192, -60.85089964804638, -20.256450311920815, -13.132117919198754}. 
26. Score 6539.12; {29.17901420008848, -22.723200302094583, -3.1564200231745048, -8.277944868831314, -5.928853922955876, -20.689007871476097, -7.1713215000560275, -16.715173168350148, -16.0080373753755, -17.27905439642857, -84.05149262128019, -17.757729823262192, -60.85089964804638, -20.256450311920815, -13.132117919198754}. 
27. Score 8096.33; {31.108452929586225, -24.52226361881217, 2.0620022623359917, -4.890755928205481, -3.9371679555187122, -21.920445257352785, -10.33837954632825, -11.12824247470455, -12.492032063363451, -17.03001064550274, -91.07524417662435, -31.438030061659347, -50.716475186920135, -10.381379925366963, -22.999711269686358}. 
28. Score 9279.39; {40.02429947785919, -29.894213367067003, -0.07094900276193661, -6.680030028201187, -5.679605035701658, -27.841752650055316, -16.80775763577865, -24.734267022961273, -25.869186616764665, -17.481061267725703, -111.2825678992072, -22.185517215416336, -55.88532545334161, -18.24609145337463, -15.128935175468593}. 
29. Score 7726.82; {31.108452929586225, -24.52226361881217, 2.0620022623359917, -4.890755928205481, -3.9371679555187122, -21.920445257352785, -10.33837954632825, -11.12824247470455, -12.492032063363451, -17.03001064550274, -91.07524417662435, -31.438030061659347, -50.716475186920135, -10.381379925366963, -22.999711269686358}. 
30. Score 7266.24; {35.753615209637346, -36.87102543463311, -4.5565174196843286, -12.002088206931042, -8.9002041579899, -30.629093968746687, -9.574409778839357, -30.365502403028827, -22.66426144059632, -21.27658232908191, -134.57955613101618, -21.84455033096035, -56.160954383212946, -22.76249457546008, -25.067929577150487}. 
31. Score 9070.31; {31.108452929586225, -24.52226361881217, 2.0620022623359917, -4.890755928205481, -3.9371679555187122, -21.920445257352785, -10.33837954632825, -11.12824247470455, -12.492032063363451, -17.03001064550274, -91.07524417662435, -31.438030061659347, -50.716475186920135, -10.381379925366963, -22.999711269686358}. 
32. Score 8925.59; {40.02429947785919, -29.894213367067003, -0.07094900276193661, -6.680030028201187, -5.679605035701658, -27.841752650055316, -16.80775763577865, -24.734267022961273, -25.869186616764665, -17.481061267725703, -111.2825678992072, -22.185517215416336, -55.88532545334161, -18.24609145337463, -15.128935175468593}. 
33. Score 8851.23; {40.02429947785919, -29.894213367067003, -0.07094900276193661, -6.680030028201187, -5.679605035701658, -27.841752650055316, -16.80775763577865, -24.734267022961273, -25.869186616764665, -17.481061267725703, -111.2825678992072, -22.185517215416336, -55.88532545334161, -18.24609145337463, -15.128935175468593}. 
34. Score 8767.06; {31.108452929586225, -24.52226361881217, 2.0620022623359917, -4.890755928205481, -3.9371679555187122, -21.920445257352785, -10.33837954632825, -11.12824247470455, -12.492032063363451, -17.03001064550274, -91.07524417662435, -31.438030061659347, -50.716475186920135, -10.381379925366963, -22.999711269686358}. 
35. Score 8096.0; {40.02429947785919, -29.894213367067003, -0.07094900276193661, -6.680030028201187, -5.679605035701658, -27.841752650055316, -16.80775763577865, -24.734267022961273, -25.869186616764665, -17.481061267725703, -111.2825678992072, -22.185517215416336, -55.88532545334161, -18.24609145337463, -15.128935175468593}. 
36. Score 8440.11; {35.509572901206255, -27.684340237776745, -5.205466905779324, -8.60603713061219, 0.170596421013542, -34.97943197203759, -9.75485357848952, -27.34028252564011, -24.007841973619364, -30.584779432762467, -119.2592740118556, -35.74308525900218, -52.723767512428275, -16.22885587033886, -17.798300464246513}. 
37. Score 8060.87; {40.33019299320597, -37.734298692841946, 1.230809495481735, -1.1039860007238023, -14.410086184111007, -36.08538756916307, -14.747438348953889, -21.154710331339267, -22.69358711663245, -24.012602230136945, -131.3119164036655, -33.417532061533834, -47.10679897669763, -17.300208494392393, -22.26076701017014}. 
38. Score 9296.73; {40.33019299320597, -37.734298692841946, 1.230809495481735, -1.1039860007238023, -14.410086184111007, -36.08538756916307, -14.747438348953889, -21.154710331339267, -22.69358711663245, -24.012602230136945, -131.3119164036655, -33.417532061533834, -47.10679897669763, -17.300208494392393, -22.26076701017014}. 
39. Score 10215.62; {40.33019299320597, -37.734298692841946, 1.230809495481735, -1.1039860007238023, -14.410086184111007, -36.08538756916307, -14.747438348953889, -21.154710331339267, -22.69358711663245, -24.012602230136945, -131.3119164036655, -33.417532061533834, -47.10679897669763, -17.300208494392393, -22.26076701017014}. 
40. Score 9087.78; {30.85520433606604, -25.431861038207657, -6.553438782195316, -0.6937893411878813, -1.0506153426145195, -26.689499936898812, -13.358951811774842, -25.15777985413987, -20.96497188304597, -13.604163460053508, -111.13884307687742, -32.4902168680858, -40.47775215339134, -13.677622328666128, -16.195838798841116}. 
Average performance now of best params: 210982.11
41. Score 8620.55; {35.509572901206255, -27.684340237776745, -5.205466905779324, -8.60603713061219, 0.170596421013542, -34.97943197203759, -9.75485357848952, -27.34028252564011, -24.007841973619364, -30.584779432762467, -119.2592740118556, -35.74308525900218, -52.723767512428275, -16.22885587033886, -17.798300464246513}. 
42. Score 8030.03; {43.13372674892745, -35.00004537844741, 2.562895494742446, -5.003977762412203, -14.246362271640315, -40.80170043978631, -8.187027492835671, -25.259531261521087, -27.856291661315005, -21.6428811665228, -148.11086346636628, -27.045343768457517, -52.31287821924191, -17.1806580294476, -27.099089568752913}. 
43. Score 8393.64; {35.509572901206255, -27.684340237776745, -5.205466905779324, -8.60603713061219, 0.170596421013542, -34.97943197203759, -9.75485357848952, -27.34028252564011, -24.007841973619364, -30.584779432762467, -119.2592740118556, -35.74308525900218, -52.723767512428275, -16.22885587033886, -17.798300464246513}. 
44. Score 8423.35; {34.408936899191566, -19.650049745640047, -2.7203708172453274, -3.42517904207527, -7.967224035194029, -21.994970814079956, -14.827640218548044, -17.848582168267548, -18.430911571353597, -17.93458839274263, -101.25018633983285, -38.78945026986508, -49.883006830052736, -14.907543842772995, -13.992615854698144}. 
45. Score 9047.52; {59.733288985779595, -52.91044332089199, -0.5434101958163531, 0.812005999208032, -16.348846216142245, -68.87147505593718, -45.48671298323636, -32.99127010100669, -46.79185280812894, -51.753493844700714, -185.73903520062942, -37.19321674789467, -76.84583082733076, 1.2426686062669035, -33.98848732485015}. 
46. Score 8352.89; {36.06861130894534, -35.63611090440804, -6.307894402615118, -1.3709922221056798, -13.390560757306265, -43.36838363905523, -30.475123069683796, -31.227772521581727, -34.671599763212356, -41.44384883601421, -170.94736148341718, -17.35720576906636, -73.02404981487034, -18.85200035391091, -25.760222111245426}. 
47. Score 8857.03; {46.89537014801516, -38.41465719021079, 4.817079952296535, -6.22955051611981, -0.3205951725049774, -41.68573495626641, -24.687122945036442, -38.50936777028954, -39.06191908622844, -30.486420272078703, -177.92170014717834, -34.75515588844004, -61.45342883165983, -14.511335131493269, -34.57583392575686}. 
48. Score 11188.61; {45.630175014618956, -29.745087920463657, -3.958970078728985, -7.360496561832541, -6.791779420833889, -45.97546941821003, -35.28730609749335, -34.7679788935017, -38.203921410291294, -32.060701155990095, -191.41535851196136, -35.20244160235763, -58.38422423709939, -1.4823101544295714, -34.07353212677624}. 
49. Score 11385.93; {46.89537014801516, -38.41465719021079, 4.817079952296535, -6.22955051611981, -0.3205951725049774, -41.68573495626641, -24.687122945036442, -38.50936777028954, -39.06191908622844, -30.486420272078703, -177.92170014717834, -34.75515588844004, -61.45342883165983, -14.511335131493269, -34.57583392575686}. 
50. Score 9444.78; {43.10736609811171, -37.30319274858031, -1.7429246549406925, -10.117069893768514, -5.930587627274846, -48.126046536178215, -38.492046051830854, -45.7617679249248, -39.90075849550015, -40.42883480561681, -178.906216295712, -30.97075359834176, -47.906597883530715, -2.915958684258703, -25.384917743086895}. 
51. Score 10375.63; {43.10736609811171, -37.30319274858031, -1.7429246549406925, -10.117069893768514, -5.930587627274846, -48.126046536178215, -38.492046051830854, -45.7617679249248, -39.90075849550015, -40.42883480561681, -178.906216295712, -30.97075359834176, -47.906597883530715, -2.915958684258703, -25.384917743086895}. 
52. Score 11595.37; {39.25182533254435, -29.929797029666613, -2.8780365087853426, -5.569827248704282, -3.3678537863342064, -40.23116538605413, -27.168226582689854, -38.643792651219805, -30.203169529700943, -33.16940263390625, -170.19361889057572, -36.45981331617206, -59.89212328575777, -15.40000622072593, -12.930829079741724}. 
53. Score 11210.93; {43.10736609811171, -37.30319274858031, -1.7429246549406925, -10.117069893768514, -5.930587627274846, -48.126046536178215, -38.492046051830854, -45.7617679249248, -39.90075849550015, -40.42883480561681, -178.906216295712, -30.97075359834176, -47.906597883530715, -2.915958684258703, -25.384917743086895}. 
54. Score 10197.7; {43.10736609811171, -37.30319274858031, -1.7429246549406925, -10.117069893768514, -5.930587627274846, -48.126046536178215, -38.492046051830854, -45.7617679249248, -39.90075849550015, -40.42883480561681, -178.906216295712, -30.97075359834176, -47.906597883530715, -2.915958684258703, -25.384917743086895}. 
55. Score 11180.26; {47.57028496275241, -36.88453122314494, 5.5819800892340385, -7.512223585982938, -2.9369464360799946, -37.937270081702216, -23.729634762822723, -32.14867477698344, -34.781578868518714, -34.80690599368691, -191.27417549065137, -48.103906443167986, -32.90097206854011, -4.983156496743765, -35.52797707274411}. 
56. Score 12089.36; {50.40355029099058, -37.01635599172548, -1.1799618746269251, 0.6891440956939032, -7.128113978069635, -54.73556976063157, -26.8830904012346, -38.62015237744487, -37.347597809463885, -32.47083133908909, -180.56994136152517, -36.6140549729976, -59.530882576499515, -6.788976019342421, -33.377747398605266}. 
57. Score 10239.92; {47.57028496275241, -36.88453122314494, 5.5819800892340385, -7.512223585982938, -2.9369464360799946, -37.937270081702216, -23.729634762822723, -32.14867477698344, -34.781578868518714, -34.80690599368691, -191.27417549065137, -48.103906443167986, -32.90097206854011, -4.983156496743765, -35.52797707274411}. 
58. Score 11659.28; {58.019825314835145, -40.04502773548266, 3.666489422205482, -9.449120695158374, -10.234333877205504, -41.03814692855958, -25.49287395112413, -31.37554987270498, -32.25324933355009, -19.87520419757268, -192.02444410269825, -39.76933982758741, -42.7445929165117, -13.64059992390629, -34.4210534993753}. 
59. Score 12248.45; {47.40221635337358, -41.07162094665976, -0.8978370574697352, -13.343629838874971, 0.25173191306757214, -47.63990558435376, -18.334000758166376, -42.16814506391823, -30.67694758471537, -39.55681462036051, -178.03398477875595, -36.61442254405246, -49.31510723563287, -7.957208559492647, -32.13896336452865}. 
60. Score 12487.72; {52.500947889706325, -44.503913363209165, 1.3521198641026455, -11.990641544133705, -4.379958159527601, -48.9408151822279, -24.593869986101286, -27.438031554016213, -29.266519951682874, -35.21607253592464, -159.9258371862496, -31.9385335216463, -46.21233089985312, -5.027470502820445, -36.40811724727013}. 
Average performance now of best params: 413533.39
61. Score 10972.69; {47.40221635337358, -41.07162094665976, -0.8978370574697352, -13.343629838874971, 0.25173191306757214, -47.63990558435376, -18.334000758166376, -42.16814506391823, -30.67694758471537, -39.55681462036051, -178.03398477875595, -36.61442254405246, -49.31510723563287, -7.957208559492647, -32.13896336452865}. 
62. Score 11052.86; {47.40221635337358, -41.07162094665976, -0.8978370574697352, -13.343629838874971, 0.25173191306757214, -47.63990558435376, -18.334000758166376, -42.16814506391823, -30.67694758471537, -39.55681462036051, -178.03398477875595, -36.61442254405246, -49.31510723563287, -7.957208559492647, -32.13896336452865}. 
63. Score 11751.18; {48.279816019390665, -35.60119258855875, -1.128857469762225, -12.973547581274008, -5.713962336904451, -38.73055168506046, -33.631113834436505, -23.890191486643367, -29.824819529038187, -28.710388010836045, -190.9545965071879, -36.336582357013604, -46.81179434783417, -10.908575858285015, -32.51406262363946}. 
64. Score 10702.2; {49.66914064966768, -33.6375738911807, -0.7970885807255901, -1.9568695977852562, -2.5183050097434476, -35.08291368052841, -21.349457832886493, -27.954263912499595, -21.12807055515143, -31.255645049959778, -200.04621931889073, -35.89809465821523, -40.59583199270923, -25.870514585421823, -36.72540006582043}. 
65. Score 12427.34; {48.279816019390665, -35.60119258855875, -1.128857469762225, -12.973547581274008, -5.713962336904451, -38.73055168506046, -33.631113834436505, -23.890191486643367, -29.824819529038187, -28.710388010836045, -190.9545965071879, -36.336582357013604, -46.81179434783417, -10.908575858285015, -32.51406262363946}. 
66. Score 12623.27; {52.70442053175254, -44.19640169656223, 1.2517670706157757, -5.127897537771746, -12.011085372024638, -45.04916588052987, -25.933606571611836, -27.76349200721618, -29.652544358415014, -28.015791515687198, -192.30698861604571, -29.090223627541917, -38.47260436938839, -12.916941575802099, -22.627560135912347}. 
67. Score 11773.46; {49.774797429552365, -38.780421596307406, -6.760489251718861, 1.3295469064261667, -5.741614476273355, -40.24352111158032, -12.244761789120119, -32.39324423070407, -19.19279022825713, -29.492572324317887, -200.05180921853878, -39.45749843271837, -39.432756282892555, -18.823309280790653, -33.48926804768936}. 
68. Score 12593.89; {65.2528554681735, -36.91829011714847, -3.768877033607864, -9.356987811017401, -1.2555687137276417, -48.64816419915405, -33.09033397566819, -34.86222714768476, -29.483683067226163, -35.19052450456016, -210.65531429535284, -41.782920462991704, -59.32291515939773, -19.486233508355838, -29.003071307816306}. 
69. Score 13611.85; {52.70442053175254, -44.19640169656223, 1.2517670706157757, -5.127897537771746, -12.011085372024638, -45.04916588052987, -25.933606571611836, -27.76349200721618, -29.652544358415014, -28.015791515687198, -192.30698861604571, -29.090223627541917, -38.47260436938839, -12.916941575802099, -22.627560135912347}. 
70. Score 14067.99; {52.70442053175254, -44.19640169656223, 1.2517670706157757, -5.127897537771746, -12.011085372024638, -45.04916588052987, -25.933606571611836, -27.76349200721618, -29.652544358415014, -28.015791515687198, -192.30698861604571, -29.090223627541917, -38.47260436938839, -12.916941575802099, -22.627560135912347}. 
71. Score 13948.53; {47.282889042857754, -39.08735587227294, -8.105912690480418, -9.079002951107958, -1.15044539533055, -44.44139684950804, -25.789647357663338, -27.012461928178404, -23.17353900792341, -27.93104889674814, -215.0745682666519, -35.34417343517802, -44.41381270602026, -19.819969941963336, -38.06586105980068}. 
72. Score 12444.75; {58.326093290831615, -46.399409138222325, -3.935093004947081, -13.288961688024978, 2.8888137945995225, -42.967387854700554, -20.577468337394304, -31.886896825215043, -21.788246480540394, -20.61149148135513, -217.38588748491375, -39.39870927338773, -48.12342077890606, -20.8933891010092, -41.75823055217152}. 
73. Score 12128.85; {50.35726477770038, -40.667782510136696, -4.828802802136814, -10.80402326182333, -6.048951316470081, -45.44700815090066, -22.694628345908303, -25.777523883326555, -33.279847458903305, -20.261133330705746, -227.49783403235932, -34.88081071681706, -35.38646138661173, -19.98140308693626, -28.455533323776127}. 
74. Score 12090.0; {52.243401987991334, -38.73457963941387, 1.4997873149535206, -9.89414381617271, -2.682425391063197, -46.88016671096624, -19.912483424616894, -21.8417987074634, -28.06500374659213, -23.906073076294145, -221.1348581987475, -49.88400723328101, -33.99477961373013, -15.148743867210356, -35.24512049051561}. 
